axCG_mps2,ayCG_mps2,pitchAngle_rad,pitchRate_radps,rollAngle_rad,rollRate_radps,sideSlip_rad,vxCG_mps,vyCG_mps,yawAngle_rad,yawRate_radps
0.06427696340840397,4.186888818577797,0.010122909661567111,-0.010995574287564275,-0.024783675378319478,0.00017453292519943296,0.0,-0.005670502563793374,0.008372418338377392,-3.7201693006259133,0.005934119456780721
-0.04542751281078064,2.7499609453893568,0.010122909661567111,0.006981317007977318,-0.024783675378319478,0.0022689280275926286,0.0,-0.0030027533204189526,-0.013841252991668896,-3.7203438335511128,0.00017453292519943296
0.04057835210092922,-2.5587178735823537,0.010122909661567111,-0.01064650843716541,-0.024783675378319478,0.004363323129985824,0.0,-0.0031039806881635506,-0.013841252991668896,-3.7203438335511128,-0.004886921905584123
0.023829666222153146,-2.964773489351893,0.010297442586766544,-0.004537856055185257,-0.024783675378319478,0.008028514559173916,0.0,-0.005365065477825999,0.008372418338377392,-3.7201693006259133,-0.0024434609527920616
-0.0040642589365872984,-2.608021119493304,0.010122909661567111,-0.006457718232379019,-0.024783675378319478,-0.004363323129985824,0.0,-0.0030027533204189526,-0.013841252991668896,-3.7203438335511128,-0.00767944870877505
0.043578441697920176,2.9468753019332175,0.010122909661567111,-0.00890117918517108,-0.024783675378319478,0.009948376736367679,0.0,0.00010122736774459798,-0.0,-3.7203438335511128,0.011693705988362009
0.052604939865546346,-1.3665320958173282,0.010122909661567111,-0.011519173063162575,-0.024609142453120045,0.016580627893946133,0.0,-0.0031039806881635506,-0.013841252991668896,-3.7203438335511128,-0.005061454830783556
-0.05241870365805971,-3.9947445845804896,0.010122909661567111,0.006283185307179586,-0.024783675378319478,0.019722220547535925,0.0,0.0028027141713236822,0.013840746343097114,-3.7201693006259133,-0.0020943951023931952
0.04820430263796891,6.510332715726392,0.010122909661567111,-0.011693705988362009,-0.024783675378319478,-0.004363323129985824,0.0,-0.0027665610247250933,0.022213164681474506,-3.7201693006259133,0.0158824961931484
0.017213652642655366,-0.02202122635923762,0.010122909661567111,-0.006806784082777886,-0.024783675378319478,-0.004014257279586958,0.0,0.005368281565063057,-0.0083714638075804,-3.7203438335511128,-0.0033161255787892262
-0.014049123003688749,2.4911785455276454,0.010122909661567111,0.010297442586766544,-0.024783675378319478,0.004014257279586958,0.0,0.0030051689068128786,0.013840746343097114,-3.7201693006259133,0.012391837689159739
0.021738788075878288,-4.122029223370061,0.010297442586766544,-0.012217304763960308,-0.024783675378319478,0.0006981317007977319,0.0,0.0029039363640346524,0.013840746343097114,-3.7201693006259133,-0.0033161255787892262
-0.004936329424004449,-5.310655700375595,0.010297442586766544,0.0008726646259971648,-0.024783675378319478,0.011519173063162575,0.0,-0.0029015207819454757,-0.013841252991668896,-3.7203438335511128,-0.008377580409572781
-0.03801286374556975,0.8606482758876071,0.010122909661567111,0.01064650843716541,-0.024783675378319478,-0.0010471975511965976,0.0,-0.00030368210323379396,-0.0,-3.7203438335511128,-0.00017453292519943296
-0.005380672179336842,1.5486680395431973,0.010122909661567111,0.003141592653589793,-0.024783675378319478,-0.010821041362364843,0.0,0.0,-0.0,-3.7203438335511128,0.0020943951023931952
-0.020369471406677102,-1.3754815407364427,0.010122909661567111,0.003839724354387525,-0.024783675378319478,-0.0019198621771937625,0.0,-0.00010122736774459798,-0.0,-3.7203438335511128,-0.004014257279586958
0.011394490393506613,-1.1531722914729992,0.010122909661567111,-0.003141592653589793,-0.024783675378319478,-0.005934119456780721,0.0,-0.00010122736774459798,-0.0,-3.7203438335511128,-0.0006981317007977319
-0.009928739738147788,-5.06313172507658,0.010122909661567111,-0.006108652381980154,-0.024783675378319478,0.0006981317007977319,0.0,0.0,-0.0,-3.7201693006259133,-0.009773843811168246
0.014853363431888861,-8.088912020721663,0.010122909661567111,-0.005235987755982988,-0.024783675378319478,-0.0013962634015954637,0.0,0.0024667556123887024,-0.022212716799249296,-3.7203438335511128,-0.013613568165555772
0.010228012403392451,5.9282241056476295,0.010122909661567111,0.003141592653589793,-0.024783675378319478,-0.009250245035569947,0.0,-0.0030027533204189526,-0.013841252991668896,-3.7203438335511128,0.008552113334772215
0.03095501734409799,6.847170091596777,0.010122909661567111,-0.008726646259971648,-0.024783675378319478,-0.00034906585039886593,0.0,0.0028002985849297567,0.013841252991668896,-3.7203438335511128,0.00890117918517108
0.012350546503877229,2.9114551031353413,0.010122909661567111,0.0029670597283903604,-0.024783675378319478,-0.00471238898038469,0.0,-0.0029015259526743546,-0.013841252991668896,-3.7203438335511128,0.003141592653589793
-0.00634668847120331,-1.5712129369722632,0.010122909661567111,-0.003141592653589793,-0.024783675378319478,-0.009075712110370514,0.0,-0.0030027533204189526,-0.013841252991668896,-3.7203438335511128,-0.005934119456780721
0.005060320931643685,2.0912789467099007,0.010122909661567111,-0.002617993877991494,-0.024783675378319478,0.0015707963267948964,0.0,0.00010122736774459798,-0.0,-3.7203438335511128,0.006981317007977318
0.03630015661952443,-9.415777653089041,0.010122909661567111,-0.005759586531581287,-0.024783675378319478,0.012217304763960308,0.0,0.0024667556123887024,-0.022212716799249296,-3.7203438335511128,-0.015184364492350668
0.021479930089558,4.693792119168154,0.010297442586766544,-0.0022689280275926286,-0.024783675378319478,-0.005759586531581287,0.0,-0.0029015207819454757,-0.013841252991668896,-3.7203438335511128,0.006981317007977318
-0.05165455691864786,0.6306063868021494,0.010297442586766544,0.0029670597283903604,-0.024783675378319478,0.0024434609527920616,0.0,0.0,-0.0,-3.7203438335511128,0.0006981317007977319
-0.03848710003683525,-3.9250983666142463,0.010122909661567111,0.00820304748437335,-0.024783675378319478,0.0066322511575784525,0.0,-0.00010122736774459798,-0.0,-3.7203438335511128,-0.006108652381980154
0.04656076712142236,6.478764977072812,0.010297442586766544,-0.006283185307179586,-0.024783675378319478,0.00471238898038469,0.0,-0.002670951009823987,0.022212716799249296,-3.7203438335511128,0.015707963267948967
0.05101682650472136,1.4301356631818736,0.010297442586766544,-0.010821041362364843,-0.024783675378319478,-0.004886921905584123,0.0,-0.0026955755699016952,-0.013841252991668896,-3.7203438335511128,-0.006981317007977318
0.02659928459175038,5.141502485937648,0.010122909661567111,-0.006283185307179586,-0.024783675378319478,-0.011344640137963142,0.0,0.0028002985849297567,0.013841252991668896,-3.7203438335511128,0.01064650843716541
0.041074450071865075,9.982345871409404,0.010297442586766544,0.0041887902047863905,-0.024609142453120045,-0.006457718232379019,0.0,0.002670951009823987,-0.022212716799249296,-3.7203438335511128,0.016580627893946133
0.002157060392223561,4.563184300964848,0.010297442586766544,-0.0020943951023931952,-0.024783675378319478,-0.02181661564992912,0.0,-0.00010297260602189043,-0.0,-3.7203438335511128,0.004014257279586958
0.006531372435897128,4.213128448110086,0.010122909661567111,0.0024434609527920616,-0.024783675378319478,-0.007155849933176752,0.0,0.0025679829801333004,-0.022212716799249296,-3.7203438335511128,-0.0006981317007977319
-0.07030287871416427,-13.878728023644907,0.010297442586766544,0.009948376736367679,-0.024783675378319478,-0.00820304748437335,0.0,-0.0002305697721214892,-0.03605396979091819,-3.7203438335511128,-0.02129301687433082
0.025666478176636722,0.18873658090230408,0.010122909661567111,-0.0010471975511965976,-0.024783675378319478,-0.0022689280275926286,0.0,0.0,-0.0,-3.7203438335511128,-0.0008726646259971648
0.027310602213063334,-4.760835824456707,0.010122909661567111,-0.006457718232379019,-0.024783675378319478,-0.0054105206811824215,0.0,0.005368281565063057,-0.0083714638075804,-3.7203438335511128,-0.00471238898038469
-0.026048054257985113,1.7871074673496161,0.010122909661567111,0.00767944870877505,-0.024783675378319478,0.0015707963267948964,0.0,-0.0030027533204189526,-0.013841252991668896,-3.7203438335511128,-0.0017453292519943296
-0.0035861499491117825,-6.421463793434064,0.010122909661567111,-0.0008726646259971648,-0.024783675378319478,0.0029670597283903604,0.0,-0.0029015259526743546,-0.013841252991668896,-3.7203438335511128,-0.01064650843716541
-0.07982023973939,-1.1199038598725348,0.010122909661567111,0.015707963267948967,-0.024783675378319478,0.007504915783575617,0.0,-0.00020245473548919596,-0.0,-3.7203438335511128,-0.0005235987755982988
-0.02182956623905668,2.3276005940535662,0.010122909661567111,-0.00017453292519943296,-0.024783675378319478,-0.003665191429188092,0.0,0.0,-0.0,-3.7203438335511128,0.003490658503988659
0.017086352111236193,-1.4986830657510959,0.010297442586766544,-0.0022689280275926286,-0.024783675378319478,0.0,0.0,0.0,-0.0,-3.7203438335511128,-0.0027925268031909274
-0.002475900212893952,2.874108838650442,0.010122909661567111,-0.008377580409572781,-0.024783675378319478,-0.0017453292519943296,0.0,-0.00010122736774459798,-0.0,-3.7203438335511128,0.003141592653589793
0.03640939488681783,3.5750372328690005,0.010122909661567111,-0.0020943951023931952,-0.024783675378319478,0.006981317007977318,0.0,-0.0028002985849297567,-0.013841252991668896,-3.7203438335511128,0.006108652381980154
-0.02320041377518644,2.2507790652995454,0.010122909661567111,0.005061454830783556,-0.024783675378319478,-0.009250245035569947,0.0,0.0,-0.0,-3.7203438335511128,0.003839724354387525
0.0015535705130051692,1.9426485422410065,0.010122909661567111,-0.005759586531581287,-0.024783675378319478,0.00017453292519943296,0.0,0.0,-0.0,-3.7203438335511128,0.0054105206811824215
-0.021237922423281506,-4.26087043728768,0.010297442586766544,0.013439035240356337,-0.024609142453120045,0.009599310885968814,0.0,-0.0026955755699016952,-0.013841252991668896,-3.7203438335511128,-0.011519173063162575
0.012091787630769102,-4.837077256763301,0.010122909661567111,-0.00034906585039886593,-0.024783675378319478,0.004537856055185257,0.0,0.0,-0.0,-3.7203438335511128,-0.013788101090755204
-0.033693195442245916,-4.980244591483022,0.010122909661567111,-0.0010471975511965976,-0.024783675378319478,-0.0029670597283903604,0.0,0.0024667556123887024,-0.022212716799249296,-3.7203438335511128,-0.012566370614359171
-0.0057535140190809915,4.343094134827633,0.010122909661567111,0.0019198621771937625,-0.024783675378319478,0.0,0.0,-0.0030027533204189526,-0.013841252991668896,-3.7203438335511128,0.00471238898038469
0.019906347495909624,5.646231909457905,0.010297442586766544,0.005235987755982988,-0.024783675378319478,0.004363323129985824,0.0,0.0029015207819454757,0.013841252991668896,-3.7203438335511128,0.012391837689159739
-0.011652315912529135,1.2176936631854014,0.010122909661567111,0.008377580409572781,-0.024783675378319478,0.009948376736367679,0.0,0.0,-0.0,-3.7203438335511128,0.0017453292519943296
-0.027953507814195734,-4.339438670349552,0.010122909661567111,0.004363323129985824,-0.024783675378319478,-0.0041887902047863905,0.0,-0.0029015259526743546,-0.013841252991668896,-3.7203438335511128,-0.00767944870877505
0.07967842511991534,3.41158896113232,0.010297442586766544,-0.015533430342749533,-0.024783675378319478,-0.007853981633974483,0.0,-0.0027985481759235857,-0.013841252991668896,-3.7203438335511128,0.002617993877991494
0.016013439818577196,-2.435803599268113,0.010122909661567111,-0.006108652381980154,-0.024609142453120045,0.003665191429188092,0.0,-0.0030027533204189526,-0.013841252991668896,-3.7203438335511128,-0.004537856055185257
-0.019607506433256046,0.026814445089231143,0.010122909661567111,0.007155849933176752,-0.024783675378319478,0.008377580409572781,0.0,0.0,-0.0,-3.7203438335511128,0.0010471975511965976
-0.012636865917434018,-6.780288737699278,0.010122909661567111,-0.00820304748437335,-0.024783675378319478,0.00471238898038469,0.0,0.0023655282446441044,-0.022212716799249296,-3.7203438335511128,-0.0153588974175501
-0.02518608348709752,-2.345493500581757,0.010122909661567111,0.006981317007977318,-0.024783675378319478,-0.0029670597283903604,0.0,-0.00020245473548919596,-0.0,-3.7203438335511128,-0.0020943951023931952
0.021433618398631244,-5.649976799737489,0.010122909661567111,-0.010122909661567111,-0.024783675378319478,0.00820304748437335,0.0,-0.0031039806881635506,-0.013841252991668896,-3.7203438335511128,-0.005759586531581287
0.035200961606255514,0.10353467117977697,0.010297442586766544,-0.005061454830783556,-0.024783675378319478,0.00034906585039886593,0.0,0.00010297260602189043,-0.0,-3.7203438335511128,0.0017453292519943296
-0.004572837129976895,0.6298461236707129,0.010297442586766544,0.0012217304763960308,-0.024783675378319478,0.0015707963267948964,0.0,0.0,-0.0,-3.7203438335511128,0.0006981317007977319
-0.04575744488020854,-8.15075234450609,0.010122909661567111,0.002617993877991494,-0.024783675378319478,-0.006806784082777886,0.0,0.0028002985849297567,0.013841252991668896,-3.7203438335511128,-0.010297442586766544
-0.01494931853659447,-2.591547436564511,0.010122909661567111,0.0066322511575784525,-0.024783675378319478,-0.0029670597283903604,0.0,0.00010122736774459798,-0.0,-3.7203438335511128,-0.0010471975511965976
-0.032755039748393604,-8.107869755912215,0.010122909661567111,0.0006981317007977319,-0.024783675378319478,-0.004537856055185257,0.0,0.0026990712171851587,0.013841252991668896,-3.7203438335511128,-0.010995574287564275
0.0063924293116295085,-0.18512038404936604,0.010122909661567111,-0.005759586531581287,-0.024783675378319478,0.00034906585039886593,0.0,-0.00010122736774459798,-0.0,-3.7203438335511128,0.0017453292519943296
0.003429310721464956,1.339132460214839,0.010122909661567111,-0.0010471975511965976,-0.024783675378319478,-0.015184364492350668,0.0,-0.0030027533204189526,-0.013841252991668896,-3.7203438335511128,-0.003141592653589793
0.02107216880955918,-0.5688053306428649,0.010297442586766544,0.00034906585039886593,-0.024783675378319478,0.0010471975511965976,0.0,0.0,-0.0,-3.7203438335511128,-0.0010471975511965976
0.0033110208345799017,8.659013491198014,0.010122909661567111,-0.0020943951023931952,-0.024783675378319478,-0.006981317007977318,0.0,-0.0028002985849297567,-0.013841252991668896,-3.7203438335511128,0.012915436464758038
0.03964418151900621,1.0777086088205459,0.010122909661567111,-0.005934119456780721,-0.024783675378319478,-0.0008726646259971648,0.0,-0.00010122736774459798,-0.0,-3.7203438335511128,0.0006981317007977319
0.03305243718075777,6.6688079308193196,0.010122909661567111,-0.0012217304763960308,-0.024783675378319478,0.004537856055185257,0.0,-0.0029015259526743546,-0.013841252991668896,-3.7203438335511128,0.008377580409572781
-0.04660929524810215,1.4789429575564184,0.010297442586766544,0.017976891295541596,-0.024783675378319478,-0.005934119456780721,0.0,0.00020594521204378086,-0.0,-3.7203438335511128,-0.0006981317007977319
-0.009518295796008694,-0.17230183682840347,0.010297442586766544,0.009599310885968814,-0.024783675378319478,-0.009599310885968814,0.0,-0.0027985481759235857,-0.013841252991668896,-3.7203438335511128,-0.00942477796076938
-0.02368975269581835,-1.5581465783682231,0.010122909661567111,-0.004537856055185257,-0.024783675378319478,-0.0012217304763960308,0.0,-0.00010122736774459798,-0.0,-3.7203438335511128,0.0019198621771937625
0.004561791179417921,1.155290400706003,0.010122909661567111,-0.010821041362364843,-0.024783675378319478,0.0041887902047863905,0.0,-0.00010122736774459798,-0.0,-3.7203438335511128,0.006806784082777886
0.007451045869673768,-4.709437565496192,0.010122909661567111,0.0027925268031909274,-0.024783675378319478,0.003490658503988659,0.0,-0.0029015259526743546,-0.013841252991668896,-3.7203438335511128,-0.008028514559173916
0.03710244085706948,1.1284254686701598,0.010297442586766544,-0.006108652381980154,-0.024783675378319478,-0.0027925268031909274,0.0,0.00010297260602189043,-0.0,-3.7203438335511128,0.003490658503988659
-0.044350128988594986,6.0795296196135125,0.010297442586766544,0.0153588974175501,-0.024783675378319478,0.0022689280275926286,0.0,0.0031074659939892566,0.013841252991668896,-3.7203438335511128,0.012566370614359171
-0.028961059045256532,1.9010498878483968,0.010122909661567111,0.00767944870877505,-0.024783675378319478,-0.00820304748437335,0.0,-0.0031039806881635506,-0.013841252991668896,-3.7203438335511128,-0.0
-0.003155955971922386,1.0474023657252913,0.010122909661567111,-0.002617993877991494,-0.024783675378319478,-0.0010471975511965976,0.0,-0.005570736300552253,0.0083714638075804,-3.7203438335511128,0.009250245035569947
0.01563956925878867,-2.9322877595258037,0.010122909661567111,-0.0013962634015954637,-0.024783675378319478,0.0033161255787892262,0.0,0.0,-0.0,-3.7203438335511128,-0.008028514559173916
0.008007640324127731,7.207662070844467,0.010122909661567111,0.0024434609527920616,-0.024783675378319478,0.006806784082777886,0.0,0.0029015259526743546,0.013841252991668896,-3.7203438335511128,0.011344640137963142
0.05155515512290274,-4.008041596815152,0.010297442586766544,-0.01710422666954443,-0.024783675378319478,-0.0020943951023931952,0.0,0.00020594521204378086,-0.0,-3.7203438335511128,-0.009250245035569947
0.0038702010825957312,3.7154222169972706,0.010122909661567111,0.0008726646259971648,-0.024783675378319478,-0.002617993877991494,0.0,-0.005469508932807655,0.0083714638075804,-3.7203438335511128,0.004886921905584123
-0.009032984752642194,-3.48493486332202,0.010122909661567111,-0.0041887902047863905,-0.024783675378319478,0.002617993877991494,0.0,-0.005469508932807655,0.0083714638075804,-3.7203438335511128,-0.005759586531581287
0.01713265531822166,2.0128860759761444,0.010122909661567111,-0.00017453292519943296,-0.024783675378319478,0.009250245035569947,0.0,-0.005469508932807655,0.0083714638075804,-3.7203438335511128,0.004537856055185257
-0.0012538486926183736,4.4041354683840686,0.010122909661567111,0.011344640137963142,-0.024609142453120045,-0.006806784082777886,0.0,0.0,-0.0,-3.7203438335511128,0.01117010721276371
0.011295236794954446,6.61552848345766,0.010122909661567111,-0.0066322511575784525,-0.024783675378319478,0.0033161255787892262,0.0,0.0028002985849297567,0.013841252991668896,-3.7203438335511128,0.010471975511965976
0.05653300850953614,-6.022943821820324,0.010297442586766544,-0.014137166941154071,-0.024783675378319478,0.009773843811168246,0.0,0.003004493387967366,0.013841252991668896,-3.7203438335511128,-0.0054105206811824215
-0.005470220552169298,-0.41767437370025706,0.010122909661567111,0.007330382858376184,-0.024783675378319478,0.0041887902047863905,0.0,0.00010122736774459798,-0.0,-3.7203438335511128,0.0010471975511965976
-0.015675658364492192,4.632334896164937,0.010122909661567111,-0.004886921905584123,-0.024783675378319478,0.01064650843716541,0.0,-0.0030027533204189526,-0.013841252991668896,-3.7203438335511128,0.006108652381980154
-0.004173955967406261,-0.8391111242028044,0.010122909661567111,0.009948376736367679,-0.024783675378319478,-0.0020943951023931952,0.0,0.00010122736774459798,-0.0,-3.7203438335511128,-0.002617993877991494
-0.031728082548466964,-9.375745059785684,0.010122909661567111,-0.0022689280275926286,-0.024783675378319478,0.0066322511575784525,0.0,0.0026990712171851587,0.013841252991668896,-3.7203438335511128,-0.0158824961931484
-0.038907739988572845,-5.183072434486084,0.010122909661567111,0.007155849933176752,-0.024783675378319478,-0.0013962634015954637,0.0,-0.0028002985849297567,-0.013841252991668896,-3.7203438335511128,-0.0041887902047863905
0.0381162321582596,-1.624458397599264,0.010122909661567111,-0.012391837689159739,-0.024783675378319478,0.003490658503988659,0.0,0.00010122736774459798,-0.0,-3.7203438335511128,-0.005061454830783556
0.012475661233012466,-7.5890599608424205,0.010122909661567111,-0.004537856055185257,-0.024783675378319478,-0.0024434609527920616,0.0,-0.0030027533204189526,-0.013841252991668896,-3.7203438335511128,-0.00820304748437335
-0.007468544477219887,12.497957970182567,0.010122909661567111,0.006981317007977318,-0.024783675378319478,0.003839724354387525,0.0,-0.003000337645639486,-0.013841759218612002,-3.7205183664763126,0.023911010752322315
0.06167664720822491,0.8294920150891611,0.010122909661567111,-0.016929693744344994,-0.024783675378319478,-0.011344640137963142,0.0,-0.0032052080559081485,-0.013841252991668896,-3.7203438335511128,-0.007504915783575617
0.0022650638218314214,-2.2013629686334,0.010122909661567111,-0.006283185307179586,-0.024783675378319478,0.0010471975511965976,0.0,0.0,-0.0,-3.7203438335511128,-0.005934119456780721
0.0015201097289653021,-2.2563770956766023,0.010297442586766544,0.007155849933176752,-0.024783675378319478,-0.0005235987755982988,0.0,0.00010297260602189043,-0.0,-3.7203438335511128,0.0020943951023931952
0.015004700876197551,0.0989952022638462,0.010297442586766544,-0.013962634015954637,-0.024783675378319478,0.004363323129985824,0.0,-0.003004493387967366,-0.013841252991668896,-3.7203438335511128,-0.005235987755982988
0.02354985702844333,-1.5856252648159002,0.010122909661567111,-0.005759586531581287,-0.024783675378319478,0.0006981317007977319,0.0,-0.00010122736774459798,-0.0,-3.7203438335511128,-0.0
0.007237045034045047,-1.2278536011213277,0.010122909661567111,-0.00471238898038469,-0.024783675378319478,-0.003839724354387525,0.0,-0.00010122736774459798,-0.0,-3.7203438335511128,-0.005235987755982988
0.012816102180037205,-5.106425462755339,0.010122909661567111,-0.010297442586766544,-0.024783675378319478,-0.008552113334772215,0.0,-0.0031039806881635506,-0.013841252991668896,-3.7203438335511128,-0.006806784082777886
-0.0411064193778909,-1.6552942501953323,0.010122909661567111,0.0164060949687467,-0.024783675378319478,-0.0066322511575784525,0.0,0.0,-0.0,-3.7203438335511128,-0.0019198621771937625
-0.03974113619420712,-3.200030965573698,0.010297442586766544,0.007330382858376184,-0.024783675378319478,0.003839724354387525,0.0,-0.0027961325054490257,-0.013841759218612002,-3.7205183664763126,-0.00767944870877505
-0.02319461375478802,-0.26654413804379756,0.010297442586766544,0.0020943951023931952,-0.024609142453120045,-0.003665191429188092,0.0,-0.00010297260602189043,-0.0,-3.7205183664763126,-0.0008726646259971648
-0.015440407936783062,0.5314650045889511,0.010297442586766544,0.005235987755982988,-0.024783675378319478,-0.006806784082777886,0.0,-0.005469499185747573,0.0083714638075804,-3.7203438335511128,0.006108652381980154
0.02389716595508452,-2.388499830482045,0.010297442586766544,-0.00017453292519943296,-0.024783675378319478,-0.007155849933176752,0.0,-0.005366526579725682,0.0083714638075804,-3.7203438335511128,-0.0015707963267948964
-0.030798487335284456,-2.8115888924361148,0.010297442586766544,0.007853981633974483,-0.024609142453120045,0.007504915783575617,0.0,-0.008268047361671157,-0.005469789184088496,-3.7203438335511128,-0.0033161255787892262
-0.0009146380694690525,1.9097120669346395,0.010122909661567111,-0.0041887902047863905,-0.024783675378319478,-0.008377580409572781,0.0,-0.0031039806881635506,-0.013841252991668896,-3.7203438335511128,0.0008726646259971648
0.024123834088272105,1.981106397123806,0.010297442586766544,0.0015707963267948964,-0.024609142453120045,0.01064650843716541,0.0,0.0,-0.0,-3.7203438335511128,0.003665191429188092
0.016199390103182377,-0.512383199321734,0.010297442586766544,-0.0015707963267948964,-0.024783675378319478,0.0033161255787892262,0.0,0.00010297260602189043,-0.0,-3.7205183664763126,-0.0033161255787892262
0.043114198735606894,3.2924029051935184,0.010122909661567111,-0.011693705988362009,-0.024783675378319478,-0.005759586531581287,0.0,0.0026990712171851587,0.013841252991668896,-3.7203438335511128,0.010122909661567111
0.07563731401849283,-5.540556690402185,0.010297442586766544,-0.012566370614359171,-0.024783675378319478,0.009773843811168246,0.0,-0.005057608761660011,0.0083714638075804,-3.7203438335511128,-0.01064650843716541
-0.03539720069331928,1.6170738857101612,0.010297442586766544,0.015009831567151233,-0.024609142453120045,0.009250245035569947,0.0,-0.005263553973703792,0.0083714638075804,-3.7203438335511128,0.010122909661567111
-0.007950518487694689,-3.4895475865977517,0.010297442586766544,-0.0008726646259971648,-0.024783675378319478,-0.0019198621771937625,0.0,-0.0055739327270586765,0.008370509021774036,-3.7205183664763126,-0.0017453292519943296
-0.031722158770518934,-8.890282889107139,0.010297442586766544,-0.0008726646259971648,-0.024783675378319478,-0.0041887902047863905,0.0,0.0025718550095658703,-0.022212268240386038,-3.7205183664763126,-0.016231562043547264
0.02202548222925442,3.800765025778666,0.010297442586766544,0.0006981317007977319,-0.024783675378319478,0.0,0.0,-0.002899105111470916,-0.013841759218612002,-3.7205183664763126,0.004537856055185257
-0.02848550182690621,2.036467424993648,0.010297442586766544,0.008028514559173916,-0.024783675378319478,0.0020943951023931952,0.0,0.00010297260602189043,-0.0,-3.7205183664763126,0.003141592653589793
0.025058964121709153,-4.282970424738044,0.010297442586766544,-0.009250245035569947,-0.024609142453120045,-0.00471238898038469,0.0,0.00010297260602189043,-0.0,-3.7203438335511128,-0.011344640137963142
0.028189595812485552,-3.922907331791692,0.010122909661567111,-0.007330382858376184,-0.024783675378319478,-0.0019198621771937625,0.0,-0.003000337645639486,-0.013841759218612002,-3.7205183664763126,-0.00471238898038469
0.027417714447668422,0.29626003324334166,0.010297442586766544,-0.006108652381980154,-0.024609142453120045,0.0027925268031909274,0.0,0.00010297260602189043,-0.0,-3.7205183664763126,-0.0010471975511965976
-0.05975257488352853,-3.4826706343064497,0.010297442586766544,0.018500490071139894,-0.024609142453120045,0.0033161255787892262,0.0,-0.0026931598994271353,-0.013841759218612002,-3.7205183664763126,-0.0054105206811824215
-0.002413286850222782,2.29148777682332,0.010297442586766544,-0.0012217304763960308,-0.024783675378319478,0.004886921905584123,0.0,-0.00010297260602189043,-0.0,-3.7205183664763126,0.003839724354387525
-0.0007720216173337735,3.518183571540398,0.010297442586766544,0.0027925268031909274,-0.024609142453120045,0.0027925268031909274,0.0,-0.005470960121036786,0.008370509021774036,-3.7205183664763126,0.00767944870877505
-0.056772007149269575,-8.742379089805274,0.010122909661567111,0.011344640137963142,-0.024783675378319478,0.007155849933176752,0.0,-0.0026692103478778983,0.022212716799249296,-3.7203438335511128,-0.007155849933176752
0.012510249099507568,-0.5612977347907389,0.010122909661567111,-0.011519173063162575,-0.024783675378319478,0.0020943951023931952,0.0,-0.00020245473548919596,-0.0,-3.7203438335511128,0.0019198621771937625
0.0011275755785174935,3.2704405246823516,0.010297442586766544,0.0006981317007977319,-0.024609142453120045,-0.010122909661567111,0.0,-0.0027961325054490257,-0.013841759218612002,-3.7205183664763126,-0.0019198621771937625
-0.01694143692354771,-4.043428137648621,0.010122909661567111,-0.002617993877991494,-0.024783675378319478,-0.005235987755982988,0.0,-0.003000337645639486,-0.013841759218612002,-3.7205183664763126,-0.00471238898038469
-0.06304542969609196,-8.651150842868349,0.010122909661567111,0.010122909661567111,-0.024783675378319478,0.007155849933176752,0.0,0.0026990712171851587,0.013841252991668896,-3.7203438335511128,-0.013264502315156905
-0.05179371664345035,2.5998492822827326,0.010122909661567111,0.003665191429188092,-0.024783675378319478,0.0010471975511965976,0.0,-0.005470969870700366,0.008370509021774036,-3.7205183664763126,0.006981317007977318
0.007510252905254488,0.3128173179666276,0.010122909661567111,0.0019198621771937625,-0.024609142453120045,-0.007330382858376184,0.0,0.0,-0.0,-3.7205183664763126,-0.0006981317007977319
0.014178021771173525,7.997043933240836,0.010122909661567111,-0.0005235987755982988,-0.024609142453120045,0.0012217304763960308,0.0,-0.005470969870700366,0.008370509021774036,-3.7205183664763126,0.00890117918517108
-0.04471590593171635,1.026693121870992,0.010122909661567111,0.005759586531581287,-0.024783675378319478,0.013264502315156905,0.0,-0.00020245473548919596,-0.0,-3.7205183664763126,0.006981317007977318
-0.003758338406626165,-1.6883544668081127,0.010122909661567111,-0.00017453292519943296,-0.024783675378319478,-0.005061454830783556,0.0,-0.002899110277894888,-0.013841759218612002,-3.7205183664763126,-0.004886921905584123
0.06661027609581513,3.667960891862323,0.010122909661567111,-0.015009831567151233,-0.024783675378319478,0.004014257279586958,0.0,-0.00279788291015029,-0.013841759218612002,-3.7205183664763126,0.0024434609527920616
0.012107557372595631,-2.498241961388094,0.010122909661567111,0.0008726646259971648,-0.024609142453120045,-0.0041887902047863905,0.0,-0.002899110277894888,-0.013841759218612002,-3.7205183664763126,-0.00767944870877505
-0.013553761576679925,-3.4338284851558805,0.010122909661567111,0.0013962634015954637,-0.024609142453120045,-0.015009831567151233,0.0,-0.005673424606189562,0.008370509021774036,-3.7205183664763126,-0.004537856055185257
0.04221510516156156,-0.9102664835684834,0.010122909661567111,-0.007155849933176752,-0.024609142453120045,0.008028514559173916,0.0,-0.00010122736774459798,-0.0,-3.7205183664763126,0.0024434609527920616
0.02656549016208535,-3.727777772175896,0.010122909661567111,-0.0017453292519943296,-0.024609142453120045,-0.013788101090755204,0.0,-0.005470969870700366,0.008370509021774036,-3.7205183664763126,-0.0033161255787892262
-0.023285744965481907,-1.3568564027821606,0.010122909661567111,0.00890117918517108,-0.024609142453120045,0.0005235987755982988,0.0,-0.00279788291015029,-0.013841759218612002,-3.7205183664763126,-0.005061454830783556
0.004788751873379098,1.5681234331923501,0.010122909661567111,-0.00471238898038469,-0.024609142453120045,-0.008028514559173916,0.0,0.00010122736774459798,-0.0,-3.7205183664763126,0.003839724354387525
0.011301699000719109,-4.14069818537068,0.010122909661567111,0.0013962634015954637,-0.024609142453120045,-0.007853981633974483,0.0,-0.002899110277894888,-0.013841759218612002,-3.7205183664763126,-0.007853981633974483
0.01068111651964357,-1.4405262547484228,0.010122909661567111,-0.009599310885968814,-0.024783675378319478,0.005585053606381855,0.0,0.0,-0.0,-3.7205183664763126,-0.002617993877991494
0.002654696426601124,1.6972833200411255,0.010122909661567111,-0.0013962634015954637,-0.024609142453120045,0.00767944870877505,0.0,-0.005470969870700366,0.008370509021774036,-3.7205183664763126,0.006806784082777886
0.028497187241028083,-1.123677037131623,0.010122909661567111,-0.006283185307179586,-0.024609142453120045,-0.012217304763960308,0.0,0.0,-0.0,-3.7205183664763126,-0.003839724354387525
0.013721875224671196,1.281134834039677,0.010122909661567111,-0.0008726646259971648,-0.024609142453120045,0.0033161255787892262,0.0,-0.005470969870700366,0.008370509021774036,-3.7205183664763126,0.007155849933176752
0.006484008781233248,3.914338113335139,0.010122909661567111,-0.002617993877991494,-0.024609142453120045,-0.005759586531581287,0.0,-0.002899110277894888,-0.013841759218612002,-3.7205183664763126,0.0017453292519943296
-0.02156580905466339,-0.15651489417023615,0.010297442586766544,0.009599310885968814,-0.024609142453120045,-0.00034906585039886593,0.0,0.00010297260602189043,-0.0,-3.7205183664763126,-0.0020943951023931952
-0.02718756843427231,-8.578369532915472,0.010122909661567111,0.0013962634015954637,-0.024609142453120045,-0.015184364492350668,0.0,0.003000337645639486,0.013841759218612002,-3.7205183664763126,-0.015009831567151233
0.02914982953472844,-1.009130973145114,0.010122909661567111,-0.008726646259971648,-0.024609142453120045,0.011868238913561441,0.0,-0.0055721972384449635,0.008370509021774036,-3.7205183664763126,0.0066322511575784525
-0.053087734679336133,-3.259876206924762,0.010122909661567111,0.008028514559173916,-0.024609142453120045,-0.008028514559173916,0.0,-0.00020245473548919596,-0.0,-3.7205183664763126,-0.005235987755982988
-0.018793613170782764,1.4264474940036893,0.010122909661567111,-0.0010471975511965976,-0.024609142453120045,0.0029670597283903604,0.0,0.0,-0.0,-3.7205183664763126,0.003490658503988659
-0.003971168659736787,-8.174737099253909,0.010122909661567111,0.0019198621771937625,-0.024609142453120045,-0.0006981317007977319,0.0,-0.005470969870700366,0.008370509021774036,-3.7205183664763126,-0.0158824961931484
-0.006964566513129731,-4.0793901255349825,0.010122909661567111,0.0005235987755982988,-0.024609142453120045,-0.0033161255787892262,0.0,0.0,-0.0,-3.7205183664763126,-0.0005235987755982988
-0.03553660186011081,4.019299989547619,0.010122909661567111,0.0024434609527920616,-0.024609142453120045,-0.008377580409572781,0.0,-0.003101565013384084,-0.013841759218612002,-3.7205183664763126,0.0027925268031909274
-0.009336795403554568,-6.1999544036974505,0.010122909661567111,0.005235987755982988,-0.024783675378319478,-0.0041887902047863905,0.0,-0.00279788291015029,-0.013841759218612002,-3.7205183664763126,-0.007155849933176752
-0.018912666272431378,-4.563933016004565,0.010122909661567111,0.0006981317007977319,-0.024783675378319478,0.008028514559173916,0.0,-0.005470969870700366,0.008370509021774036,-3.7205183664763126,-0.004014257279586958
0.007969797061473856,0.08330422110942853,0.010122909661567111,-0.00471238898038469,-0.024783675378319478,-0.00767944870877505,0.0,-0.003000337645639486,-0.013841759218612002,-3.7205183664763126,-0.006457718232379019
-0.0012022916609992068,-0.4893255213740586,0.010122909661567111,-0.0029670597283903604,-0.024783675378319478,-0.005061454830783556,0.0,-0.005470969870700366,0.008370509021774036,-3.7205183664763126,0.003490658503988659
-0.03961436944296734,-4.995783454257102,0.010122909661567111,-0.0033161255787892262,-0.024783675378319478,-0.0005235987755982988,0.0,0.0024706322250608796,-0.022212268240386038,-3.7205183664763126,-0.014137166941154071
0.05479910708451445,6.150358797887796,0.010297442586766544,-0.004537856055185257,-0.024783675378319478,0.01064650843716541,0.0,0.0026748276155877603,-0.022212268240386038,-3.7205183664763126,0.003665191429188092
-0.02019151902360337,-6.021992172683408,0.010122909661567111,-0.0022689280275926286,-0.024783675378319478,-0.005934119456780721,0.0,-0.002899110277894888,-0.013841759218612002,-3.7205183664763126,-0.00890117918517108
0.04414625341711644,-1.6507432331876812,0.010122909661567111,-0.015533430342749533,-0.024783675378319478,0.003839724354387525,0.0,0.00020245473548919596,-0.0,-3.7205183664763126,-0.0012217304763960308
-0.014301240363253837,-2.949032021250863,0.010122909661567111,0.014486232791552936,-0.024783675378319478,-0.005585053606381855,0.0,-0.002696655542405692,-0.013841759218612002,-3.7205183664763126,-0.008726646259971648
-0.013172808289024195,-0.2920115638370331,0.010122909661567111,0.0022689280275926286,-0.024783675378319478,0.009599310885968814,0.0,-0.008471307516339852,-0.0054712501968379665,-3.7205183664763126,-0.004363323129985824
0.012285302256317552,1.3497771303657013,0.010122909661567111,-0.0006981317007977319,-0.024783675378319478,-0.0164060949687467,0.0,0.0,-0.0,-3.7205183664763126,0.0027925268031909274
0.0531954830041027,4.305079190236784,0.010122909661567111,-0.008552113334772215,-0.024609142453120045,-0.009250245035569947,0.0,-0.002899110277894888,-0.013841759218612002,-3.7205183664763126,0.006981317007977318
0.01831500528760412,-4.117140640407578,0.010122909661567111,0.0005235987755982988,-0.024783675378319478,-0.006806784082777886,0.0,-0.002899110277894888,-0.013841759218612002,-3.7205183664763126,-0.01064650843716541
0.0235706378284311,-0.9477818609578914,0.010122909661567111,0.0008726646259971648,-0.024783675378319478,0.012740903539558606,0.0,0.00010122736774459798,-0.0,-3.7205183664763126,-0.0041887902047863905
0.013096020193877077,-7.824497603748236,0.010122909661567111,0.0010471975511965976,-0.024783675378319478,0.004014257279586958,0.0,-0.002899110277894888,-0.013841759218612002,-3.7205183664763126,-0.010471975511965976
0.014051613363084657,2.1853964565624824,0.010122909661567111,-0.0006981317007977319,-0.024783675378319478,-0.0013962634015954637,0.0,0.0,-0.0,-3.7205183664763126,0.0033161255787892262
0.03558865149186686,-2.8389417321261274,0.010122909661567111,-0.012042771838760876,-0.024783675378319478,-0.0010471975511965976,0.0,-0.003101565013384084,-0.013841759218612002,-3.7205183664763126,-0.004014257279586958
0.005472714902574936,-0.24091986954596156,0.010122909661567111,0.013788101090755204,-0.024609142453120045,-0.006283185307179586,0.0,-0.002899110277894888,-0.013841759218612002,-3.7205183664763126,-0.005585053606381855
-0.04313667201581214,-7.238274865172716,0.010122909661567111,0.0017453292519943296,-0.024609142453120045,0.014137166941154071,0.0,-0.002899110277894888,-0.013841759218612002,-3.7205183664763126,-0.010297442586766544
-0.027209227935648273,-2.8550834587608227,0.010122909661567111,0.014137166941154071,-0.024783675378319478,0.0006981317007977319,0.0,-0.0055721972384449635,0.008370509021774036,-3.7205183664763126,0.00034906585039886593
-0.013667825332778223,-3.185413925636994,0.010122909661567111,0.0054105206811824215,-0.024609142453120045,0.004363323129985824,0.0,-0.00279788291015029,-0.013841759218612002,-3.7205183664763126,-0.007504915783575617
0.039034497416791214,-5.7008906552533185,0.010297442586766544,-0.015009831567151233,-0.024783675378319478,0.005061454830783556,0.0,-0.005367987515014896,0.008370509021774036,-3.7205183664763126,-0.010821041362364843
0.01507248330025132,-1.0976857369350312,0.010122909661567111,-0.006981317007977318,-0.024609142453120045,0.0022689280275926286,0.0,-0.00010122736774459798,-0.0,-3.7205183664763126,0.0015707963267948964
-0.00865279002016475,-0.25941234340899105,0.010122909661567111,-0.00017453292519943296,-0.024609142453120045,0.007155849933176752,0.0,0.0,-0.0,-3.7205183664763126,-0.0013962634015954637
-0.007999412868768544,-7.561418454368609,0.010122909661567111,-0.0066322511575784525,-0.024609142453120045,-0.0020943951023931952,0.0,-0.003000337645639486,-0.013841759218612002,-3.7205183664763126,-0.012042771838760876
0.010300295179740656,2.1073760356766553,0.010122909661567111,-0.007504915783575617,-0.024609142453120045,-0.004537856055185257,0.0,-0.005470969870700366,0.008370509021774036,-3.7205183664763126,0.010471975511965976
-0.017801481392024903,5.953812180343959,0.010297442586766544,0.0033161255787892262,-0.024609142453120045,0.006108652381980154,0.0,0.0,-0.0,-3.7205183664763126,0.003839724354387525
0.0036387128527500196,-0.7125959187912558,0.010122909661567111,-0.0029670597283903604,-0.024609142453120045,-0.007155849933176752,0.0,-0.003000337645639486,-0.013841759218612002,-3.7205183664763126,-0.008377580409572781
-0.0055479388427816835,-3.151820267858532,0.010122909661567111,-0.00471238898038469,-0.024783675378319478,-0.004537856055185257,0.0,-0.00010122736774459798,-0.0,-3.7205183664763126,0.0005235987755982988
-0.030824108734500102,4.264098729003513,0.010122909661567111,0.0010471975511965976,-0.024783675378319478,0.004363323129985824,0.0,0.0,-0.0,-3.7205183664763126,0.012740903539558606
0.03448506891095627,5.190822560830803,0.010122909661567111,-0.0029670597283903604,-0.024783675378319478,-0.005585053606381855,0.0,-0.005470969870700366,0.008370509021774036,-3.7205183664763126,0.004363323129985824
0.03717499155610212,6.090123802817763,0.010297442586766544,-0.007155849933176752,-0.024783675378319478,-0.007504915783575617,0.0,-0.0027961325054490257,-0.013841759218612002,-3.7205183664763126,0.004886921905584123
-0.026568011742856407,1.6298652118241135,0.010297442586766544,0.007504915783575617,-0.024609142453120045,0.010122909661567111,0.0,-0.005367987515014896,0.008370509021774036,-3.7205183664763126,0.008726646259971648
0.012648166763578305,-0.19428940522323296,0.010122909661567111,-0.006981317007977318,-0.024783675378319478,-0.0066322511575784525,0.0,0.0,-0.0,-3.7205183664763126,0.00017453292519943296
-0.0070757190026899735,4.464375203815998,0.010122909661567111,0.004886921905584123,-0.024783675378319478,-0.009948376736367679,0.0,-0.005369742502955768,0.008370509021774036,-3.7205183664763126,0.007155849933176752
-0.006157597242067359,0.8054991882165224,0.010122909661567111,-0.0017453292519943296,-0.024783675378319478,0.004014257279586958,0.0,-0.003000337645639486,-0.013841759218612002,-3.7205183664763126,-0.005061454830783556
0.06044287405015729,-1.713270565743744,0.010122909661567111,-0.008726646259971648,-0.024783675378319478,0.005934119456780721,0.0,-0.00010122736774459798,-0.0,-3.7205183664763126,0.0024434609527920616
0.012468906694398553,-2.4280796408152416,0.010297442586766544,0.00017453292519943296,-0.024609142453120045,-0.018675022996339326,0.0,-0.005367987515014896,0.008370509021774036,-3.7205183664763126,-0.0013962634015954637
-0.013588494453754627,1.7796843451787607,0.010122909661567111,0.004537856055185257,-0.024783675378319478,0.0024434609527920616,0.0,-0.008268852780850657,-0.0054712501968379665,-3.7205183664763126,-0.0024434609527920616
0.047194808724596034,4.981872687610605,0.010122909661567111,-0.010821041362364843,-0.024783675378319478,0.0027925268031909274,0.0,-0.002899110277894888,-0.013841759218612002,-3.7205183664763126,0.007504915783575617
0.012903293358183606,-5.088475346049527,0.010122909661567111,-0.006283185307179586,-0.024609142453120045,0.01117010721276371,0.0,-0.003000337645639486,-0.013841759218612002,-3.7205183664763126,-0.00890117918517108
0.027854005166472018,-8.098735867713172,0.010122909661567111,-0.010297442586766544,-0.024609142453120045,-0.004014257279586958,0.0,0.003000337645639486,0.013841759218612002,-3.7205183664763126,-0.012566370614359171
0.020266223186401956,-2.3062884863386515,0.010122909661567111,0.003490658503988659,-0.024783675378319478,-0.005235987755982988,0.0,0.00010122736774459798,-0.0,-3.7205183664763126,0.0022689280275926286
0.0007821340889376833,5.07497941638963,0.010122909661567111,0.009599310885968814,-0.024609142453120045,-0.005934119456780721,0.0,-0.003000337645639486,-0.013841759218612002,-3.7205183664763126,0.005235987755982988
0.0034310420272269182,0.5272746886106385,0.010122909661567111,0.0005235987755982988,-0.024609142453120045,-0.004537856055185257,0.0,0.0,-0.0,-3.7205183664763126,0.0029670597283903604
-0.021068368073536653,4.78039196025743,0.010122909661567111,0.012740903539558606,-0.024609142453120045,-0.00767944870877505,0.0,0.005470969870700366,-0.008370509021774036,-3.7205183664763126,0.010471975511965976
0.006661301837473017,2.3338989417583833,0.010297442586766544,0.0041887902047863905,-0.024609142453120045,0.0029670597283903604,0.0,0.00010297260602189043,-0.0,-3.7205183664763126,-0.0015707963267948964
-0.0378442412874731,0.6826802149633314,0.010122909661567111,0.006457718232379019,-0.024609142453120045,-0.004363323129985824,0.0,-0.00010122736774459798,-0.0,-3.7205183664763126,0.0024434609527920616
-0.0049900085516722545,-1.8566840734830994,0.010122909661567111,-0.003839724354387525,-0.024609142453120045,-0.004363323129985824,0.0,-0.00010122736774459798,-0.0,-3.7205183664763126,-0.0024434609527920616
0.029000744185988258,9.325502647981303,0.010297442586766544,0.002617993877991494,-0.024609142453120045,0.006108652381980154,0.0,0.0025718550095658703,-0.022212268240386038,-3.7205183664763126,0.011344640137963142
-0.0373787480166418,1.2447219329230517,0.010122909661567111,0.004537856055185257,-0.024783675378319478,-0.0020943951023931952,0.0,0.00010122736774459798,-0.0,-3.7205183664763126,-0.0005235987755982988
-0.034269169922202594,-1.387714756684353,0.010122909661567111,0.0024434609527920616,-0.024609142453120045,0.0015707963267948964,0.0,0.0,-0.0,-3.7205183664763126,-0.004363323129985824
-0.0039920509377549766,-1.6871317866128608,0.010122909661567111,-0.0010471975511965976,-0.024609142453120045,0.0017453292519943296,0.0,0.0,-0.0,-3.7205183664763126,0.0005235987755982988
-0.024769717355592004,1.6433696668688367,0.010122909661567111,0.006457718232379019,-0.024609142453120045,-0.015707963267948967,0.0,0.0,-0.0,-3.7205183664763126,0.006457718232379019
-0.05082229162342686,0.6015950703189595,0.010297442586766544,0.0054105206811824215,-0.024609142453120045,0.0027925268031909274,0.0,0.00010297260602189043,-0.0,-3.7205183664763126,-0.0033161255787892262
-0.014482475672704264,5.576642245584347,0.010122909661567111,0.0054105206811824215,-0.024609142453120045,-0.013439035240356337,0.0,-0.002997921882548078,-0.01384226502391101,-3.720692899401512,0.008726646259971648
-0.07426716262637524,-6.814616388301371,0.010122909661567111,0.004537856055185257,-0.024783675378319478,-0.00017453292519943296,0.0,-0.00279788291015029,-0.013841759218612002,-3.7205183664763126,-0.012217304763960308
-0.03472672137412783,1.5713145684059884,0.010122909661567111,0.013613568165555772,-0.024783675378319478,0.012217304763960308,0.0,-0.0054724306419378,0.008369553980987389,-3.720692899401512,0.00942477796076938
-0.013703621880884184,2.134268447627984,0.010297442586766544,0.006108652381980154,-0.024783675378319478,0.004537856055185257,0.0,0.00010297260602189043,-0.0,-3.7205183664763126,0.0015707963267948964
-0.03918025247112399,-0.35569908928794697,0.010122909661567111,0.006457718232379019,-0.024783675378319478,0.0022689280275926286,0.0,-0.00010122736774459798,-0.0,-3.7205183664763126,0.0015707963267948964
-0.009539889865753388,-2.663846325384805,0.010122909661567111,-0.0008726646259971648,-0.024783675378319478,0.011519173063162575,0.0,-0.0028966945148034802,-0.01384226502391101,-3.720692899401512,-0.005934119456780721
0.0238374934689859,1.1190254650954194,0.010122909661567111,-0.006981317007977318,-0.024783675378319478,0.003839724354387525,0.0,-0.0028966945148034802,-0.01384226502391101,-3.720692899401512,-0.0033161255787892262
0.006125647607181344,-1.3471690080272771,0.010122909661567111,-0.003839724354387525,-0.024783675378319478,0.0005235987755982988,0.0,0.0,-0.0,-3.720692899401512,-0.0008726646259971648
0.008878077542994916,1.91712957944476,0.010122909661567111,0.0019198621771937625,-0.024783675378319478,-0.005061454830783556,0.0,-0.00279788291015029,-0.013841759218612002,-3.7205183664763126,-0.004886921905584123
-0.04159059985418344,0.8853393308533503,0.010122909661567111,0.010821041362364843,-0.024783675378319478,-0.0008726646259971648,0.0,0.00020245473548919596,-0.0,-3.7205183664763126,0.0024434609527920616
-0.0037632643783331926,-1.069215048326594,0.010122909661567111,-0.00890117918517108,-0.024783675378319478,-0.0015707963267948964,0.0,-0.00020245473548919596,-0.0,-3.7205183664763126,-0.0024434609527920616
0.034232414674121546,4.791119957679273,0.010122909661567111,0.006981317007977318,-0.024783675378319478,-0.0010471975511965976,0.0,-0.005369742502955768,0.008370509021774036,-3.7205183664763126,0.006981317007977318
0.008567014565163232,1.0295375075007738,0.010122909661567111,0.0005235987755982988,-0.024783675378319478,0.0022689280275926286,0.0,-0.0026942397793142843,-0.01384226502391101,-3.720692899401512,-0.0020943951023931952
0.024647617744156743,-4.225113149069561,0.010122909661567111,-0.0029670597283903604,-0.024783675378319478,-0.0033161255787892262,0.0,-0.0028966945148034802,-0.01384226502391101,-3.720692899401512,-0.007155849933176752
-0.006203833016594238,-4.256168435974782,0.010122909661567111,0.0010471975511965976,-0.024783675378319478,-0.0033161255787892262,0.0,-0.0054724306419378,0.008369553980987389,-3.720692899401512,-0.003490658503988659
0.04594855619131951,-0.8605690830968205,0.010122909661567111,-0.010122909661567111,-0.024783675378319478,-0.0015707963267948964,0.0,-0.00010122736774459798,-0.0,-3.720692899401512,-0.00034906585039886593
0.03843307621263823,-0.9558807725789125,0.010122909661567111,-0.0008726646259971648,-0.024783675378319478,-0.004537856055185257,0.0,0.00010122736774459798,-0.0,-3.720692899401512,-0.004014257279586958
-0.00993050140079028,-4.946542243384484,0.010122909661567111,0.0017453292519943296,-0.024783675378319478,0.003665191429188092,0.0,0.0,-0.0,-3.720692899401512,-0.002617993877991494
0.0029127030815611454,-5.391791325305408,0.010297442586766544,-0.0066322511575784525,-0.024783675378319478,-0.0017453292519943296,0.0,0.0,-0.0,-3.720692899401512,-0.011344640137963142
-0.021618309242996563,-6.371456709769275,0.010297442586766544,0.009075712110370514,-0.024783675378319478,-0.0164060949687467,0.0,-0.0027937167466626825,-0.01384226502391101,-3.720692899401512,-0.010297442586766544
-0.004190609115407898,-1.2858470744221941,0.010122909661567111,0.004537856055185257,-0.024783675378319478,-0.0015707963267948964,0.0,-0.005371203274193202,0.008369553980987389,-3.720692899401512,0.005235987755982988
-0.04635028510829184,-2.242792675663469,0.010122909661567111,0.0066322511575784525,-0.024783675378319478,-0.012391837689159739,0.0,-0.0027954671470588823,-0.01384226502391101,-3.720692899401512,-0.006457718232379019
-0.00715881870048027,-0.6463590742246486,0.010122909661567111,0.0022689280275926286,-0.024783675378319478,-0.008726646259971648,0.0,-0.00010122736774459798,-0.0,-3.7205183664763126,-0.004537856055185257
-0.02611099996563261,-4.9316679507391,0.010122909661567111,0.005759586531581287,-0.024783675378319478,-0.0006981317007977319,0.0,0.0026769634948789174,-0.0222118190048984,-3.720692899401512,-0.012915436464758038
-0.006977508015322317,-7.029952932103986,0.010122909661567111,0.004363323129985824,-0.024783675378319478,-0.0020943951023931952,0.0,0.002997921882548078,0.01384226502391101,-3.720692899401512,-0.007330382858376184
-0.003223756363532253,-7.418382944415717,0.010122909661567111,-0.00471238898038469,-0.024609142453120045,0.0022689280275926286,0.0,-0.0028966945148034802,-0.01384226502391101,-3.720692899401512,-0.009250245035569947
-0.017082197590027912,1.5925215051205754,0.010297442586766544,-0.004537856055185257,-0.024609142453120045,0.0054105206811824215,0.0,-0.00010297260602189043,-0.0,-3.720692899401512,0.008028514559173916
-0.008812686517408434,6.5242943047898505,0.010297442586766544,0.008726646259971648,-0.024609142453120045,0.0019198621771937625,0.0,0.00010297260602189043,-0.0,-3.720692899401512,0.003839724354387525
-0.02897862408321706,-0.15618287760689753,0.010122909661567111,0.003839724354387525,-0.024783675378319478,0.0027925268031909274,0.0,0.0,-0.0,-3.720692899401512,-0.0013962634015954637
0.0004192040869679331,7.332013825375782,0.010122909661567111,-0.0020943951023931952,-0.024609142453120045,0.004886921905584123,0.0,0.0028966945148034802,0.01384226502391101,-3.720692899401512,0.012915436464758038
0.015280449782450632,-3.5579251407042123,0.010122909661567111,-0.013439035240356337,-0.024609142453120045,-0.006981317007977318,0.0,0.0,-0.0,-3.720692899401512,-0.007330382858376184
0.014477402345988445,-0.1926031971161466,0.010297442586766544,0.006283185307179586,-0.024609142453120045,-0.0027925268031909274,0.0,0.00010297260602189043,-0.0,-3.720692899401512,0.00017453292519943296
-0.006283615531660961,2.029806646694929,0.010122909661567111,0.0019198621771937625,-0.024609142453120045,-0.0027925268031909274,0.0,-0.0028966945148034802,-0.01384226502391101,-3.720692899401512,0.00034906585039886593
-0.016112670697256713,-4.215932908574224,0.010122909661567111,0.003839724354387525,-0.024783675378319478,-0.003490658503988659,0.0,-0.0027954671470588823,-0.01384226502391101,-3.720692899401512,-0.004014257279586958
-0.07261621702566018,-3.8345957413488954,0.010122909661567111,0.0164060949687467,-0.024609142453120045,0.0027925268031909274,0.0,-0.0054724306419378,0.008369553980987389,-3.720692899401512,-0.0019198621771937625
0.027967746767431086,-1.1292740178740968,0.010122909661567111,-0.00820304748437335,-0.024609142453120045,0.010297442586766544,0.0,-0.00010122736774459798,-0.0,-3.720692899401512,-0.0020943951023931952
-0.015636808483172122,0.3451771422124976,0.010122909661567111,0.0041887902047863905,-0.024609142453120045,-0.0015707963267948964,0.0,-0.0054724306419378,0.008369553980987389,-3.720692899401512,0.006981317007977318
-0.011867142883178815,1.560715104311254,0.010122909661567111,-0.005585053606381855,-0.024783675378319478,0.008377580409572781,0.0,0.0,-0.0,-3.720692899401512,0.003839724354387525
0.007798939724298622,3.6245218166232123,0.010122909661567111,0.007853981633974483,-0.024609142453120045,-0.014486232791552936,0.0,-0.0027954671470588823,-0.01384226502391101,-3.720692899401512,0.0041887902047863905
-0.006029582974373506,3.3276257795549293,0.010122909661567111,0.005585053606381855,-0.024783675378319478,0.005759586531581287,0.0,0.00010122736774459798,-0.0,-3.720692899401512,0.002617993877991494
-0.0029054679889720303,-2.489041603418924,0.010122909661567111,-0.00471238898038469,-0.024609142453120045,-0.010995574287564275,0.0,-0.005573658009682398,0.008369553980987389,-3.720692899401512,0.00034906585039886593
0.013485120844410132,-5.44937364952139,0.010122909661567111,0.004014257279586958,-0.024783675378319478,-0.006981317007977318,0.0,-0.0027954671470588823,-0.01384226502391101,-3.720692899401512,-0.00820304748437335
-0.010279814951838617,0.8843932913771684,0.010122909661567111,0.002617993877991494,-0.024783675378319478,0.0008726646259971648,0.0,-0.0027954671470588823,-0.01384226502391101,-3.720692899401512,-0.0020943951023931952
-0.003650284136055383,1.2072799754354124,0.010122909661567111,0.0054105206811824215,-0.024783675378319478,0.003665191429188092,0.0,0.00010122736774459798,-0.0,-3.720692899401512,0.0033161255787892262
0.03586738218092942,2.1032583667788907,0.010122909661567111,-0.011344640137963142,-0.024783675378319478,0.0029670597283903604,0.0,-0.0028966945148034802,-0.01384226502391101,-3.720692899401512,0.0005235987755982988
-0.013858610822624405,-2.5109298730437923,0.010122909661567111,-0.0012217304763960308,-0.024783675378319478,-0.009773843811168246,0.0,0.0,-0.0,-3.720692899401512,0.002617993877991494
-0.026085926490457868,-2.5988128306942944,0.010122909661567111,0.009599310885968814,-0.024783675378319478,-0.003665191429188092,0.0,0.0,-0.0,-3.720692899401512,-0.006806784082777886
-0.03251458257700697,-2.847389512526044,0.010297442586766544,0.011344640137963142,-0.024609142453120045,0.011344640137963142,0.0,0.00020594521204378086,-0.0,-3.720692899401512,-0.0
-0.03820177280051734,-0.31777272835562226,0.010122909661567111,0.011868238913561441,-0.024783675378319478,-0.0027925268031909274,0.0,0.0,-0.0,-3.720692899401512,-0.0005235987755982988
0.025636410125804622,-0.3025265542504969,0.010122909661567111,-0.007853981633974483,-0.024783675378319478,0.007155849933176752,0.0,-0.00010122736774459798,-0.0,-3.720692899401512,0.0010471975511965976
-0.036653936224235475,-5.581119221976607,0.010122909661567111,0.00767944870877505,-0.024783675378319478,0.00017453292519943296,0.0,-0.0054724306419378,0.008369553980987389,-3.720692899401512,-0.007504915783575617
-0.021607227108463287,-0.39552907726435554,0.010297442586766544,0.0066322511575784525,-0.024783675378319478,-0.0020943951023931952,0.0,0.00010297260602189043,-0.0,-3.720692899401512,-0.0017453292519943296
0.03643223842603078,9.842537231822394,0.010122909661567111,-0.0033161255787892262,-0.024783675378319478,0.009250245035569947,0.0,0.0026769634948789174,-0.0222118190048984,-3.720692899401512,0.014835298641951801
0.0026742782281763866,2.4359730324789632,0.010297442586766544,0.0013962634015954637,-0.024783675378319478,-0.005585053606381855,0.0,0.00010297260602189043,-0.0,-3.720692899401512,0.0022689280275926286
-0.021018507590783102,0.4155569220077544,0.010122909661567111,0.0054105206811824215,-0.024783675378319478,-0.004014257279586958,0.0,-0.00010122736774459798,-0.0,-3.720692899401512,0.0033161255787892262
0.02584657789935472,6.331063783097895,0.010122909661567111,-0.0024434609527920616,-0.024783675378319478,0.00034906585039886593,0.0,0.0,-0.0,-3.720692899401512,0.0020943951023931952
-0.018406378459371493,3.310763386184191,0.010122909661567111,0.005235987755982988,-0.024783675378319478,0.007504915783575617,0.0,-0.0028966945148034802,-0.01384226502391101,-3.720692899401512,0.00471238898038469
0.00021885602984951567,8.189934920106257,0.010122909661567111,-0.0005235987755982988,-0.024783675378319478,-0.0008726646259971648,0.0,0.0028966945148034802,0.01384226502391101,-3.720692899401512,0.010297442586766544
-0.00021951398304937474,3.370823824230948,0.010122909661567111,0.00820304748437335,-0.024783675378319478,0.0010471975511965976,0.0,0.00010122736774459798,-0.0,-3.720692899401512,0.006457718232379019
-0.05035040651544013,-0.539473598242976,0.010122909661567111,-0.0006981317007977319,-0.024609142453120045,0.0033161255787892262,0.0,0.0,-0.0,-3.720692899401512,0.0015707963267948964
0.01369197643668252,-0.12275077953437562,0.010122909661567111,-0.010122909661567111,-0.024783675378319478,0.003665191429188092,0.0,0.0054724306419378,-0.008369553980987389,-3.720692899401512,-0.005061454830783556
0.035175457860068225,-7.15887655757236,0.010122909661567111,-0.013962634015954637,-0.024783675378319478,-0.0029670597283903604,0.0,-0.003099149250292676,-0.01384226502391101,-3.720692899401512,-0.00890117918517108
-0.003676224534901341,0.9071242939212303,0.010122909661567111,0.003665191429188092,-0.024783675378319478,0.003665191429188092,0.0,0.0,-0.0,-3.720692899401512,-0.0010471975511965976
-0.0018207389134722596,-9.629165692561694,0.010122909661567111,-0.01064650843716541,-0.024783675378319478,-0.01117010721276371,0.0,-0.002997921882548078,-0.01384226502391101,-3.720692899401512,-0.011868238913561441
-0.07462563856104218,2.8139161841019926,0.010122909661567111,0.007155849933176752,-0.024609142453120045,-0.009075712110370514,0.0,-0.00020245473548919596,-0.0,-3.720692899401512,0.007330382858376184
0.02338413439695864,-0.3025209445897622,0.010122909661567111,-0.0012217304763960308,-0.024783675378319478,-0.004363323129985824,0.0,0.0,-0.0,-3.720692899401512,-0.0012217304763960308
0.005160571020573868,1.0922562260623163,0.010122909661567111,-0.008028514559173916,-0.024783675378319478,0.0012217304763960308,0.0,0.0,-0.0,-3.720692899401512,0.0019198621771937625
0.0184692728495579,2.0185632991439877,0.010122909661567111,-0.007155849933176752,-0.024783675378319478,-0.012217304763960308,0.0,0.0027954671470588823,0.01384226502391101,-3.720692899401512,0.010471975511965976
-0.018175838045979158,-2.1448283153273255,0.010122909661567111,0.003839724354387525,-0.024783675378319478,0.004537856055185257,0.0,0.0,-0.0,-3.720692899401512,-0.008028514559173916
-0.0030031605665727305,8.267837777734593,0.010297442586766544,0.008028514559173916,-0.024783675378319478,-0.003665191429188092,0.0,-0.002369786324942667,0.0222118190048984,-3.720692899401512,0.020420352248333655
-0.0017585347404265816,-0.8897715586748212,0.010122909661567111,-0.006283185307179586,-0.024783675378319478,-0.0019198621771937625,0.0,-0.00010122736774459798,-0.0,-3.720692899401512,-0.0013962634015954637
0.01961808822794231,-3.1591757453303204,0.010122909661567111,-0.003141592653589793,-0.024783675378319478,-0.008726646259971648,0.0,-0.0028966945148034802,-0.01384226502391101,-3.720692899401512,-0.0054105206811824215
0.013579862016157648,4.974866324185369,0.010297442586766544,-0.00034906585039886593,-0.024783675378319478,0.0005235987755982988,0.0,-0.0027937167466626825,-0.01384226502391101,-3.720692899401512,0.003839724354387525
0.026053013512650203,1.3634856204554993,0.010122909661567111,-0.007330382858376184,-0.024783675378319478,-0.003839724354387525,0.0,-0.00010122736774459798,-0.0,-3.720692899401512,-0.00034906585039886593
0.015743563326804794,5.237033609728893,0.010122909661567111,0.004363323129985824,-0.024783675378319478,-0.003839724354387525,0.0,-0.0028942786634737158,-0.013842770407550513,-3.720867432326711,0.00942477796076938
0.028804810151943683,6.941935342595852,0.010122909661567111,-0.010471975511965976,-0.024783675378319478,-0.00767944870877505,0.0,0.0027954671470588823,0.01384226502391101,-3.720692899401512,0.012740903539558606
0.011635999297604085,-3.216656766882828,0.010122909661567111,0.0010471975511965976,-0.024783675378319478,-0.003141592653589793,0.0,0.0,-0.0,-3.720692899401512,-0.006806784082777886
0.006918467132324064,2.168967650919567,0.010122909661567111,0.0033161255787892262,-0.024783675378319478,0.004537856055185257,0.0,-0.005371203274193202,0.008369553980987389,-3.720692899401512,0.005585053606381855
0.0033042786702432475,-6.08512764999057,0.010297442586766544,0.003141592653589793,-0.024783675378319478,-0.004363323129985824,0.0,-0.0052664756776272395,0.008369553980987389,-3.720692899401512,-0.010995574287564275
-0.014314683081384444,-6.942368601553424,0.010122909661567111,-0.005061454830783556,-0.024783675378319478,-0.006108652381980154,0.0,-0.0028966945148034802,-0.01384226502391101,-3.720692899401512,-0.00767944870877505
0.00797437632652125,0.6381760176926073,0.010297442586766544,-0.004886921905584123,-0.024783675378319478,-0.00034906585039886593,0.0,0.00557685409762767,-0.008368598685249551,-3.720867432326711,-0.0019198621771937625
0.001328833659303591,9.000823923712153,0.010122909661567111,-0.0013962634015954637,-0.024783675378319478,0.0015707963267948964,0.0,-0.0025757361271343195,0.0222118190048984,-3.720692899401512,0.016929693744344994
-0.016415387284021834,-4.122164512768195,0.010122909661567111,0.005061454830783556,-0.024783675378319478,0.0027925268031909274,0.0,0.00010122736774459798,-0.0,-3.720692899401512,-0.012391837689159739
-0.019557364441217105,3.8144339194730708,0.010297442586766544,0.009948376736367679,-0.024783675378319478,0.00034906585039886593,0.0,0.003102634564728354,0.01384226502391101,-3.720692899401512,0.013613568165555772
0.07237139386752205,6.312697692446488,0.010297442586766544,-0.0066322511575784525,-0.024783675378319478,0.0006981317007977319,0.0,-0.002688328293616249,-0.013842770407550513,-3.720867432326711,0.008552113334772215
0.017114445164909693,4.702628855277672,0.010122909661567111,-0.005061454830783556,-0.024783675378319478,-0.0024434609527920616,0.0,0.0,-0.0,-3.720692899401512,0.004886921905584123
0.013508045683822953,-5.0339856748761775,0.010297442586766544,-0.009599310885968814,-0.024783675378319478,0.0033161255787892262,0.0,0.003102634564728354,0.01384226502391101,-3.720692899401512,-0.005235987755982988
0.023873394049327683,0.4744347285167213,0.010122909661567111,-0.0020943951023931952,-0.024783675378319478,0.0033161255787892262,0.0,0.0,-0.0,-3.720867432326711,-0.0005235987755982988
-0.04657168391458659,-9.720143057686903,0.010122909661567111,0.0029670597283903604,-0.024609142453120045,-0.0019198621771937625,0.0,-0.0025757361271343195,0.0222118190048984,-3.720692899401512,-0.012740903539558606
-0.012010331585921798,1.486275996385268,0.010297442586766544,0.0005235987755982988,-0.024783675378319478,0.0017453292519943296,0.0,-0.005370908885583889,0.008368598685249551,-3.720867432326711,0.005759586531581287
-0.027173926349851406,-1.7967493438764486,0.010122909661567111,-0.0,-0.024783675378319478,0.00034906585039886593,0.0,-0.00557511861422006,0.008368598685249551,-3.720867432326711,0.0015707963267948964
-0.029279595531268802,4.575664953460728,0.010297442586766544,0.009773843811168246,-0.024783675378319478,-0.0015707963267948964,0.0,0.003102634564728354,0.01384226502391101,-3.720692899401512,0.011868238913561441
0.008111678508848748,-7.549731205292901,0.010122909661567111,-0.011519173063162575,-0.024783675378319478,-0.0017453292519943296,0.0,0.0029955060312183137,0.013842770407550513,-3.720867432326711,-0.011519173063162575
-0.029107675629939146,-4.276725561448744,0.010122909661567111,0.012391837689159739,-0.024783675378319478,0.0005235987755982988,0.0,0.00020245473548919596,-0.0,-3.720867432326711,-0.0019198621771937625
-0.0031279391865231365,0.551430814294018,0.010297442586766544,-0.006981317007977318,-0.024783675378319478,0.00017453292519943296,0.0,0.005473881491605779,-0.008368598685249551,-3.720867432326711,-0.0027925268031909274
0.0023562094615998193,0.5883771490155021,0.010297442586766544,0.0033161255787892262,-0.024783675378319478,0.0008726646259971648,0.0,-0.005370908885583889,0.008368598685249551,-3.720867432326711,0.005934119456780721
-0.0069196757857264484,-3.0175404849651937,0.010122909661567111,0.00942477796076938,-0.024783675378319478,-0.004886921905584123,0.0,0.00010122736774459798,-0.0,-3.720867432326711,-0.004014257279586958
0.0005868576528245278,4.486582535290233,0.010122909661567111,-0.003665191429188092,-0.024783675378319478,0.003665191429188092,0.0,0.0028966945148034802,0.01384226502391101,-3.720692899401512,0.012915436464758038
-0.01813155677259568,-2.41928486736125,0.010122909661567111,0.006981317007977318,-0.024783675378319478,-0.0015707963267948964,0.0,-0.0054724306419378,0.008369553980987389,-3.720692899401512,-0.0015707963267948964
0.028894059364464215,1.0705220787112988,0.010297442586766544,0.0005235987755982988,-0.024783675378319478,0.004014257279586958,0.0,0.00010297260602189043,-0.0,-3.720692899401512,0.0029670597283903604
-0.029410375065716705,-4.488570307245336,0.010122909661567111,-0.0019198621771937625,-0.024783675378319478,0.013089969389957472,0.0,-0.00010122736774459798,-0.0,-3.720867432326711,-0.009075712110370514
0.016061093285185003,-4.012626271787211,0.010122909661567111,-0.0054105206811824215,-0.024783675378319478,-0.016231562043547264,0.0,0.0,-0.0,-3.720692899401512,0.0006981317007977319
0.01612230630000893,0.08430107630247317,0.010122909661567111,0.0006981317007977319,-0.024783675378319478,0.00017453292519943296,0.0,0.00010122736774459798,-0.0,-3.720867432326711,0.00017453292519943296
0.03583830528831903,6.254462017423279,0.010122909661567111,-0.006981317007977318,-0.024783675378319478,0.00942477796076938,0.0,-0.005473891246475461,0.008368598685249551,-3.720867432326711,0.00820304748437335
0.014604180558066192,7.296484342699281,0.010122909661567111,0.0015707963267948964,-0.024609142453120045,-0.005061454830783556,0.0,-0.002793051295729118,-0.013842770407550513,-3.720867432326711,0.013613568165555772
0.004353406346353913,-1.8568967965204939,0.010122909661567111,-0.0041887902047863905,-0.024609142453120045,0.00767944870877505,0.0,0.005473891246475461,-0.008368598685249551,-3.720867432326711,-0.004886921905584123
0.024249107612330362,6.753840893179305,0.010122909661567111,0.003490658503988659,-0.024783675378319478,-0.0054105206811824215,0.0,0.0025796125830017456,-0.022211369092800064,-3.720867432326711,0.00471238898038469
0.02482681739574716,-2.1261071721983806,0.010122909661567111,-0.0024434609527920616,-0.024783675378319478,0.008377580409572781,0.0,0.005473891246475461,-0.008368598685249551,-3.720867432326711,-0.004886921905584123
0.025471074325840483,5.198758134750017,0.010122909661567111,-0.005759586531581287,-0.024783675378319478,0.00471238898038469,0.0,-0.002793051295729118,-0.013842770407550513,-3.720867432326711,0.004886921905584123
0.03413186350860873,0.04389660153937361,0.010122909661567111,-0.006981317007977318,-0.024783675378319478,0.005235987755982988,0.0,0.0,-0.0,-3.720867432326711,-0.0019198621771937625
-0.001564448935633272,-0.35465141837803965,0.010122909661567111,-0.003839724354387525,-0.024783675378319478,0.0017453292519943296,0.0,0.0,-0.0,-3.720867432326711,-0.0017453292519943296
0.07133539074627814,9.463369315501888,0.010297442586766544,-0.006981317007977318,-0.024783675378319478,0.0029670597283903604,0.0,-0.0025796079859457498,0.022211369092800064,-3.720867432326711,0.015707963267948967
-0.004458586544720248,-1.1324061963954344,0.010122909661567111,0.0027925268031909274,-0.024609142453120045,0.003490658503988659,0.0,-0.005473891246475461,0.008368598685249551,-3.720867432326711,0.003141592653589793
-0.025191011453805888,1.3022422824245659,0.010122909661567111,-0.0012217304763960308,-0.024609142453120045,0.0019198621771937625,0.0,0.0,-0.0,-3.720867432326711,0.0022689280275926286
0.01245896196420435,-4.99174521776806,0.010122909661567111,-0.0033161255787892262,-0.024783675378319478,0.0010471975511965976,0.0,-0.005372663878730864,0.008368598685249551,-3.720867432326711,-0.00820304748437335
0.02630563877966603,4.501625775298158,0.010122909661567111,-0.0010471975511965976,-0.024783675378319478,0.009599310885968814,0.0,0.0,-0.0,-3.720867432326711,0.003490658503988659
0.01890176640509224,-7.299503743422973,0.010297442586766544,-0.00820304748437335,-0.024783675378319478,-0.0022689280275926286,0.0,0.0033085797767721348,0.01384226502391101,-3.720692899401512,-0.012042771838760876
0.035712013839697736,-5.126841689170433,0.010297442586766544,-0.003839724354387525,-0.024783675378319478,-0.00017453292519943296,0.0,0.0,-0.0,-3.720867432326711,-0.003665191429188092
0.0027994545202675567,-3.4259501444888434,0.010122909661567111,-0.0041887902047863905,-0.024783675378319478,-0.01064650843716541,0.0,0.00010122736774459798,-0.0,-3.720867432326711,-0.006806784082777886
-0.03479530028610906,-3.118928998608293,0.010122909661567111,0.0012217304763960308,-0.024783675378319478,0.004537856055185257,0.0,0.00557511861422006,-0.008368598685249551,-3.720867432326711,-0.005759586531581287
-0.01691057588515099,-6.489623143101842,0.010122909661567111,-0.0017453292519943296,-0.024783675378319478,-0.010821041362364843,0.0,0.0028966945148034802,0.01384226502391101,-3.720692899401512,-0.00890117918517108
-0.013837931774043282,-6.726654566630332,0.010122909661567111,0.00034906585039886593,-0.024783675378319478,0.0054105206811824215,0.0,0.0026808399507463436,-0.022211369092800064,-3.720867432326711,-0.013788101090755204
-0.023964796190913937,1.4576255689510198,0.010122909661567111,-0.003490658503988659,-0.024783675378319478,-0.0019198621771937625,0.0,-0.00020245473548919596,-0.0,-3.720867432326711,0.008726646259971648
0.03237244469352335,1.4924376229977971,0.010122909661567111,-0.00890117918517108,-0.024783675378319478,-0.013264502315156905,0.0,0.0027954671470588823,0.01384226502391101,-3.720692899401512,0.007504915783575617
-0.036058790119982205,5.363698884445898,0.010122909661567111,0.016231562043547264,-0.024783675378319478,0.004014257279586958,0.0,-0.002793051295729118,-0.013842770407550513,-3.720867432326711,0.009773843811168246
-0.03397064571533543,2.8990925822851406,0.010122909661567111,0.0006981317007977319,-0.024783675378319478,-0.0008726646259971648,0.0,0.00010122736774459798,-0.0,-3.720867432326711,0.004537856055185257
-0.018343909515819913,-1.4750340720345254,0.010122909661567111,0.010122909661567111,-0.024783675378319478,0.00820304748437335,0.0,0.00557511861422006,-0.008368598685249551,-3.720867432326711,-0.00890117918517108
-0.04069006028250895,-4.525156308598799,0.010122909661567111,0.0033161255787892262,-0.024783675378319478,0.003839724354387525,0.0,0.00010122736774459798,-0.0,-3.720867432326711,0.003665191429188092
0.03780344066524184,3.6805596760038815,0.010122909661567111,-0.0017453292519943296,-0.024783675378319478,-0.011693705988362009,0.0,0.0,-0.0,-3.720867432326711,0.010471975511965976
0.015348025820060859,3.5734771102107343,0.010122909661567111,0.0022689280275926286,-0.024783675378319478,0.010122909661567111,0.0,0.00010122736774459798,-0.0,-3.720867432326711,0.004886921905584123
-0.028069443530568425,5.720963706052846,0.010122909661567111,0.011344640137963142,-0.024783675378319478,-0.008028514559173916,0.0,-0.0029955060312183137,-0.013842770407550513,-3.720867432326711,0.005934119456780721
0.006305229388841485,-0.023138531809959038,0.010122909661567111,0.003141592653589793,-0.024609142453120045,0.016580627893946133,0.0,0.00557511861422006,-0.008368598685249551,-3.720867432326711,-0.003490658503988659
-0.0008711224079673508,0.010968829365638498,0.010122909661567111,0.0022689280275926286,-0.024609142453120045,-0.0005235987755982988,0.0,0.00010122736774459798,-0.0,-3.720867432326711,0.0024434609527920616
0.009819880796682747,5.231491675959184,0.010122909661567111,-0.00034906585039886593,-0.024783675378319478,-0.008377580409572781,0.0,-0.005372663878730864,0.008368598685249551,-3.720867432326711,0.007155849933176752
0.09607159874063981,-1.3624993270434227,0.010122909661567111,-0.019896753472735357,-0.024783675378319478,-0.0033161255787892262,0.0,0.00030368210323379396,-0.0,-3.720867432326711,-0.0024434609527920616
0.0017149225349801201,-1.84607400309494,0.010122909661567111,-0.0017453292519943296,-0.024609142453120045,0.006108652381980154,0.0,0.0,-0.0,-3.720692899401512,0.003141592653589793
0.04164361560088806,-1.966283734921233,0.010122909661567111,-0.009599310885968814,-0.024609142453120045,-0.003490658503988659,0.0,0.00010122736774459798,-0.0,-3.720867432326711,-0.005934119456780721
0.06919263509435691,-1.3772667073645972,0.010122909661567111,-0.009250245035569947,-0.024783675378319478,-0.002617993877991494,0.0,-0.00010122736774459798,-0.0,-3.720867432326711,0.00017453292519943296
-0.04593954206625603,-3.3897360245951225,0.010122909661567111,0.004014257279586958,-0.024783675378319478,0.011344640137963142,0.0,0.0,-0.0,-3.720867432326711,-0.0054105206811824215
0.010259319667129986,-2.955208293485795,0.010297442586766544,0.005585053606381855,-0.024609142453120045,0.0019198621771937625,0.0,0.00010297260602189043,-0.0,-3.720867432326711,-0.003490658503988659
-0.022423827949007484,1.1689284708009606,0.010122909661567111,0.004886921905584123,-0.024609142453120045,-0.010471975511965976,0.0,0.005473891246475461,-0.008368598685249551,-3.720867432326711,-0.0020943951023931952
-0.012963471982651303,1.075804981776462,0.010122909661567111,-0.010471975511965976,-0.024783675378319478,-0.0005235987755982988,0.0,-0.00010122736774459798,-0.0,-3.720867432326711,0.0041887902047863905
0.006166695967549956,0.10337694313870488,0.010122909661567111,0.0027925268031909274,-0.024783675378319478,0.0,0.0,0.00020245473548919596,-0.0,-3.720867432326711,0.0041887902047863905
-0.015007608375197138,1.4685180504849598,0.010122909661567111,-0.0012217304763960308,-0.024783675378319478,0.0015707963267948964,0.0,0.0,-0.0,-3.720867432326711,-0.0
-0.013340595833269873,6.4296418978458725,0.010122909661567111,-0.005061454830783556,-0.024783675378319478,-0.0027925268031909274,0.0,-0.0029955060312183137,-0.013842770407550513,-3.720867432326711,0.010995574287564275
0.05070103941695253,9.865397914103855,0.010122909661567111,-0.006457718232379019,-0.024783675378319478,-0.006981317007977318,0.0,0.0028942786634737158,0.013842770407550513,-3.720867432326711,0.011868238913561441
-0.0651969549342492,-3.0112438977247815,0.010122909661567111,0.013264502315156905,-0.024783675378319478,-0.00017453292519943296,0.0,0.0,-0.0,-3.720867432326711,-0.00820304748437335
-0.02649151526579178,-3.916768472592352,0.010122909661567111,-0.010995574287564275,-0.024783675378319478,0.0033161255787892262,0.0,-0.00010122736774459798,-0.0,-3.720867432326711,-0.00017453292519943296
0.03695293678271643,-2.038472025930956,0.010122909661567111,-0.012740903539558606,-0.024783675378319478,-0.008726646259971648,0.0,0.00030368210323379396,-0.0,-3.720867432326711,-0.005759586531581287
-0.010165421514797419,1.7475183835045813,0.010122909661567111,0.0027925268031909274,-0.024609142453120045,0.004014257279586958,0.0,0.00010122736774459798,-0.0,-3.720867432326711,-0.0005235987755982988
0.03154342235693742,-0.43810742909755507,0.010122909661567111,-0.0020943951023931952,-0.024783675378319478,0.007155849933176752,0.0,0.00020245473548919596,-0.0,-3.720867432326711,-0.004886921905584123
0.0062872757341361765,3.2546398819630005,0.010122909661567111,-0.00890117918517108,-0.024783675378319478,-0.004537856055185257,0.0,-0.00557511861422006,0.008368598685249551,-3.720867432326711,0.0041887902047863905
0.016186860465929476,2.749758340062407,0.010122909661567111,-0.00767944870877505,-0.024783675378319478,0.0024434609527920616,0.0,0.00010122736774459798,-0.0,-3.720867432326711,0.004886921905584123
0.05116223381397521,1.3749581984368648,0.010122909661567111,-0.005934119456780721,-0.024783675378319478,0.010995574287564275,0.0,0.0,-0.0,-3.720867432326711,-0.0020943951023931952
-0.010550102830584236,-0.35008951081917017,0.010122909661567111,0.009948376736367679,-0.024783675378319478,0.0033161255787892262,0.0,0.00557511861422006,-0.008368598685249551,-3.720867432326711,-0.005759586531581287
0.017893969373703064,5.123096798890848,0.010297442586766544,0.002617993877991494,-0.024783675378319478,-0.003490658503988659,0.0,0.0029972461116819205,0.013842770407550513,-3.720867432326711,0.012740903539558606
0.03027370898439658,-3.8522642586324043,0.010122909661567111,-0.004363323129985824,-0.024783675378319478,0.006108652381980154,0.0,-0.005372663878730864,0.008368598685249551,-3.720867432326711,-0.006283185307179586
-0.02360701085972971,-3.4040302207930804,0.010122909661567111,0.006806784082777886,-0.024783675378319478,0.0013962634015954637,0.0,-0.00269182392798452,-0.013842770407550513,-3.720867432326711,-0.0066322511575784525
0.05247872517046882,6.937485957021926,0.010122909661567111,-0.003141592653589793,-0.024783675378319478,-0.00017453292519943296,0.0,0.0026808399507463436,-0.022211369092800064,-3.720867432326711,0.0041887902047863905
0.026821466795244858,1.1373747267646226,0.010122909661567111,0.0008726646259971648,-0.024783675378319478,-0.008552113334772215,0.0,-0.005372663878730864,0.008368598685249551,-3.720867432326711,0.0066322511575784525
0.02802406717402056,-3.8743363007085043,0.010122909661567111,-0.0022689280275926286,-0.024783675378319478,0.0010471975511965976,0.0,0.00030368210323379396,-0.0,-3.720867432326711,-0.007504915783575617
0.026687778534567035,5.815041948280284,0.010122909661567111,0.0008726646259971648,-0.024783675378319478,-0.0017453292519943296,0.0,0.0029955060312183137,0.013842770407550513,-3.720867432326711,0.008028514559173916
-0.009544679784078573,2.197634907336019,0.010122909661567111,0.00820304748437335,-0.024783675378319478,-0.00017453292519943296,0.0,0.00010122736774459798,-0.0,-3.720867432326711,0.005235987755982988
0.0040279897988205445,0.3945381605022961,0.010297442586766544,0.00017453292519943296,-0.024783675378319478,0.004363323129985824,0.0,0.00557685409762767,-0.008368598685249551,-3.720867432326711,-0.00471238898038469
-0.016117722058033097,-3.5847127673602412,0.010122909661567111,0.0013962634015954637,-0.024783675378319478,0.003665191429188092,0.0,-0.00010122736774459798,-0.0,-3.720867432326711,-0.00820304748437335
0.012830434304982824,-1.324190194100138,0.010122909661567111,0.0012217304763960308,-0.024783675378319478,0.010821041362364843,0.0,0.00010122736774459798,-0.0,-3.720867432326711,0.0008726646259971648
0.010637678532268623,1.6668796789318925,0.010122909661567111,0.0024434609527920616,-0.024783675378319478,-0.015009831567151233,0.0,-0.002793051295729118,-0.013842770407550513,-3.720867432326711,-0.0029670597283903604
-0.009206011164008885,0.5424363501434272,0.010122909661567111,-0.0008726646259971648,-0.024783675378319478,-0.005061454830783556,0.0,0.00010122736774459798,-0.0,-3.720867432326711,0.0033161255787892262
-0.02310817469876502,5.405415670484186,0.010122909661567111,0.0066322511575784525,-0.024783675378319478,-0.019024088846738195,0.0,0.005473891246475461,-0.008368598685249551,-3.720867432326711,0.009948376736367679
0.03960341175207638,3.5518106075587834,0.010122909661567111,-0.012217304763960308,-0.024783675378319478,0.0015707963267948964,0.0,-0.00010122736774459798,-0.0,-3.720867432326711,0.002617993877991494
0.018466018452914155,-2.5994378044275974,0.010297442586766544,-0.009948376736367679,-0.024783675378319478,-0.002617993877991494,0.0,0.003100218717703811,0.013842770407550513,-3.720867432326711,0.00034906585039886593
-0.013877540027394343,4.021029748939158,0.010122909661567111,-0.0033161255787892262,-0.024783675378319478,-0.00034906585039886593,0.0,-0.005473891246475461,0.008368598685249551,-3.720867432326711,0.0054105206811824215
0.01657085401776835,-1.5977568032652274,0.010297442586766544,0.003839724354387525,-0.024783675378319478,0.0054105206811824215,0.0,0.00030891781806567127,-0.0,-3.720867432326711,-0.0024434609527920616
-0.019422495282710207,5.135492977705457,0.010297442586766544,0.00017453292519943296,-0.024783675378319478,-0.00471238898038469,0.0,-0.005370908885583889,0.008368598685249551,-3.720867432326711,0.005061454830783556
0.0015619169040716923,2.924009009991022,0.010122909661567111,-0.0020943951023931952,-0.024783675378319478,0.003490658503988659,0.0,-0.002793051295729118,-0.013842770407550513,-3.720867432326711,-0.0013962634015954637
0.016956513966295373,-1.4608523978215113,0.010297442586766544,-0.0019198621771937625,-0.024783675378319478,-0.013788101090755204,0.0,0.0,-0.0,-3.720867432326711,0.0015707963267948964
-0.028614949437404127,-4.943320695404476,0.010122909661567111,0.0022689280275926286,-0.024783675378319478,-0.00471238898038469,0.0,0.0029955060312183137,0.013842770407550513,-3.720867432326711,-0.003839724354387525
-0.07194716842254417,-4.651714670991592,0.010122909661567111,0.011344640137963142,-0.024783675378319478,0.0019198621771937625,0.0,0.005676345981964657,-0.008368598685249551,-3.720867432326711,-0.005235987755982988
0.022853368775214176,5.5424553653260356,0.010122909661567111,-0.006806784082777886,-0.024783675378319478,-0.0027925268031909274,0.0,0.00010122736774459798,-0.0,-3.720867432326711,0.011519173063162575
-0.0029284438142127404,0.3367024152425019,0.010122909661567111,-0.004537856055185257,-0.024783675378319478,-0.0010471975511965976,0.0,0.005473891246475461,-0.008368598685249551,-3.720867432326711,-0.005585053606381855
0.028182263062784603,1.5597971131387454,0.010122909661567111,-0.0015707963267948964,-0.024783675378319478,0.003490658503988659,0.0,0.00010122736774459798,-0.0,-3.720867432326711,0.0041887902047863905
0.013462680133186543,-1.117059474242753,0.010122909661567111,-0.003665191429188092,-0.024783675378319478,-0.003839724354387525,0.0,0.005473891246475461,-0.008368598685249551,-3.720867432326711,-0.006806784082777886
0.0010716939087810151,1.4533959464564985,0.010122909661567111,0.0013962634015954637,-0.024783675378319478,-0.0029670597283903604,0.0,0.00557511861422006,-0.008368598685249551,-3.720867432326711,-0.0006981317007977319
-0.030432440595911485,-3.228608138648145,0.010122909661567111,0.011344640137963142,-0.024783675378319478,0.004537856055185257,0.0,0.00020245473548919596,-0.0,-3.720867432326711,-0.0027925268031909274
-0.021484375007838227,-1.5672311258608194,0.010122909661567111,0.0013962634015954637,-0.024783675378319478,-0.0022689280275926286,0.0,-0.00010122736774459798,-0.0,-3.720867432326711,-0.003665191429188092
-0.031715352395119314,-6.100227315376092,0.010122909661567111,0.00471238898038469,-0.024783675378319478,0.006283185307179586,0.0,-0.002793051295729118,-0.013842770407550513,-3.720867432326711,-0.006981317007977318
0.03365936524232311,0.00720929752243638,0.010122909661567111,-0.0005235987755982988,-0.024783675378319478,0.010471975511965976,0.0,0.00020245473548919596,-0.0,-3.720867432326711,0.0013962634015954637
0.07196024159564349,1.8149695833487545,0.010122909661567111,-0.009250245035569947,-0.024783675378319478,-0.0013962634015954637,0.0,-0.00010122736774459798,-0.0,-3.720867432326711,0.0008726646259971648
0.01618599354225829,4.782457778593031,0.010122909661567111,-0.0,-0.024783675378319478,-0.0012217304763960308,0.0,0.005473891246475461,-0.008368598685249551,-3.720867432326711,0.007853981633974483
-0.001522750127756981,-1.523869743482994,0.010122909661567111,-0.0008726646259971648,-0.024783675378319478,-0.003665191429188092,0.0,0.00010122736774459798,-0.0,-3.720867432326711,-0.003665191429188092
-0.04037866725827571,-0.629755711558457,0.010122909661567111,0.003839724354387525,-0.024783675378319478,0.0008726646259971648,0.0,0.0,-0.0,-3.720867432326711,0.0017453292519943296
0.046289936843603184,7.181371625595315,0.010122909661567111,-0.006457718232379019,-0.024783675378319478,0.00820304748437335,0.0,0.0028942786634737158,0.013842770407550513,-3.720867432326711,0.011344640137963142
0.018114209365317453,-5.738130007414008,0.010122909661567111,-0.013089969389957472,-0.024783675378319478,0.004014257279586958,0.0,0.0,-0.0,-3.720867432326711,-0.016755160819145562
-0.008548764642218213,-4.509583459090059,0.010122909661567111,-0.0041887902047863905,-0.024783675378319478,0.0012217304763960308,0.0,0.0,-0.0,-3.720867432326711,-0.0017453292519943296
-0.04161834688195959,-2.9414231227352627,0.010122909661567111,0.0153588974175501,-0.024783675378319478,-0.0012217304763960308,0.0,0.0,-0.0,-3.720867432326711,-0.00890117918517108
-0.030004878235907074,-4.688925646078358,0.010297442586766544,0.008377580409572781,-0.024783675378319478,-0.0017453292519943296,0.0,0.00567982670364956,-0.008368598685249551,-3.720867432326711,-0.003490658503988659
-0.025847507959318308,-3.254988667239302,0.010122909661567111,-0.0,-0.024783675378319478,0.0066322511575784525,0.0,0.0028942786634737158,0.013842770407550513,-3.720867432326711,-0.002617993877991494
0.01553194678602613,2.0334544207715757,0.010122909661567111,-0.006283185307179586,-0.024783675378319478,0.011693705988362009,0.0,-0.005473891246475461,0.008368598685249551,-3.720867432326711,0.006457718232379019
0.012604774897009839,-0.1309341648366673,0.010122909661567111,-0.003141592653589793,-0.024783675378319478,0.010122909661567111,0.0,0.005676345981964657,-0.008368598685249551,-3.720867432326711,-0.006806784082777886
-0.0038641027974957525,5.887155060755833,0.010122909661567111,-0.0005235987755982988,-0.024783675378319478,0.0010471975511965976,0.0,0.0029955060312183137,0.013842770407550513,-3.720867432326711,0.013264502315156905
0.041245030673697836,0.1662309510983809,0.010297442586766544,-0.011693705988362009,-0.024783675378319478,-0.0019198621771937625,0.0,0.00020594521204378086,-0.0,-3.720867432326711,-0.0027925268031909274
-0.027051738124992133,-2.6988045593809344,0.010122909661567111,0.0012217304763960308,-0.024783675378319478,0.006108652381980154,0.0,-0.002793051295729118,-0.013842770407550513,-3.720867432326711,-0.010122909661567111
0.013906118657849374,2.7652183388159517,0.010122909661567111,-0.0013962634015954637,-0.024783675378319478,-0.00471238898038469,0.0,0.00557511861422006,-0.008368598685249551,-3.720867432326711,0.0019198621771937625
0.04224863719000278,2.193388455859294,0.010122909661567111,-0.010821041362364843,-0.024783675378319478,-0.009599310885968814,0.0,-0.00010122736774459798,-0.0,-3.720867432326711,0.0033161255787892262
-0.03383929562870119,1.8625378208079117,0.010122909661567111,0.010297442586766544,-0.024783675378319478,0.006108652381980154,0.0,0.00010122736774459798,-0.0,-3.720867432326711,0.0020943951023931952
0.02891575662481526,0.8503362195713433,0.010122909661567111,-0.010471975511965976,-0.024783675378319478,-0.004363323129985824,0.0,-0.00010122736774459798,-0.0,-3.720867432326711,0.0015707963267948964
0.008753139407998278,-4.867574885864037,0.010297442586766544,-0.0013962634015954637,-0.024783675378319478,-0.0041887902047863905,0.0,-0.005267936279561999,0.008368598685249551,-3.720867432326711,-0.00820304748437335
-0.015906800931049826,-1.404565555898514,0.010122909661567111,0.0017453292519943296,-0.024783675378319478,-0.012915436464758038,0.0,0.00010122736774459798,-0.0,-3.720867432326711,0.0006981317007977319
-0.01116054773075949,1.984652407287515,0.010122909661567111,-0.0022689280275926286,-0.024783675378319478,0.0017453292519943296,0.0,-0.00010122736774459798,-0.0,-3.720867432326711,0.003665191429188092
-5.995925963218573e-05,-1.9114464178459314,0.010122909661567111,-0.0008726646259971648,-0.024783675378319478,-0.018500490071139894,0.0,0.0,-0.0,-3.720867432326711,0.0015707963267948964
0.022151415668906854,-1.552480574521849,0.010122909661567111,-0.0027925268031909274,-0.024783675378319478,0.020071286397934793,0.0,0.00020245473548919596,-0.0,-3.720867432326711,-0.0010471975511965976
-0.050833001335980156,-0.3121351015831721,0.010122909661567111,0.013439035240356337,-0.024783675378319478,-0.015184364492350668,0.0,0.00020245473548919596,-0.0,-3.720867432326711,0.0005235987755982988
-0.029352434598039098,-0.18262544123638713,0.010122909661567111,0.006283185307179586,-0.024783675378319478,0.0010471975511965976,0.0,0.00010122736774459798,-0.0,-3.720867432326711,0.0012217304763960308
0.01944508429971946,2.6897935950183904,0.010122909661567111,0.0019198621771937625,-0.024783675378319478,-0.0008726646259971648,0.0,0.00010122736774459798,-0.0,-3.720867432326711,0.0027925268031909274
0.012969886491219973,-5.915258720936813,0.010122909661567111,-0.003490658503988659,-0.024783675378319478,0.008552113334772215,0.0,0.0029955060312183137,0.013842770407550513,-3.720867432326711,-0.006283185307179586
-0.008612083358453369,2.003300296056658,0.010122909661567111,-0.005235987755982988,-0.024783675378319478,-0.0019198621771937625,0.0,0.0,-0.0,-3.720867432326711,0.002617993877991494
0.033701036234899256,-5.110818422951667,0.010122909661567111,-0.009948376736367679,-0.024783675378319478,-0.012391837689159739,0.0,-0.0052714365109862655,0.008368598685249551,-3.720867432326711,-0.00942477796076938
0.02315587004033462,-1.8256248152805852,0.010122909661567111,-0.003490658503988659,-0.024783675378319478,-0.006108652381980154,0.0,0.0,-0.0,-3.720867432326711,-0.003141592653589793
-0.020410344079532433,2.9322993076175234,0.010122909661567111,0.010122909661567111,-0.024783675378319478,0.0005235987755982988,0.0,0.0,-0.0,-3.720867432326711,0.005061454830783556
-0.008051877650240631,1.0909495244478622,0.010122909661567111,0.006806784082777886,-0.024783675378319478,0.0008726646259971648,0.0,0.00010122736774459798,-0.0,-3.720867432326711,-0.00034906585039886593
0.03000960616470605,-1.3931942805806228,0.010122909661567111,-0.004363323129985824,-0.024783675378319478,0.004537856055185257,0.0,0.00020245473548919596,-0.0,-3.720867432326711,-0.0041887902047863905
0.004718101170988923,0.030847071917537577,0.010122909661567111,-0.0013962634015954637,-0.024783675378319478,-0.0024434609527920616,0.0,0.0,-0.0,-3.720867432326711,-0.0010471975511965976
0.09618153566258655,6.854559555803224,0.010297442586766544,-0.019024088846738195,-0.024783675378319478,-0.0006981317007977319,0.0,-0.0024823830815724683,-0.013842770407550513,-3.720867432326711,0.012740903539558606
-0.0016953275903278447,10.059264950920735,0.010122909661567111,0.0033161255787892262,-0.024783675378319478,-0.0010471975511965976,0.0,-0.0024783852152571477,0.022211369092800064,-3.720867432326711,0.016580627893946133
-0.006623629682323263,-2.681193122200229,0.010122909661567111,0.0054105206811824215,-0.024783675378319478,0.003839724354387525,0.0,-0.005473891246475461,0.008368598685249551,-3.720867432326711,-0.0020943951023931952
-0.010927881749836615,3.4332158673888773,0.010297442586766544,0.00942477796076938,-0.024783675378319478,0.004537856055185257,0.0,-0.005267936279561999,0.008368598685249551,-3.720867432326711,0.0054105206811824215
0.016045317725167096,-2.237639123565453,0.010122909661567111,-0.008028514559173916,-0.024783675378319478,0.004014257279586958,0.0,0.0029955060312183137,0.013842770407550513,-3.720867432326711,0.00034906585039886593
0.030714809335015865,3.671126014464733,0.010122909661567111,-0.0010471975511965976,-0.024783675378319478,0.00890117918517108,0.0,0.0028942786634737158,0.013842770407550513,-3.720867432326711,0.006981317007977318
-0.021619920195890194,-6.186578198672001,0.010122909661567111,0.00017453292519943296,-0.024783675378319478,-0.0010471975511965976,0.0,0.0029955060312183137,0.013842770407550513,-3.720867432326711,-0.004537856055185257
-0.009271232928424697,0.8023565042570511,0.010122909661567111,-0.004014257279586958,-0.024783675378319478,0.0,0.0,-0.0028942786634737158,-0.013842770407550513,-3.720867432326711,-0.008028514559173916
-0.0012936016964741975,-2.3390784529254156,0.010122909661567111,0.0015707963267948964,-0.024783675378319478,0.0015707963267948964,0.0,-0.005372663878730864,0.008368598685249551,-3.720867432326711,-0.0006981317007977319
-0.024733340560602786,1.0845909021691182,0.010122909661567111,0.006457718232379019,-0.024783675378319478,0.006457718232379019,0.0,0.00010122736774459798,-0.0,-3.720867432326711,0.0010471975511965976
0.015688523552204594,7.266483451975836,0.010122909661567111,0.0008726646259971648,-0.024783675378319478,-0.0010471975511965976,0.0,0.0026847163280342983,-0.022210918504104737,-3.721041965251911,0.00820304748437335
0.007574173799792017,-0.05218657039562419,0.010122909661567111,-0.002617993877991494,-0.024783675378319478,-0.0010471975511965976,0.0,0.0,-0.0,-3.720867432326711,0.003665191429188092
-0.025448543546539876,-4.550967960064,0.010122909661567111,0.0010471975511965976,-0.024783675378319478,0.005759586531581287,0.0,-0.005372663878730864,0.008368598685249551,-3.720867432326711,-0.006457718232379019
0.014653336859504143,-7.781710708157102,0.010122909661567111,-0.0027925268031909274,-0.024783675378319478,0.0012217304763960308,0.0,-0.0028942786634737158,-0.013842770407550513,-3.720867432326711,-0.011868238913561441
0.00045039942029488465,4.943985594303424,0.010122909661567111,-0.0006981317007977319,-0.024783675378319478,-0.007504915783575617,0.0,-0.00010122736774459798,-0.0,-3.720867432326711,0.010821041362364843
-0.02068727880397732,-2.7377165561848344,0.010122909661567111,-0.0017453292519943296,-0.024783675378319478,-0.010297442586766544,0.0,-0.0028942786634737158,-0.013842770407550513,-3.720867432326711,-0.009250245035569947
0.016173576284324604,4.820361700882416,0.010122909661567111,0.00034906585039886593,-0.024783675378319478,0.006457718232379019,0.0,0.00020245473548919596,-0.0,-3.721041965251911,0.0153588974175501
0.0015901611749860678,0.19427851467201424,0.010122909661567111,-0.004886921905584123,-0.024783675378319478,-0.009773843811168246,0.0,-0.002891862723979169,-0.01384327536951512,-3.721041965251911,-0.007330382858376184
-0.0280888494994343,0.7483504517283633,0.010122909661567111,0.008377580409572781,-0.024783675378319478,0.008552113334772215,0.0,-0.00010122736774459798,-0.0,-3.720867432326711,0.0024434609527920616
-0.002560749754495406,-4.552860367786614,0.010122909661567111,0.00017453292519943296,-0.024783675378319478,-0.007330382858376184,0.0,0.0025834889602897003,-0.022210918504104737,-3.721041965251911,-0.017453292519943295
-0.0003149688214980806,1.6355765806435933,0.010122909661567111,0.0019198621771937625,-0.024783675378319478,0.00820304748437335,0.0,0.0,-0.0,-3.721041965251911,0.0041887902047863905
-0.04738908305475111,-4.461536427846951,0.010122909661567111,0.00820304748437335,-0.024783675378319478,-0.012391837689159739,0.0,0.00020245473548919596,-0.0,-3.720867432326711,-0.003665191429188092
0.007542944235381122,-8.817032022379678,0.010122909661567111,-0.005759586531581287,-0.024783675378319478,-0.009075712110370514,0.0,0.003096733398962912,0.013842770407550513,-3.720867432326711,-0.014486232791552936
0.004701339784905518,-0.7094212971720086,0.010122909661567111,0.006806784082777886,-0.024783675378319478,-0.013089969389957472,0.0,0.00010122736774459798,-0.0,-3.720867432326711,0.0020943951023931952
0.0033506001181120414,0.6497667273196519,0.010122909661567111,0.0019198621771937625,-0.024783675378319478,0.003665191429188092,0.0,0.0,-0.0,-3.721041965251911,0.0013962634015954637
0.010127495539854833,0.5697744663024866,0.010122909661567111,0.0006981317007977319,-0.024783675378319478,0.0054105206811824215,0.0,0.00010122736774459798,-0.0,-3.721041965251911,0.0019198621771937625
0.02772232459448958,1.1675120224973359,0.010122909661567111,-0.010821041362364843,-0.024783675378319478,-0.0012217304763960308,0.0,0.0,-0.0,-3.721041965251911,0.006108652381980154
-0.0017298190375725558,5.757859553827717,0.010122909661567111,-0.0015707963267948964,-0.024783675378319478,0.006283185307179586,0.0,0.0028942786634737158,0.013842770407550513,-3.720867432326711,0.010995574287564275
-0.020283388419491816,-4.65283526749105,0.010122909661567111,-0.00017453292519943296,-0.024783675378319478,0.0027925268031909274,0.0,0.0029955060312183137,0.013842770407550513,-3.720867432326711,-0.004363323129985824
-0.016075687871598986,0.38108870111704524,0.010122909661567111,0.006457718232379019,-0.024783675378319478,0.00034906585039886593,0.0,0.00010122736774459798,-0.0,-3.721041965251911,-0.0017453292519943296
0.04199584689978618,-2.4486559615315415,0.010122909661567111,-0.00890117918517108,-0.024783675378319478,0.005585053606381855,0.0,0.00010122736774459798,-0.0,-3.721041965251911,-0.003665191429188092
-0.010913301561883977,-10.628289715872754,0.010122909661567111,-0.009948376736367679,-0.024783675378319478,0.0024434609527920616,0.0,0.0024822615925451023,-0.022210918504104737,-3.721041965251911,-0.017627825445142728
0.01585799882298617,-0.47651819347456537,0.010122909661567111,-0.0033161255787892262,-0.024783675378319478,0.012566370614359171,0.0,0.005576579052013467,-0.008367643134589615,-3.721041965251911,-0.006283185307179586
0.045510423983209175,3.4162297327117255,0.010122909661567111,-0.0010471975511965976,-0.024783675378319478,-0.006283185307179586,0.0,0.002891862723979169,0.01384327536951512,-3.721041965251911,0.010995574287564275
-0.01602026126547826,2.569819227644479,0.010122909661567111,-0.0029670597283903604,-0.024783675378319478,-0.0006981317007977319,0.0,0.00010122736774459798,-0.0,-3.721041965251911,0.0041887902047863905
0.014077576245074453,4.307150264959928,0.010122909661567111,-0.00034906585039886593,-0.024783675378319478,0.009075712110370514,0.0,0.002891862723979169,0.01384327536951512,-3.721041965251911,0.009250245035569947
0.02818708195092867,-6.040121671273207,0.010122909661567111,-0.01780235837034216,-0.024783675378319478,0.0017453292519943296,0.0,0.0029955060312183137,0.013842770407550513,-3.720867432326711,-0.0066322511575784525
-0.01367185776753203,3.5068947121834264,0.010122909661567111,0.005759586531581287,-0.024783675378319478,-0.004886921905584123,0.0,0.00010122736774459798,-0.0,-3.721041965251911,0.003839724354387525
-0.012373124287499825,1.5594760473958664,0.010122909661567111,-0.005585053606381855,-0.024783675378319478,0.0006981317007977319,0.0,0.0,-0.0,-3.721041965251911,0.00034906585039886593
0.0032764832665287246,7.401658787398745,0.010122909661567111,0.0066322511575784525,-0.024783675378319478,-0.011344640137963142,0.0,-0.0024783852152571477,0.022211369092800064,-3.720867432326711,0.016231562043547264
0.055010292103309655,1.9735236624622172,0.010122909661567111,-0.00942477796076938,-0.024783675378319478,-0.003141592653589793,0.0,-0.002689407988489973,-0.01384327536951512,-3.721041965251911,-0.0
0.05854376408952741,1.9176760179277774,0.010122909661567111,-0.010471975511965976,-0.024783675378319478,-0.012740903539558606,0.0,-0.00010122736774459798,-0.0,-3.721041965251911,-0.0
-0.012531235575844743,1.2845238725957866,0.010122909661567111,0.006806784082777886,-0.024783675378319478,-0.011693705988362009,0.0,0.00010122736774459798,-0.0,-3.721041965251911,0.005235987755982988
0.02435787560220286,3.680047224255522,0.010122909661567111,-0.012740903539558606,-0.024783675378319478,0.0022689280275926286,0.0,0.002793051295729118,0.013842770407550513,-3.720867432326711,0.007504915783575617
-0.03960949492422305,-4.698083447930756,0.010122909661567111,0.010297442586766544,-0.024783675378319478,0.003665191429188092,0.0,0.0028942786634737158,0.013842770407550513,-3.720867432326711,-0.0008726646259971648
-0.0011480159041447186,-2.3197547747061065,0.010122909661567111,-0.00767944870877505,-0.024783675378319478,-0.008726646259971648,0.0,-0.002993090091723767,-0.01384327536951512,-3.721041965251911,-0.012566370614359171
0.0020432191704306784,-4.130421152430288,0.010122909661567111,0.0020943951023931952,-0.024783675378319478,0.0017453292519943296,0.0,-0.005475351684268869,0.008367643134589615,-3.721041965251911,-0.005934119456780721
0.0026357431750453036,4.403650195640545,0.010122909661567111,-0.0005235987755982988,-0.024783675378319478,-0.01117010721276371,0.0,-0.005475351684268869,0.008367643134589615,-3.721041965251911,0.00471238898038469
-0.0008297435615798826,12.979877527138225,0.010122909661567111,0.009075712110370514,-0.024783675378319478,0.005759586531581287,0.0,-0.00040960113143406643,-0.036054193873619855,-3.721041965251911,0.014835298641951801
0.02939110946337184,10.266468925137922,0.010122909661567111,0.005934119456780721,-0.024783675378319478,0.011519173063162575,0.0,-0.0024822615925451023,0.022210918504104737,-3.721041965251911,0.01832595714594046
-0.0033367457762794608,-3.9911455454800056,0.010122909661567111,-0.01117010721276371,-0.024783675378319478,-0.010995574287564275,0.0,0.002891862723979169,0.01384327536951512,-3.721041965251911,-0.003490658503988659
0.01171550822067787,-3.3375379061077783,0.010122909661567111,0.00471238898038469,-0.024783675378319478,-0.0024434609527920616,0.0,0.00010122736774459798,-0.0,-3.721041965251911,-0.003839724354387525
0.028666352451982978,-1.5799820283827153,0.010122909661567111,-0.004014257279586958,-0.024783675378319478,0.002617993877991494,0.0,0.00010122736774459798,-0.0,-3.721041965251911,-0.0012217304763960308
0.001256674636918354,3.333387476404044,0.010122909661567111,0.003141592653589793,-0.024783675378319478,0.010995574287564275,0.0,-0.005374124316524271,0.008367643134589615,-3.721041965251911,0.006457718232379019
0.06417979836027557,1.651391631874675,0.010122909661567111,-0.005934119456780721,-0.024783675378319478,0.009250245035569947,0.0,0.005779033787502663,-0.008367643134589615,-3.721041965251911,-0.0005235987755982988
0.01748966481282887,-0.21692471476455488,0.010122909661567111,-0.006981317007977318,-0.024783675378319478,-0.004014257279586958,0.0,-0.00010122736774459798,-0.0,-3.721041965251911,-0.00034906585039886593
-0.04213678517834572,-4.420743242641906,0.010122909661567111,0.0033161255787892262,-0.024783675378319478,0.010471975511965976,0.0,0.0,-0.0,-3.721041965251911,-0.008726646259971648
0.059247862531377454,-0.08121416018009808,0.010122909661567111,-0.011693705988362009,-0.024783675378319478,-0.004537856055185257,0.0,-0.00010122736774459798,-0.0,-3.721041965251911,0.0019198621771937625
-0.019077198420518367,2.254316069361697,0.010122909661567111,-0.0006981317007977319,-0.024783675378319478,-0.003839724354387525,0.0,-0.00010122736774459798,-0.0,-3.721041965251911,0.0041887902047863905
-0.009780237256272107,7.673220466856276,0.010122909661567111,0.0054105206811824215,-0.024783675378319478,-0.004537856055185257,0.0,0.002993090091723767,0.01384327536951512,-3.721041965251911,0.010297442586766544
0.030227118506788407,-2.6751327982511746,0.010122909661567111,-0.01832595714594046,-0.024783675378319478,-0.0024434609527920616,0.0,0.002993090091723767,0.01384327536951512,-3.721041965251911,0.0006981317007977319
0.03652761399621665,8.545814504848465,0.010122909661567111,-0.00471238898038469,-0.024783675378319478,-0.0019198621771937625,0.0,-0.0025834889602897003,0.022210918504104737,-3.721041965251911,0.01937315469713706
0.02316794325949955,8.629692883974334,0.010122909661567111,-0.005235987755982988,-0.024783675378319478,-0.006108652381980154,0.0,-0.00030837376368946846,-0.036054193873619855,-3.721041965251911,0.0019198621771937625
0.02874193189372771,5.687954305156928,0.010122909661567111,0.0010471975511965976,-0.024783675378319478,0.005585053606381855,0.0,-0.0025834889602897003,0.022210918504104737,-3.721041965251911,0.014660765716752368
-0.052088319311781275,-3.2937204973591916,0.010122909661567111,0.007330382858376184,-0.024783675378319478,0.008726646259971648,0.0,-0.00010122736774459798,-0.0,-3.721041965251911,-0.009773843811168246
0.02268495126250311,-3.177192721935176,0.010122909661567111,-0.008377580409572781,-0.024783675378319478,-0.015707963267948967,0.0,-0.002993090091723767,-0.01384327536951512,-3.721041965251911,-0.007155849933176752
0.008802890264926973,0.9945848831653787,0.010122909661567111,-0.006806784082777886,-0.024783675378319478,0.004014257279586958,0.0,-0.002790635356234571,-0.01384327536951512,-3.721041965251911,-0.007155849933176752
-0.016482188536891804,-2.5473637560169173,0.010122909661567111,-0.004014257279586958,-0.024783675378319478,-0.00017453292519943296,0.0,0.0,-0.0,-3.721041965251911,0.00034906585039886593
0.00419026205352041,-3.7226364666399405,0.010122909661567111,-0.006457718232379019,-0.024783675378319478,-0.006806784082777886,0.0,-0.005374124316524271,0.008367643134589615,-3.721041965251911,-0.006981317007977318
0.00786422883715984,-4.643925277021731,0.010122909661567111,-0.0024434609527920616,-0.024783675378319478,-0.003665191429188092,0.0,-0.002891862723979169,-0.01384327536951512,-3.721041965251911,-0.007504915783575617
-0.032703628378539816,2.9977439513929185,0.010122909661567111,0.016057029118347832,-0.024783675378319478,0.00820304748437335,0.0,-0.002891862723979169,-0.01384327536951512,-3.721041965251911,0.003839724354387525
0.0012951801659112023,5.405156639779639,0.010122909661567111,-0.009250245035569947,-0.024783675378319478,0.0054105206811824215,0.0,0.002790635356234571,0.01384327536951512,-3.721041965251911,0.009250245035569947
-0.0004469007516896795,4.069443051981273,0.010122909661567111,-0.0022689280275926286,-0.024783675378319478,-0.002617993877991494,0.0,0.0,-0.0,-3.721041965251911,0.010297442586766544
0.02049887130530712,1.510972661011746,0.010122909661567111,-0.005759586531581287,-0.024783675378319478,-0.0033161255787892262,0.0,-0.00010122736774459798,-0.0,-3.721041965251911,-0.004014257279586958
0.03474065498422325,-1.8807234160050577,0.010122909661567111,0.0005235987755982988,-0.024783675378319478,0.006981317007977318,0.0,0.00020245473548919596,-0.0,-3.721041965251911,-0.008028514559173916
0.0017591392026294489,-0.9922301818707668,0.010122909661567111,-0.0005235987755982988,-0.024783675378319478,0.005934119456780721,0.0,0.0,-0.0,-3.721041965251911,-0.00034906585039886593
0.004819947899360793,-2.588669392970321,0.010122909661567111,0.0008726646259971648,-0.024783675378319478,-0.0020943951023931952,0.0,0.002891862723979169,0.01384327536951512,-3.721041965251911,0.0017453292519943296
0.01512938626637488,-4.02939297215521,0.010122909661567111,-0.0013962634015954637,-0.024783675378319478,-0.004363323129985824,0.0,-0.002891862723979169,-0.01384327536951512,-3.721041965251911,-0.010122909661567111
-0.023687283800549165,-3.0841284926532357,0.010122909661567111,0.003839724354387525,-0.024783675378319478,0.004014257279586958,0.0,-0.005475351684268869,0.008367643134589615,-3.721041965251911,-0.003839724354387525
0.009366917216387025,-7.600115780078168,0.010122909661567111,-0.008028514559173916,-0.024783675378319478,-0.0008726646259971648,0.0,-0.002993090091723767,-0.01384327536951512,-3.721041965251911,-0.009599310885968814
0.019102989928134022,0.6172809974935626,0.010122909661567111,0.0017453292519943296,-0.024783675378319478,0.005759586531581287,0.0,0.00010122736774459798,-0.0,-3.721041965251911,0.0006981317007977319
-0.002016970053808237,-1.0704597149027162,0.010122909661567111,0.003665191429188092,-0.024783675378319478,-0.00034906585039886593,0.0,-0.002790635356234571,-0.01384327536951512,-3.721041965251911,-0.00820304748437335
0.06101935572014655,2.23831557055612,0.010122909661567111,-0.012217304763960308,-0.024783675378319478,-0.0020943951023931952,0.0,0.00020245473548919596,-0.0,-3.721041965251911,0.00767944870877505
-0.032696318111982724,-4.306558620420782,0.010122909661567111,-0.00017453292519943296,-0.024783675378319478,0.0006981317007977319,0.0,-0.002891862723979169,-0.01384327536951512,-3.721041965251911,-0.010122909661567111
-0.02069418824664664,-4.716263762237418,0.010122909661567111,0.0020943951023931952,-0.024783675378319478,-0.00767944870877505,0.0,-0.005576579052013467,0.008367643134589615,-3.721041965251911,-0.006981317007977318
0.018501951181197376,7.353397602736967,0.010122909661567111,-0.004363323129985824,-0.024783675378319478,-0.006283185307179586,0.0,0.002891862723979169,0.01384327536951512,-3.721041965251911,0.010471975511965976
-0.02228020679219486,6.04315777167872,0.010122909661567111,0.00820304748437335,-0.024783675378319478,0.003141592653589793,0.0,-0.002891862723979169,-0.01384327536951512,-3.721041965251911,0.012566370614359171
-0.00027794636170893423,7.748583175615506,0.010122909661567111,-0.00034906585039886593,-0.024783675378319478,-0.006283185307179586,0.0,0.002891862723979169,0.01384327536951512,-3.721041965251911,0.011344640137963142
-0.009787293416635843,-2.8020910904073837,0.010122909661567111,-0.0013962634015954637,-0.024783675378319478,-0.0033161255787892262,0.0,0.00010122736774459798,-0.0,-3.721041965251911,-0.004363323129985824
-0.008062772204839209,-1.396398999578426,0.010122909661567111,-0.002617993877991494,-0.024783675378319478,-0.006806784082777886,0.0,-0.002891862723979169,-0.01384327536951512,-3.721041965251911,-0.0054105206811824215
0.00842561320993896,2.411693126598104,0.010122909661567111,0.0006981317007977319,-0.024783675378319478,0.0019198621771937625,0.0,0.0,-0.0,-3.721041965251911,0.004014257279586958
0.0016462382286144721,-0.23675523507148843,0.010122909661567111,-0.0041887902047863905,-0.024783675378319478,0.00767944870877505,0.0,0.0,-0.0,-3.721041965251911,0.0006981317007977319
0.005559370410151563,-1.707627329310559,0.010122909661567111,-0.00034906585039886593,-0.024783675378319478,0.0008726646259971648,0.0,-0.005374124316524271,0.008367643134589615,-3.721041965251911,0.0008726646259971648
0.004453131427627163,4.522616488499942,0.010122909661567111,-0.0019198621771937625,-0.024783675378319478,0.003141592653589793,0.0,-0.005475351684268869,0.008367643134589615,-3.721041965251911,0.004363323129985824
-0.028269869772322133,8.623767849423414,0.010122909661567111,0.004014257279586958,-0.024783675378319478,0.00471238898038469,0.0,-0.002993090091723767,-0.01384327536951512,-3.721041965251911,0.016580627893946133
0.01993686430032044,1.023927929031997,0.010122909661567111,-0.0006981317007977319,-0.024783675378319478,-0.003839724354387525,0.0,0.0,-0.0,-3.721041965251911,-0.0017453292519943296
0.016707836261535148,1.4806439792735526,0.010122909661567111,-0.0027925268031909274,-0.024783675378319478,0.00820304748437335,0.0,0.00010122736774459798,-0.0,-3.721041965251911,0.003490658503988659
-0.0063123555604843486,-3.3337474810018146,0.010122909661567111,-0.007504915783575617,-0.024783675378319478,0.0019198621771937625,0.0,-0.002993090091723767,-0.01384327536951512,-3.721041965251911,-0.008028514559173916
0.017075989934360825,8.40126721415449,0.010122909661567111,0.0008726646259971648,-0.024783675378319478,-0.010821041362364843,0.0,-0.002891862723979169,-0.01384327536951512,-3.721041965251911,0.015184364492350668
0.005002669721717389,5.964404567576942,0.010122909661567111,0.0019198621771937625,-0.024783675378319478,0.0024434609527920616,0.0,0.0,-0.0,-3.721041965251911,0.002617993877991494
-0.011505190265876966,-1.593848246513585,0.010122909661567111,0.003665191429188092,-0.024783675378319478,0.006108652381980154,0.0,-0.002891862723979169,-0.01384327536951512,-3.721041965251911,-0.010297442586766544
-0.019133252991002946,4.506947945988463,0.010122909661567111,0.011693705988362009,-0.024783675378319478,-0.009075712110370514,0.0,-0.005272896948779673,0.008367643134589615,-3.721041965251911,0.00767944870877505
-0.03397389577933789,4.929708227087668,0.010122909661567111,0.0027925268031909274,-0.024783675378319478,-0.010122909661567111,0.0,-0.003094317459468365,-0.01384327536951512,-3.721041965251911,0.008377580409572781
-0.02448825803277635,4.558334985627508,0.010122909661567111,0.016755160819145562,-0.024783675378319478,-0.0041887902047863905,0.0,-0.005171669581035075,0.008367643134589615,-3.721041965251911,0.005759586531581287
0.015040885836883185,-0.14289675592345333,0.010122909661567111,-0.0019198621771937625,-0.024783675378319478,-0.006283185307179586,0.0,0.0,-0.0,-3.721041965251911,-0.00034906585039886593
0.008282700970210907,3.8862767819226027,0.010122909661567111,-0.0008726646259971648,-0.024783675378319478,0.0005235987755982988,0.0,-0.005475351684268869,0.008367643134589615,-3.721041965251911,0.006457718232379019
0.0804788086203227,-2.969087585527685,0.010122909661567111,-0.011868238913561441,-0.024783675378319478,-0.0006981317007977319,0.0,-0.005272896948779673,0.008367643134589615,-3.721041965251911,-0.0015707963267948964
-0.00993638538326268,-2.89384894684512,0.010122909661567111,0.0017453292519943296,-0.024783675378319478,-0.002617993877991494,0.0,-0.002891862723979169,-0.01384327536951512,-3.721041965251911,-0.004363323129985824
0.05036227970978869,10.92145091082367,0.010122909661567111,-0.006283185307179586,-0.024783675378319478,-0.0024434609527920616,0.0,-0.005677666025042311,-0.027687559819578888,-3.7212164981771103,0.010471975511965976
0.04311089188648542,4.112646706318026,0.010122909661567111,-0.00017453292519943296,-0.024783675378319478,0.007504915783575617,0.0,-0.005475351684268869,0.008367643134589615,-3.721041965251911,0.00820304748437335
-0.033699027971755585,-3.8443907197515226,0.010122909661567111,0.010122909661567111,-0.024783675378319478,0.003141592653589793,0.0,0.00010122736774459798,-0.0,-3.721041965251911,-0.008726646259971648
-0.02913866090288643,-8.505696780323335,0.010122909661567111,-0.004363323129985824,-0.024783675378319478,-0.003665191429188092,0.0,-0.002993090091723767,-0.01384327536951512,-3.721041965251911,-0.012217304763960308
-0.021127308728111988,-2.5866700729234973,0.010122909661567111,0.007330382858376184,-0.024783675378319478,-0.00471238898038469,0.0,0.0,-0.0,-3.721041965251911,-0.003141592653589793
-0.017397230588868995,-4.550218916254033,0.010122909661567111,0.0012217304763960308,-0.024783675378319478,-0.0066322511575784525,0.0,-0.002889446696393454,-0.013843779909789444,-3.7212164981771103,-0.011693705988362009
0.05248214025767207,6.410774574767576,0.010122909661567111,-0.007504915783575617,-0.024783675378319478,-0.014486232791552936,0.0,-0.002788219328648856,-0.013843779909789444,-3.7212164981771103,0.00942477796076938
0.021899712956162394,1.174298622843168,0.010122909661567111,0.004014257279586958,-0.024783675378319478,0.003665191429188092,0.0,0.00010122736774459798,-0.0,-3.7212164981771103,0.003839724354387525
-0.0359587553526968,-2.9096356210022774,0.010122909661567111,-0.0,-0.024783675378319478,0.013962634015954637,0.0,-0.005576579052013467,0.008367643134589615,-3.721041965251911,0.0006981317007977319
-0.02809618758129151,4.103843628172915,0.010122909661567111,0.010995574287564275,-0.024783675378319478,-0.006108652381980154,0.0,0.00020245473548919596,-0.0,-3.7212164981771103,0.0012217304763960308
-0.04249736829668191,-7.728161010769426,0.010122909661567111,-0.005061454830783556,-0.024783675378319478,0.00034906585039886593,0.0,-0.0026847163280342983,0.022210918504104737,-3.721041965251911,-0.006108652381980154
0.0330257392508412,2.0076371596456397,0.010122909661567111,-0.00767944870877505,-0.024783675378319478,-0.005934119456780721,0.0,-0.005576579052013467,0.008367643134589615,-3.721041965251911,0.005061454830783556
0.01213074210855775,4.790455387550576,0.010122909661567111,0.00034906585039886593,-0.024783675378319478,-0.008552113334772215,0.0,-0.002788219328648856,-0.013843779909789444,-3.7212164981771103,0.00767944870877505
-0.001248011037298733,7.4695647160227105,0.010122909661567111,-0.0012217304763960308,-0.024783675378319478,-0.007504915783575617,0.0,-0.005475351684268869,0.008367643134589615,-3.721041965251911,0.010297442586766544
-0.03342298798628198,-0.09048481278769037,0.010122909661567111,0.008028514559173916,-0.024783675378319478,-0.003665191429188092,0.0,-0.002990674064138052,-0.013843779909789444,-3.7212164981771103,-0.010821041362364843
-0.025151960565867004,-9.255128560926014,0.010122909661567111,0.0029670597283903604,-0.024783675378319478,-0.00034906585039886593,0.0,-0.002889446696393454,-0.013843779909789444,-3.7212164981771103,-0.0066322511575784525
0.03228057529763489,2.8615945281901545,0.010122909661567111,-0.011344640137963142,-0.024783675378319478,-0.005235987755982988,0.0,-0.002686991960904258,-0.013843779909789444,-3.7212164981771103,0.0008726646259971648
0.05723082271910012,6.758025638387949,0.010122909661567111,-0.006981317007977318,-0.024783675378319478,0.004014257279586958,0.0,-0.0026847163280342983,0.022210918504104737,-3.721041965251911,0.016057029118347832
-0.00719139528071299,-1.1276252803730795,0.010122909661567111,-0.0029670597283903604,-0.024783675378319478,-0.0041887902047863905,0.0,-0.00010122736774459798,-0.0,-3.721041965251911,-0.004014257279586958
-0.025362947138180283,2.982593799060784,0.010122909661567111,0.007504915783575617,-0.024783675378319478,0.008726646259971648,0.0,-0.005374124316524271,0.008367643134589615,-3.721041965251911,0.006283185307179586
-0.010561955395948171,-1.4038841567876135,0.010122909661567111,0.009773843811168246,-0.024783675378319478,-0.00767944870877505,0.0,-0.002990674064138052,-0.013843779909789444,-3.7212164981771103,-0.01117010721276371
0.0016324944339012016,-9.976337892161533,0.010122909661567111,-0.007504915783575617,-0.024783675378319478,-0.00034906585039886593,0.0,-0.002990674064138052,-0.013843779909789444,-3.7212164981771103,-0.009250245035569947
-0.018808785774653287,1.1846446658940906,0.010122909661567111,0.0024434609527920616,-0.024783675378319478,0.0027925268031909274,0.0,-0.005578039323018121,0.008366687329036697,-3.7212164981771103,0.009075712110370514
-0.002349738694936725,4.9136793512081685,0.010122909661567111,0.010471975511965976,-0.024783675378319478,-0.00890117918517108,0.0,0.00020245473548919596,-0.0,-3.7212164981771103,0.003141592653589793
-0.07697674405956507,-0.5417265739586028,0.010122909661567111,0.01710422666954443,-0.024783675378319478,-0.006108652381980154,0.0,-0.00020245473548919596,-0.0,-3.7212164981771103,0.0029670597283903604
-0.03534323127644503,-1.9267882849537967,0.010122909661567111,0.007155849933176752,-0.024783675378319478,-0.0012217304763960308,0.0,-0.002788219328648856,-0.013843779909789444,-3.7212164981771103,-0.006457718232379019
0.06351323677234041,2.9011823144442204,0.010122909661567111,-0.00890117918517108,-0.024783675378319478,-0.0027925268031909274,0.0,-0.002788219328648856,-0.013843779909789444,-3.7212164981771103,0.0029670597283903604
-0.002443363266792628,1.8393900595182309,0.010122909661567111,0.007853981633974483,-0.024783675378319478,-0.00017453292519943296,0.0,0.00010122736774459798,-0.0,-3.7212164981771103,0.003839724354387525
-0.016985730015762538,-1.3361471755261891,0.010122909661567111,-0.003839724354387525,-0.024783675378319478,-0.0019198621771937625,0.0,-0.00020245473548919596,-0.0,-3.7212164981771103,-0.0020943951023931952
0.08702511217571045,3.323351279774531,0.010122909661567111,-0.014486232791552936,-0.024783675378319478,-0.008552113334772215,0.0,-0.005679266690762718,0.008366687329036697,-3.7212164981771103,0.007155849933176752
-0.011332655765492233,3.0624847574144742,0.010122909661567111,-0.00017453292519943296,-0.024783675378319478,0.010122909661567111,0.0,-0.002889446696393454,-0.013843779909789444,-3.7212164981771103,0.0041887902047863905
-0.02471030618699053,-7.0778593930584766,0.010122909661567111,0.006108652381980154,-0.024783675378319478,-0.00034906585039886593,0.0,0.0026885926266246667,-0.02221046723882614,-3.7212164981771103,-0.014311699866353503
-0.0013604201003317245,-0.45866455457151706,0.010122909661567111,-0.006108652381980154,-0.024783675378319478,0.0054105206811824215,0.0,-0.00010122736774459798,-0.0,-3.7212164981771103,0.0006981317007977319
0.007897049708856243,0.37321516223616297,0.010122909661567111,-0.00471238898038469,-0.024783675378319478,0.0005235987755982988,0.0,-0.005578039323018121,0.008366687329036697,-3.7212164981771103,0.004886921905584123
0.02690536481275601,5.437862132685132,0.010122909661567111,0.0008726646259971648,-0.024783675378319478,-0.0020943951023931952,0.0,-0.008265031283922378,-0.005477092580752747,-3.7212164981771103,0.012915436464758038
-0.021779707391939702,-7.873006599793091,0.010122909661567111,-0.0066322511575784525,-0.024783675378319478,0.016057029118347832,0.0,-0.005880120760531507,-0.027687559819578888,-3.7212164981771103,-0.020594885173533087
0.028103094850424906,8.942909314431823,0.010122909661567111,0.0010471975511965976,-0.024783675378319478,0.007155849933176752,0.0,-0.002889446696393454,-0.013843779909789444,-3.7212164981771103,0.013613568165555772
-0.029165087880558074,2.005063024041874,0.010122909661567111,0.0033161255787892262,-0.024783675378319478,0.006283185307179586,0.0,-0.008265031283922378,-0.005477092580752747,-3.7212164981771103,-0.003665191429188092
-0.033539738018844314,4.398530630277189,0.010122909661567111,0.0015707963267948964,-0.024783675378319478,-0.007504915783575617,0.0,-0.002990674064138052,-0.013843779909789444,-3.7212164981771103,0.005235987755982988
-0.017602467058555803,-9.675737403598058,0.010122909661567111,0.007853981633974483,-0.024783675378319478,-0.010297442586766544,0.0,-0.005677666025042311,-0.027687559819578888,-3.7212164981771103,-0.015533430342749533
-0.04803029790622892,0.9185460561857334,0.010122909661567111,0.005061454830783556,-0.024783675378319478,-0.0017453292519943296,0.0,-0.00020245473548919596,-0.0,-3.7212164981771103,0.005585053606381855
-0.021805114241570694,4.5417824386781795,0.010122909661567111,0.0022689280275926286,-0.024783675378319478,0.012391837689159739,0.0,-0.005475351684268869,0.008367643134589615,-3.721041965251911,0.010122909661567111
0.015080150051465454,-0.3973594499486379,0.010122909661567111,-0.00017453292519943296,-0.024783675378319478,0.013264502315156905,0.0,-0.002889446696393454,-0.013843779909789444,-3.7212164981771103,-0.00820304748437335
-0.040222374417692316,-1.448585898744301,0.010122909661567111,0.004014257279586958,-0.024783675378319478,-0.0017453292519943296,0.0,-0.005375584587528925,0.008366687329036697,-3.7212164981771103,0.004886921905584123
-0.01664508974356189,2.039165301903827,0.010122909661567111,-0.0041887902047863905,-0.024783675378319478,0.00890117918517108,0.0,-0.00010122736774459798,-0.0,-3.7212164981771103,0.010471975511965976
-0.0031248796118809336,5.87551914507266,0.010122909661567111,0.006457718232379019,-0.024783675378319478,0.004537856055185257,0.0,0.002993090091723767,0.01384327536951512,-3.721041965251911,0.012391837689159739
0.013882715758222915,-0.2833718233937292,0.010122909661567111,-0.010821041362364843,-0.024783675378319478,-0.007853981633974483,0.0,0.00010122736774459798,-0.0,-3.7212164981771103,-0.0012217304763960308
0.0005046302108616846,-0.5296399127951528,0.010122909661567111,-0.0,-0.024783675378319478,-0.00767944870877505,0.0,-0.008366258651666975,-0.005477092580752747,-3.7212164981771103,-0.0013962634015954637
-0.014509487937635764,-3.635271899168783,0.010122909661567111,0.010821041362364843,-0.024783675378319478,0.013788101090755204,0.0,-0.005475351684268869,0.008367643134589615,-3.721041965251911,-0.0008726646259971648
-0.004229782242895997,-0.4322388199242314,0.010122909661567111,-0.005934119456780721,-0.024783675378319478,-0.00017453292519943296,0.0,-0.002990674064138052,-0.013843779909789444,-3.7212164981771103,-0.009075712110370514
0.02318504868435172,-1.123260368480425,0.010122909661567111,0.0022689280275926286,-0.024783675378319478,-0.0041887902047863905,0.0,-0.005375584587528925,0.008366687329036697,-3.7212164981771103,0.0054105206811824215
-0.02667799088196415,0.6773018391449261,0.010122909661567111,0.012042771838760876,-0.024783675378319478,-0.005061454830783556,0.0,0.00020245473548919596,-0.0,-3.7212164981771103,0.0019198621771937625
0.010255487324404863,1.2703029307576297,0.010122909661567111,-0.0033161255787892262,-0.024783675378319478,-0.0024434609527920616,0.0,-0.002889446696393454,-0.013843779909789444,-3.7212164981771103,-0.0012217304763960308
-0.01571945421356879,0.7831229093797474,0.010122909661567111,0.0013962634015954637,-0.024783675378319478,-0.006108652381980154,0.0,0.0,-0.0,-3.7212164981771103,0.0029670597283903604
-0.011543576892475517,0.8823375459527472,0.010122909661567111,0.010995574287564275,-0.024783675378319478,0.00890117918517108,0.0,-0.002788219328648856,-0.013843779909789444,-3.7212164981771103,-0.0022689280275926286
-0.021367408499112374,-5.469181731185385,0.010122909661567111,-0.005235987755982988,-0.024783675378319478,0.00471238898038469,0.0,-0.002990674064138052,-0.013843779909789444,-3.7212164981771103,-0.008028514559173916
0.014771555968902951,-2.810933436177637,0.010122909661567111,0.0008726646259971648,-0.024783675378319478,-0.012217304763960308,0.0,-0.0052743572197843265,0.008366687329036697,-3.7212164981771103,-0.0022689280275926286
-0.01995035415827465,2.4077449734510687,0.010122909661567111,0.006283185307179586,-0.024783675378319478,0.003490658503988659,0.0,0.00010122736774459798,-0.0,-3.7212164981771103,0.004363323129985824
0.04506543911754858,6.924853186145709,0.010122909661567111,-0.006283185307179586,-0.024783675378319478,0.0041887902047863905,0.0,-0.002990674064138052,-0.013843779909789444,-3.7212164981771103,0.010471975511965976
-0.012988654850426627,5.136664389921778,0.010122909661567111,0.013089969389957472,-0.024783675378319478,0.008028514559173916,0.0,-0.0052743572197843265,0.008366687329036697,-3.7212164981771103,0.00820304748437335
-0.028256835214337136,-0.10992101299194369,0.010122909661567111,0.006283185307179586,-0.024783675378319478,-0.008028514559173916,0.0,-0.002889446696393454,-0.013843779909789444,-3.7212164981771103,-0.00471238898038469
0.04729407298746073,1.4675944496517166,0.010122909661567111,-0.003665191429188092,-0.024783675378319478,0.0027925268031909274,0.0,-0.0054768119552735224,0.008366687329036697,-3.7212164981771103,0.005061454830783556
-0.03131865870695288,1.709700232487435,0.010122909661567111,0.00890117918517108,-0.024783675378319478,0.0012217304763960308,0.0,-0.008467486019411575,-0.005477092580752747,-3.7212164981771103,0.002617993877991494
-0.012015949769691867,0.833569519203345,0.010122909661567111,-0.008028514559173916,-0.024783675378319478,0.008552113334772215,0.0,-0.00010122736774459798,-0.0,-3.7212164981771103,0.0005235987755982988
-0.027342219628011935,-3.841231206809847,0.010122909661567111,0.0158824961931484,-0.024783675378319478,-0.00034906585039886593,0.0,-0.0054768119552735224,0.008366687329036697,-3.7212164981771103,-0.003490658503988659
-0.010745659885749919,0.7232033703918584,0.010122909661567111,0.0006981317007977319,-0.024783675378319478,-0.007330382858376184,0.0,-0.008366258651666975,-0.005477092580752747,-3.7212164981771103,-0.003490658503988659
-0.02641184247403605,4.153501597791153,0.010122909661567111,0.008552113334772215,-0.024783675378319478,-0.005934119456780721,0.0,-0.00010122736774459798,-0.0,-3.7212164981771103,0.011519173063162575
-0.015549632899916857,2.4295635944833567,0.010122909661567111,0.0024434609527920616,-0.024783675378319478,-0.005934119456780721,0.0,-0.002889446696393454,-0.013843779909789444,-3.7212164981771103,-0.007155849933176752
-0.06744573630762908,-0.5059796997571128,0.010122909661567111,0.00471238898038469,-0.024783675378319478,-0.003490658503988659,0.0,-0.00309190143188265,-0.013843779909789444,-3.7212164981771103,-0.007853981633974483
0.0443487252471077,1.3817223601397584,0.010122909661567111,-0.012391837689159739,-0.024783675378319478,-0.0006981317007977319,0.0,-0.005679266690762718,0.008366687329036697,-3.7212164981771103,0.004886921905584123
-0.008591540363254145,-6.454766211769187,0.010122909661567111,-0.008552113334772215,-0.024783675378319478,-0.004014257279586958,0.0,-0.0054768119552735224,0.008366687329036697,-3.7212164981771103,-0.007853981633974483
0.0003819169275641177,2.980098856247805,0.010122909661567111,-0.0008726646259971648,-0.024783675378319478,-0.00034906585039886593,0.0,-0.0054768119552735224,0.008366687329036697,-3.7212164981771103,0.007504915783575617
0.018804719220925255,6.342789782123073,0.010122909661567111,-0.0008726646259971648,-0.024783675378319478,-0.0027925268031909274,0.0,-0.002788219328648856,-0.013843779909789444,-3.7212164981771103,0.00890117918517108
-0.019205207356055996,1.859400746509175,0.010122909661567111,0.009075712110370514,-0.024783675378319478,0.002617993877991494,0.0,0.00010122736774459798,-0.0,-3.7212164981771103,0.004014257279586958
0.0016664596681887829,3.6199980055302348,0.010122909661567111,-0.005585053606381855,-0.024783675378319478,0.006457718232379019,0.0,-0.008467486019411575,-0.005477092580752747,-3.7212164981771103,0.007155849933176752
0.003359032264116496,0.10306148705656074,0.010122909661567111,0.008028514559173916,-0.024783675378319478,0.0017453292519943296,0.0,-0.008265031283922378,-0.005477092580752747,-3.7212164981771103,-0.0029670597283903604
0.013945394691262993,0.0779312347022599,0.010122909661567111,-0.003665191429188092,-0.024783675378319478,-0.013264502315156905,0.0,-0.002788219328648856,-0.013843779909789444,-3.7212164981771103,-0.0066322511575784525
-0.009383488787088218,-3.1891440937004925,0.010122909661567111,0.00034906585039886593,-0.024783675378319478,-0.0019198621771937625,0.0,-0.008366258651666975,-0.005477092580752747,-3.7212164981771103,-0.0017453292519943296
0.019810673812544338,1.7227949681653991,0.010122909661567111,-0.006457718232379019,-0.024783675378319478,0.005934119456780721,0.0,0.00010122736774459798,-0.0,-3.7212164981771103,0.005235987755982988
-0.009762966808219172,-0.5758285230503052,0.010122909661567111,-0.004537856055185257,-0.024783675378319478,-0.00471238898038469,0.0,-0.002990674064138052,-0.013843779909789444,-3.7212164981771103,-0.0054105206811824215
-0.026954980210718838,-6.245132019961642,0.010122909661567111,0.009075712110370514,-0.02495820830351891,0.015707963267948967,0.0,-0.005679266690762718,0.008366687329036697,-3.7212164981771103,-0.006283185307179586
-0.004363618375787016,2.435910997440631,0.010122909661567111,-0.0022689280275926286,-0.024783675378319478,0.0006981317007977319,0.0,0.0,-0.0,-3.7212164981771103,0.0013962634015954637
-0.042481263844781236,0.19190731316544876,0.010122909661567111,0.006108652381980154,-0.024783675378319478,0.004363323129985824,0.0,-0.00010122736774459798,-0.0,-3.7212164981771103,0.003141592653589793
0.06889655468897855,-1.1023877869243186,0.010122909661567111,-0.013264502315156905,-0.024783675378319478,-0.0012217304763960308,0.0,-0.008568713387156172,-0.005477092580752747,-3.7212164981771103,-0.0024434609527920616
-0.02344290317319315,3.926219291883955,0.010122909661567111,0.011519173063162575,-0.024783675378319478,0.003490658503988659,0.0,-0.00010122736774459798,-0.0,-3.7212164981771103,0.010995574287564275
-0.012409150256910962,2.216147506707029,0.010122909661567111,0.006981317007977318,-0.024783675378319478,-0.0020943951023931952,0.0,0.00010122736774459798,-0.0,-3.7212164981771103,0.00034906585039886593
0.03375624636485648,-3.5091527341645463,0.010122909661567111,-0.0066322511575784525,-0.024783675378319478,-0.007504915783575617,0.0,-0.005375584587528925,0.008366687329036697,-3.7212164981771103,-0.0027925268031909274
-0.044201560985341226,1.703679504933774,0.010122909661567111,0.006108652381980154,-0.024783675378319478,-0.006981317007977318,0.0,0.00010122736774459798,-0.0,-3.7212164981771103,0.004014257279586958
0.0072145250545585845,0.07249060359602454,0.010122909661567111,0.0017453292519943296,-0.024783675378319478,0.0022689280275926286,0.0,0.00010122736774459798,-0.0,-3.7212164981771103,0.0041887902047863905
0.025467517853099142,-0.6440835657208233,0.010122909661567111,-0.00471238898038469,-0.024783675378319478,0.0022689280275926286,0.0,-0.00010122736774459798,-0.0,-3.7212164981771103,0.0010471975511965976
-0.05829998547983503,-8.706108544533954,0.010122909661567111,0.0017453292519943296,-0.024783675378319478,-0.0033161255787892262,0.0,0.002686991960904258,0.013843779909789444,-3.7212164981771103,-0.011693705988362009
0.05395032652534201,-5.10124386235365,0.010122909661567111,-0.01937315469713706,-0.024783675378319478,0.013439035240356337,0.0,-0.003193128799627248,-0.013843779909789444,-3.7212164981771103,-0.008028514559173916
-0.010201155801448489,2.4905984490802195,0.010122909661567111,0.0054105206811824215,-0.024783675378319478,-0.0017453292519943296,0.0,-0.008366258651666975,-0.005477092580752747,-3.7212164981771103,0.003839724354387525
-0.018203113641815632,3.4057708389056085,0.010122909661567111,0.00471238898038469,-0.024783675378319478,-0.006108652381980154,0.0,-0.008265031283922378,-0.005477092580752747,-3.7212164981771103,-0.0010471975511965976
0.03470301637890163,-5.985192017911276,0.010122909661567111,-0.012566370614359171,-0.024783675378319478,-0.009948376736367679,0.0,-0.0052743572197843265,0.008366687329036697,-3.7212164981771103,-0.009773843811168246
-0.0019041654990437074,-4.552291490660658,0.010122909661567111,0.0008726646259971648,-0.024783675378319478,-0.00820304748437335,0.0,0.0,-0.0,-3.7212164981771103,-0.0
-0.02321210664950587,0.5736774133933944,0.010122909661567111,0.007330382858376184,-0.024783675378319478,0.0022689280275926286,0.0,0.0,-0.0,-3.7212164981771103,0.0033161255787892262
-0.010171931036624905,0.14891220258663027,0.010122909661567111,0.00017453292519943296,-0.024783675378319478,0.010471975511965976,0.0,0.0,-0.0,-3.7212164981771103,0.0017453292519943296
-0.008617253621624079,-1.9134345185712858,0.010122909661567111,0.00017453292519943296,-0.024783675378319478,0.0022689280275926286,0.0,0.00010122736774459798,-0.0,-3.7212164981771103,-0.004886921905584123
-0.005038832373334108,-0.33563758658014,0.010297442586766544,0.004886921905584123,-0.024783675378319478,0.013788101090755204,0.0,-0.008263271136367718,-0.005477092580752747,-3.7212164981771103,-0.0013962634015954637
-0.003519845939380036,-1.4397716012777209,0.010122909661567111,0.0033161255787892262,-0.024783675378319478,-0.004886921905584123,0.0,0.00010122736774459798,-0.0,-3.7212164981771103,0.00017453292519943296
-0.016030312534068267,2.9154200852645813,0.010122909661567111,-0.0012217304763960308,-0.024783675378319478,0.0066322511575784525,0.0,0.0,-0.0,-3.7212164981771103,0.0027925268031909274
0.013743766147280267,-0.12158497697878959,0.010122909661567111,-0.0066322511575784525,-0.024783675378319478,0.010122909661567111,0.0,0.0,-0.0,-3.7212164981771103,-0.0012217304763960308
-0.02824706787134218,-6.507381089002151,0.010122909661567111,0.006283185307179586,-0.024783675378319478,-0.013439035240356337,0.0,-0.002788219328648856,-0.013843779909789444,-3.7212164981771103,-0.009075712110370514
-0.004307734160659465,-3.4478364102201984,0.010122909661567111,0.004014257279586958,-0.024783675378319478,-0.009599310885968814,0.0,0.00010122736774459798,-0.0,-3.7212164981771103,-0.009075712110370514
0.008709727479715363,-1.3377241271666593,0.010122909661567111,-0.006981317007977318,-0.024783675378319478,0.0054105206811824215,0.0,-0.00010122736774459798,-0.0,-3.7212164981771103,0.002617993877991494
-0.030990953245432083,-1.2103942823209597,0.010122909661567111,0.01117010721276371,-0.024783675378319478,-0.0024434609527920616,0.0,0.0,-0.0,-3.7212164981771103,-0.00034906585039886593
-0.034396490232218836,-1.664390017009398,0.010122909661567111,0.00017453292519943296,-0.024783675378319478,-0.0024434609527920616,0.0,-0.002889446696393454,-0.013843779909789444,-3.7212164981771103,-0.005585053606381855
-0.009229358433035104,5.391464978672045,0.010122909661567111,0.0010471975511965976,-0.024783675378319478,-0.0164060949687467,0.0,-0.00309190143188265,-0.013843779909789444,-3.7212164981771103,0.011519173063162575
0.038934279517465364,1.4740151069687926,0.010122909661567111,-0.012740903539558606,-0.024783675378319478,0.005585053606381855,0.0,-0.00309190143188265,-0.013843779909789444,-3.7212164981771103,-0.005934119456780721
0.004964661435862791,-2.663857544706274,0.010122909661567111,0.004537856055185257,-0.024783675378319478,0.0006981317007977319,0.0,0.00010122736774459798,-0.0,-3.7212164981771103,-0.005061454830783556
-0.0082420339737049,-6.832988088613512,0.010122909661567111,-0.011519173063162575,-0.024783675378319478,0.0015707963267948964,0.0,-0.002990674064138052,-0.013843779909789444,-3.7212164981771103,-0.010122909661567111
0.04371131448788959,-0.6149319058596853,0.010122909661567111,-0.014486232791552936,-0.024783675378319478,0.0019198621771937625,0.0,-0.008265031283922378,-0.005477092580752747,-3.7212164981771103,-0.004014257279586958
0.045086260706186605,2.391434628224083,0.010122909661567111,-0.004537856055185257,-0.024783675378319478,0.00820304748437335,0.0,-0.0054768119552735224,0.008366687329036697,-3.7212164981771103,0.006283185307179586
0.008637807416637501,-4.59649760985119,0.010122909661567111,-0.0041887902047863905,-0.024783675378319478,-0.01710422666954443,0.0,-0.005375584587528925,0.008366687329036697,-3.7212164981771103,-0.007853981633974483
0.015682373949643495,-3.7255425585378035,0.010122909661567111,-0.010297442586766544,-0.024783675378319478,-0.0013962634015954637,0.0,-0.002990674064138052,-0.013843779909789444,-3.7212164981771103,-0.005759586531581287
0.014859507702293665,0.7759027213060922,0.010122909661567111,-0.005585053606381855,-0.024783675378319478,-0.0005235987755982988,0.0,0.0,-0.0,-3.7212164981771103,0.003839724354387525
0.0069396122806885865,5.203393296668688,0.010122909661567111,-0.005934119456780721,-0.024783675378319478,0.003490658503988659,0.0,-0.005578039323018121,0.008366687329036697,-3.7212164981771103,0.009948376736367679
0.013016179050865833,0.3567807469325129,0.010122909661567111,-0.0006981317007977319,-0.024783675378319478,0.003839724354387525,0.0,0.00010122736774459798,-0.0,-3.7212164981771103,0.003839724354387525
0.026060425530613985,-1.0872488539136531,0.010122909661567111,-0.011519173063162575,-0.024783675378319478,-0.004363323129985824,0.0,-0.008467486019411575,-0.005477092580752747,-3.7212164981771103,-0.003665191429188092
-0.002517627990589123,6.781764715446525,0.010122909661567111,0.0027925268031909274,-0.024783675378319478,0.002617993877991494,0.0,-0.002889446696393454,-0.013843779909789444,-3.7212164981771103,0.012391837689159739
0.00808688780475025,2.8565198401126755,0.010122909661567111,0.003141592653589793,-0.024783675378319478,0.013089969389957472,0.0,-0.005375584587528925,0.008366687329036697,-3.7212164981771103,0.006283185307179586
-0.061052064040622016,-0.4537535329660953,0.010122909661567111,0.00942477796076938,-0.024783675378319478,0.007504915783575617,0.0,-0.00020245473548919596,-0.0,-3.7212164981771103,0.0019198621771937625
0.024577918956829703,4.209709904463864,0.010122909661567111,-0.012042771838760876,-0.024783675378319478,0.006108652381980154,0.0,-0.005679266690762718,0.008366687329036697,-3.7212164981771103,0.007504915783575617
0.010221359071018104,6.0527267226160015,0.010122909661567111,-0.0010471975511965976,-0.024783675378319478,-0.0158824961931484,0.0,-0.002889446696393454,-0.013843779909789444,-3.7212164981771103,0.006283185307179586
0.021087725266942376,1.7814586212556964,0.010122909661567111,-0.0024434609527920616,-0.024783675378319478,0.006457718232379019,0.0,-0.0054768119552735224,0.008366687329036697,-3.7212164981771103,0.004537856055185257
-0.040060973431213516,-1.6882643834661073,0.010122909661567111,0.00034906585039886593,-0.024783675378319478,-0.009773843811168246,0.0,-0.00020245473548919596,-0.0,-3.7212164981771103,-0.003839724354387525
-0.049848558414638235,0.705067933371074,0.010122909661567111,0.015184364492350668,-0.024783675378319478,0.010995574287564275,0.0,0.00020245473548919596,-0.0,-3.7212164981771103,0.004363323129985824
0.011212086798720182,-4.265613316835401,0.010122909661567111,-0.007504915783575617,-0.024783675378319478,0.007504915783575617,0.0,-0.005375584587528925,0.008366687329036697,-3.7212164981771103,-0.003665191429188092
0.004801851316286885,2.5218170736872483,0.010122909661567111,-0.0024434609527920616,-0.024783675378319478,0.0010471975511965976,0.0,-0.0054768119552735224,0.008366687329036697,-3.7212164981771103,0.008552113334772215
-0.04884353286396565,-5.219810554219884,0.010122909661567111,0.009599310885968814,-0.024783675378319478,0.005759586531581287,0.0,-0.00020245473548919596,-0.0,-3.7212164981771103,-0.010821041362364843
-0.011840359198324312,4.693820167471826,0.010122909661567111,0.003490658503988659,-0.024783675378319478,-0.011693705988362009,0.0,-0.005375584587528925,0.008366687329036697,-3.7212164981771103,0.011693705988362009
0.004645433086634143,3.352727983605557,0.010122909661567111,0.003665191429188092,-0.024783675378319478,0.00034906585039886593,0.0,-0.002788219328648856,-0.013843779909789444,-3.7212164981771103,0.003665191429188092
0.010052256808824173,0.5640691948309698,0.010122909661567111,-0.0033161255787892262,-0.024783675378319478,-0.003490658503988659,0.0,0.0,-0.0,-3.7212164981771103,0.0008726646259971648
0.005827856992123238,-1.8725400307027662,0.010122909661567111,-0.00942477796076938,-0.024783675378319478,0.0066322511575784525,0.0,-0.008366258651666975,-0.005477092580752747,-3.7212164981771103,-0.007330382858376184
-0.015415996092201775,-1.3312642022244408,0.010122909661567111,0.014660765716752368,-0.024783675378319478,0.0029670597283903604,0.0,-0.00268457584530097,-0.013844284028358116,-3.7213910311023093,-0.005061454830783556
-0.041028015183276895,-8.839385862573513,0.010122909661567111,0.002617993877991494,-0.024783675378319478,-0.003141592653589793,0.0,-0.0025873652588800687,0.02221046723882614,-3.7212164981771103,-0.012042771838760876
0.009633179194553173,-1.703172334075899,0.010122909661567111,0.00017453292519943296,-0.024783675378319478,0.006283185307179586,0.0,0.0,-0.0,-3.7212164981771103,-0.00034906585039886593
0.011822650601289734,-2.052400279100158,0.010122909661567111,-0.0005235987755982988,-0.024783675378319478,0.009075712110370514,0.0,0.00010122736774459798,-0.0,-3.7212164981771103,-0.0017453292519943296
-0.036389515176974696,-2.599556264843527,0.010122909661567111,0.005585053606381855,-0.024783675378319478,-0.0019198621771937625,0.0,-0.002785803213045568,-0.013844284028358116,-3.7213910311023093,-0.005759586531581287
0.00818642532889748,1.1396782835721215,0.010122909661567111,-0.0013962634015954637,-0.024783675378319478,0.013788101090755204,0.0,0.00010122736774459798,-0.0,-3.7212164981771103,0.003665191429188092
0.02752924709890562,4.969245526395122,0.010122909661567111,-0.0033161255787892262,-0.024783675378319478,0.00017453292519943296,0.0,-0.0054768119552735224,0.008366687329036697,-3.7212164981771103,0.010297442586766544
0.007421346344855814,6.010339756788283,0.010122909661567111,-0.006981317007977318,-0.024783675378319478,-0.004014257279586958,0.0,-0.002988257948534764,-0.013844284028358116,-3.7213910311023093,0.009948376736367679
0.019447547862832388,-0.9633995877525077,0.010122909661567111,-0.0008726646259971648,-0.024783675378319478,-0.00471238898038469,0.0,-0.008366258651666975,-0.005477092580752747,-3.7212164981771103,-0.0019198621771937625
0.0011988477394787368,1.4481862977511366,0.010122909661567111,-0.006283185307179586,-0.024783675378319478,-0.0010471975511965976,0.0,-0.008467486019411575,-0.005477092580752747,-3.7212164981771103,0.00017453292519943296
-0.014194719460330744,-1.7825676696634345,0.010122909661567111,0.0027925268031909274,-0.024783675378319478,0.006806784082777886,0.0,-0.008265031283922378,-0.005477092580752747,-3.7212164981771103,-0.003839724354387525
0.004758237641398631,-0.1291037921523849,0.010122909661567111,-0.0054105206811824215,-0.024783675378319478,-0.005235987755982988,0.0,0.0,-0.0,-3.7212164981771103,0.0013962634015954637
0.012245091849801234,0.6049692923602242,0.010122909661567111,0.0033161255787892262,-0.024783675378319478,0.0012217304763960308,0.0,0.00010122736774459798,-0.0,-3.7212164981771103,0.0015707963267948964
0.018927546074460882,5.253794700436157,0.010122909661567111,0.0019198621771937625,-0.024783675378319478,0.0033161255787892262,0.0,-0.002887030580790166,-0.013844284028358116,-3.7213910311023093,0.007330382858376184
0.016404304204061543,2.690272388802341,0.010122909661567111,-0.006981317007977318,-0.024783675378319478,-0.006806784082777886,0.0,-0.005578039323018121,0.008366687329036697,-3.7212164981771103,0.009075712110370514
-0.020153584673855342,1.7015112375244086,0.010122909661567111,-0.00034906585039886593,-0.024783675378319478,-0.00034906585039886593,0.0,-0.002990674064138052,-0.013843779909789444,-3.7212164981771103,-0.0041887902047863905
0.014301986210994825,7.436583363430467,0.010122909661567111,-0.006806784082777886,-0.024783675378319478,-0.0015707963267948964,0.0,-0.0026885926266246667,0.02221046723882614,-3.7212164981771103,0.015009831567151233
0.010008643133935919,-2.086851671008663,0.010122909661567111,-0.004537856055185257,-0.024783675378319478,0.0010471975511965976,0.0,-0.0054768119552735224,0.008366687329036697,-3.7212164981771103,0.00017453292519943296
0.01643440655686883,2.5703092407498995,0.010122909661567111,-0.008726646259971648,-0.024783675378319478,-0.0008726646259971648,0.0,-0.008467486019411575,-0.005477092580752747,-3.7212164981771103,-0.004886921905584123
-0.06442863237288013,-5.352485337169078,0.010122909661567111,0.012042771838760876,-0.024783675378319478,0.0029670597283903604,0.0,-0.00020245473548919596,-0.0,-3.7212164981771103,-0.012042771838760876
0.0088364237014063,6.729544158316242,0.010122909661567111,0.0005235987755982988,-0.024783675378319478,-0.007504915783575617,0.0,0.002889446696393454,0.013843779909789444,-3.7212164981771103,0.011868238913561441
0.011915693329588282,2.4192007224502303,0.010122909661567111,-0.006108652381980154,-0.024783675378319478,0.00034906585039886593,0.0,-0.002889446696393454,-0.013843779909789444,-3.7212164981771103,0.00017453292519943296
0.06040880258188953,4.279525069792649,0.010122909661567111,-0.0012217304763960308,-0.024783675378319478,0.005585053606381855,0.0,-0.005475351684268869,0.008367643134589615,-3.721041965251911,0.006108652381980154
-0.028511392499352497,-6.762587217176567,0.010122909661567111,0.003141592653589793,-0.024783675378319478,-0.01117010721276371,0.0,-0.0025834889602897003,0.022210918504104737,-3.721041965251911,-0.006806784082777886
-0.038642572074553946,-2.0949169246652763,0.010122909661567111,0.006108652381980154,-0.024783675378319478,0.009599310885968814,0.0,-0.00826598704050344,-0.005475632234925505,-3.721041965251911,-0.0029670597283903604
-0.008369153502427477,-7.439004723113394,0.010122909661567111,-0.0033161255787892262,-0.024783675378319478,-0.007330382858376184,0.0,-0.005475351684268869,0.008367643134589615,-3.721041965251911,-0.016057029118347832
0.023992400814134833,0.38054259140427815,0.010122909661567111,-0.00820304748437335,-0.024783675378319478,-0.007504915783575617,0.0,-0.005576579052013467,0.008367643134589615,-3.721041965251911,0.0054105206811824215
-0.02555147900690271,-2.6130281628717165,0.010122909661567111,0.005585053606381855,-0.024783675378319478,0.0041887902047863905,0.0,0.0,-0.0,-3.721041965251911,-0.004014257279586958
0.008465789314480134,3.7677272478088244,0.010122909661567111,0.004886921905584123,-0.024783675378319478,-0.0020943951023931952,0.0,-0.005374124316524271,0.008367643134589615,-3.721041965251911,0.010471975511965976
-0.07206127587642559,-15.813018294790096,0.010122909661567111,0.007155849933176752,-0.024783675378319478,-0.005061454830783556,0.0,-0.0026847163280342983,0.022210918504104737,-3.721041965251911,-0.027052603405912107
-0.01806975542753936,-4.279704907706408,0.010122909661567111,-0.00034906585039886593,-0.024783675378319478,0.0033161255787892262,0.0,0.0,-0.0,-3.721041965251911,0.00034906585039886593
-0.03350246260738058,-0.5808299567679829,0.010122909661567111,0.007853981633974483,-0.024783675378319478,-0.008377580409572781,0.0,-0.0029955060312183137,-0.013842770407550513,-3.720867432326711,-0.006806784082777886
-0.04563674621122801,-0.45153444983986735,0.010122909661567111,0.010821041362364843,-0.024783675378319478,-0.00034906585039886593,0.0,0.00020245473548919596,-0.0,-3.720867432326711,0.0017453292519943296
0.043022380792681225,3.744720385578012,0.010122909661567111,-0.0164060949687467,-0.024783675378319478,0.005061454830783556,0.0,-0.002793051295729118,-0.013842770407550513,-3.720867432326711,0.00034906585039886593
0.021908926270900148,0.12295965206256097,0.010122909661567111,0.0010471975511965976,-0.024783675378319478,-0.0013962634015954637,0.0,0.0,-0.0,-3.720867432326711,-0.0013962634015954637
0.01193409632140109,5.18217160106603,0.010122909661567111,0.004886921905584123,-0.024783675378319478,-0.004014257279586958,0.0,-0.008368169909949178,-0.005474171722300962,-3.720867432326711,0.012217304763960308
0.004279929328747192,2.791660902445441,0.010122909661567111,0.005235987755982988,-0.024783675378319478,0.004886921905584123,0.0,0.00010122736774459798,-0.0,-3.720867432326711,-0.0
0.01616993405664532,0.5055857084246832,0.010122909661567111,0.0029670597283903604,-0.024783675378319478,0.005759586531581287,0.0,0.00010122736774459798,-0.0,-3.720867432326711,0.0027925268031909274
0.006615500921939041,-4.400349454869751,0.010122909661567111,-0.0005235987755982988,-0.024783675378319478,0.0012217304763960308,0.0,-0.008368169909949178,-0.005474171722300962,-3.720867432326711,-0.0041887902047863905
0.03870192065631155,5.835824446494385,0.010122909661567111,-0.0020943951023931952,-0.024783675378319478,0.0066322511575784525,0.0,-0.00269182392798452,-0.013842770407550513,-3.720867432326711,0.0054105206811824215
-0.015189089415712113,4.220996377330234,0.010122909661567111,0.006981317007977318,-0.024783675378319478,0.0,0.0,0.00010122736774459798,-0.0,-3.720867432326711,0.002617993877991494
-0.011782714475073069,5.380730225179177,0.010122909661567111,0.007330382858376184,-0.024783675378319478,0.0024434609527920616,0.0,-0.003096733398962912,-0.013842770407550513,-3.720867432326711,0.009599310885968814
0.005679248276267345,4.980239310592537,0.010122909661567111,-0.0010471975511965976,-0.024783675378319478,-0.006981317007977318,0.0,-0.0054724306419378,0.008369553980987389,-3.720692899401512,0.006108652381980154
0.019302314600048304,3.8466833860078022,0.010122909661567111,-0.011519173063162575,-0.024783675378319478,0.007504915783575617,0.0,-0.008267897788996682,-0.005472711042923621,-3.720692899401512,0.006981317007977318
0.012040116822565637,-0.2902881034769601,0.010122909661567111,0.002617993877991494,-0.024783675378319478,0.011344640137963142,0.0,-0.008267897788996682,-0.005472711042923621,-3.720692899401512,-0.0024434609527920616
-0.014140386918357232,-2.4026250793174615,0.010122909661567111,0.00017453292519943296,-0.024783675378319478,-0.007155849933176752,0.0,0.00010122736774459798,-0.0,-3.720692899401512,-0.007330382858376184
0.0014949677789885458,2.6892923625915004,0.010122909661567111,-0.0020943951023931952,-0.024783675378319478,-0.003141592653589793,0.0,0.0,-0.0,-3.720692899401512,0.002617993877991494
-0.01549719158729265,-6.876281826292271,0.010122909661567111,-0.0,-0.024783675378319478,0.004363323129985824,0.0,-0.0054724306419378,0.008369553980987389,-3.720692899401512,-0.011344640137963142
0.034913954656872456,-4.11065794805217,0.010122909661567111,-0.013613568165555772,-0.024783675378319478,-0.005759586531581287,0.0,-0.003099149250292676,-0.01384226502391101,-3.720692899401512,-0.00767944870877505
-0.043270941544003266,-5.648377409454081,0.010122909661567111,0.0005235987755982988,-0.024783675378319478,-0.008552113334772215,0.0,-0.005573658009682398,0.008369553980987389,-3.720692899401512,-0.006457718232379019
0.020242655263574744,-6.85878291109651,0.010122909661567111,-0.010995574287564275,-0.024783675378319478,0.005061454830783556,0.0,-0.002997921882548078,-0.01384226502391101,-3.720692899401512,-0.010821041362364843
-0.03250620675480613,-0.025817261125935905,0.010122909661567111,0.0020943951023931952,-0.024783675378319478,0.00820304748437335,0.0,-0.0054724306419378,0.008369553980987389,-3.720692899401512,0.003839724354387525
-0.017690683562452455,0.26261803102380293,0.010122909661567111,0.005759586531581287,-0.024783675378319478,-0.0020943951023931952,0.0,-0.008267897788996682,-0.005472711042923621,-3.720692899401512,-0.0029670597283903604
0.012279407609532637,-0.8519521100667057,0.010122909661567111,-0.008028514559173916,-0.024783675378319478,0.0054105206811824215,0.0,0.00010122736774459798,-0.0,-3.720692899401512,0.00034906585039886593
-0.021328918966588322,-9.779046373267446,0.010122909661567111,-0.005934119456780721,-0.024783675378319478,-0.0008726646259971648,0.0,-0.003000337645639486,-0.013841759218612002,-3.7205183664763126,-0.013264502315156905
-0.01827034669249384,-2.8808050268840186,0.010122909661567111,0.005934119456780721,-0.024783675378319478,-0.0017453292519943296,0.0,-0.005470969870700366,0.008370509021774036,-3.7205183664763126,-0.0005235987755982988
-0.009140727282317797,3.62009930819371,0.010122909661567111,0.006806784082777886,-0.024783675378319478,-0.0041887902047863905,0.0,-0.005369742502955768,0.008370509021774036,-3.7205183664763126,0.005759586531581287
-0.00752759500551351,-0.9984086374654998,0.010122909661567111,0.0010471975511965976,-0.024783675378319478,-0.0017453292519943296,0.0,-0.008370080148595254,-0.0054712501968379665,-3.7205183664763126,-0.005235987755982988
-0.009948157525844948,-7.602920569312555,0.010122909661567111,-0.003490658503988659,-0.024783675378319478,0.01117010721276371,0.0,-0.002899110277894888,-0.013841759218612002,-3.7205183664763126,-0.006981317007977318
-0.012887804612432753,-4.252530129249156,0.010122909661567111,0.008726646259971648,-0.024783675378319478,-0.009773843811168246,0.0,0.00010122736774459798,-0.0,-3.7205183664763126,-0.012042771838760876
-0.0018196738191439122,-4.081940204689106,0.010122909661567111,-0.010297442586766544,-0.024783675378319478,0.00034906585039886593,0.0,-0.00010122736774459798,-0.0,-3.7205183664763126,0.0020943951023931952
-0.003161652448050183,6.425598051696096,0.010122909661567111,0.002617993877991494,-0.024783675378319478,0.008726646259971648,0.0,-0.003000337645639486,-0.013841759218612002,-3.7205183664763126,0.007504915783575617
0.01578351877754494,-2.808455322346862,0.010122909661567111,-0.005759586531581287,-0.024783675378319478,-0.010122909661567111,0.0,-0.002899110277894888,-0.013841759218612002,-3.7205183664763126,-0.005934119456780721
0.020780585283764662,-1.934915244878491,0.010122909661567111,-0.0054105206811824215,-0.024783675378319478,0.0019198621771937625,0.0,-0.008370080148595254,-0.0054712501968379665,-3.7205183664763126,-0.008552113334772215
-0.02330655317874527,3.1752838140006077,0.010122909661567111,0.00890117918517108,-0.024783675378319478,0.0019198621771937625,0.0,-0.00526851513521117,0.008370509021774036,-3.7205183664763126,0.006457718232379019
0.013976883694023527,-6.809626173905162,0.010122909661567111,-0.0010471975511965976,-0.024783675378319478,-0.00034906585039886593,0.0,-0.00526851513521117,0.008370509021774036,-3.7205183664763126,-0.00942477796076938
0.01760908839799259,-3.2120328242856266,0.010122909661567111,0.0006981317007977319,-0.024783675378319478,0.005934119456780721,0.0,-0.002899110277894888,-0.013841759218612002,-3.7205183664763126,-0.006981317007977318
0.007898137286328412,7.742038776992016,0.010122909661567111,-0.0010471975511965976,-0.024783675378319478,-0.0027925268031909274,0.0,-0.002899110277894888,-0.013841759218612002,-3.7205183664763126,0.013089969389957472
-0.0028774695743234357,1.4537282315208466,0.010122909661567111,0.005759586531581287,-0.024783675378319478,-0.0013962634015954637,0.0,0.00010122736774459798,-0.0,-3.7205183664763126,-0.00034906585039886593
0.04109441258914038,1.045729721082081,0.010122909661567111,-0.003665191429188092,-0.024783675378319478,-0.0012217304763960308,0.0,0.00010122736774459798,-0.0,-3.7205183664763126,0.004886921905584123
-0.051812460345977224,-7.425352658401193,0.010122909661567111,0.0012217304763960308,-0.024783675378319478,-0.003490658503988659,0.0,0.0025718595928054776,-0.022212268240386038,-3.7205183664763126,-0.0158824961931484
0.035841266094570196,-3.9552241142552402,0.010122909661567111,-0.005759586531581287,-0.024783675378319478,0.005934119456780721,0.0,-0.0052670541973184595,0.0083714638075804,-3.7203438335511128,-0.007155849933176752
0.0071542464128374,-0.5923418023744913,0.010122909661567111,-0.0005235987755982988,-0.024783675378319478,-0.0010471975511965976,0.0,-0.008370080148595254,-0.0054712501968379665,-3.7205183664763126,-0.004014257279586958
-0.044130512023572016,-1.8193057893972344,0.010122909661567111,0.004363323129985824,-0.024783675378319478,0.005235987755982988,0.0,0.0,-0.0,-3.7203438335511128,-0.0015707963267948964
-0.032247342802236595,-5.179169487395177,0.010122909661567111,0.008377580409572781,-0.024783675378319478,-0.0027925268031909274,0.0,-0.0028002985849297567,-0.013841252991668896,-3.7203438335511128,-0.010297442586766544
-0.015513391496209335,-3.7897088777726684,0.010297442586766544,-0.0029670597283903604,-0.024783675378319478,-0.0022689280275926286,0.0,-0.005469499185747573,0.0083714638075804,-3.7203438335511128,-0.005759586531581287
-0.04035893130644213,-2.1249245406605906,0.010297442586766544,0.005759586531581287,-0.024783675378319478,-0.0027925268031909274,0.0,0.00010297260602189043,-0.0,-3.7203438335511128,-0.0017453292519943296
-0.028813043991789324,-1.121593333497949,0.010122909661567111,-0.00890117918517108,-0.024783675378319478,0.013613568165555772,0.0,-0.005671963668296851,0.0083714638075804,-3.7203438335511128,0.0005235987755982988
0.03262575471002209,1.3995872183642761,0.010122909661567111,-0.007330382858376184,-0.024783675378319478,0.002617993877991494,0.0,-0.008472262253226608,-0.005469789184088496,-3.7203438335511128,-0.004363323129985824
-0.02684293652235299,-7.358685786692615,0.010122909661567111,0.011344640137963142,-0.024783675378319478,0.012566370614359171,0.0,0.0030027533204189526,0.013841252991668896,-3.7203438335511128,-0.009773843811168246
-0.06115053997372228,-8.103060036970268,0.010297442586766544,0.011868238913561441,-0.024783675378319478,-0.003839724354387525,0.0,-0.0026955755699016952,-0.013841252991668896,-3.7203438335511128,-0.007853981633974483
-0.024933355314156185,-1.0410321953548274,0.010122909661567111,0.0019198621771937625,-0.024783675378319478,-0.009250245035569947,0.0,-0.00010122736774459798,-0.0,-3.7203438335511128,-0.0008726646259971648
0.017047377137432262,-0.08004274796377735,0.010122909661567111,-0.006457718232379019,-0.024783675378319478,0.015184364492350668,0.0,0.0,-0.0,-3.7203438335511128,0.0005235987755982988
0.03220739614720905,-4.7098711532240145,0.010122909661567111,-0.009948376736367679,-0.024783675378319478,0.0029670597283903604,0.0,-0.0052670541973184595,0.0083714638075804,-3.7203438335511128,-0.009948376736367679
0.02101009157674913,4.206493966144592,0.010122909661567111,-0.0005235987755982988,-0.024783675378319478,-0.007853981633974483,0.0,-0.0025679829801333004,0.022212716799249296,-3.7203438335511128,0.014486232791552936
-0.01661800698622631,-8.964147510246432,0.010122909661567111,-0.0008726646259971648,-0.024783675378319478,-0.008377580409572781,0.0,-0.0025679829801333004,0.022212716799249296,-3.7203438335511128,-0.011519173063162575
-0.028416792765743645,-5.427464945147097,0.010122909661567111,0.006981317007977318,-0.024783675378319478,-0.0017453292519943296,0.0,-0.0028002985849297567,-0.013841252991668896,-3.7203438335511128,-0.008028514559173916
-0.010574241932656278,0.749150311255193,0.010122909661567111,0.006806784082777886,-0.024783675378319478,-0.0029670597283903604,0.0,0.00010122736774459798,-0.0,-3.7203438335511128,0.004537856055185257
0.003819905105514249,3.9274415198171386,0.010122909661567111,0.003665191429188092,-0.024783675378319478,0.004014257279586958,0.0,-0.005368281565063057,0.0083714638075804,-3.7203438335511128,0.005759586531581287
-0.0071435457157568525,2.007935457975329,0.010122909661567111,0.005585053606381855,-0.024783675378319478,-0.009948376736367679,0.0,0.00010122736774459798,-0.0,-3.7203438335511128,0.008028514559173916
-0.030663003492447667,0.4053854359801082,0.010122909661567111,0.007330382858376184,-0.024783675378319478,0.011519173063162575,0.0,0.00010122736774459798,-0.0,-3.7201693006259133,-0.00034906585039886593
0.012804380335898846,-4.045089562970362,0.010122909661567111,-0.0005235987755982988,-0.024783675378319478,-0.0054105206811824215,0.0,-0.00536682046055958,0.008372418338377392,-3.7201693006259133,-0.0024434609527920616
-0.039878518383464366,0.5073372170884296,0.010122909661567111,0.005235987755982988,-0.024783675378319478,0.0020943951023931952,0.0,-0.00826980751773741,-0.005469789184088496,-3.7203438335511128,-0.00471238898038469
0.03640691481907824,-3.0404628735147354,0.010297442586766544,-0.009948376736367679,-0.024783675378319478,-0.003490658503988659,0.0,0.003109881576078433,0.013840746343097114,-3.7201693006259133,0.0024434609527920616
0.004025797354865008,8.560406999376113,0.010122909661567111,0.009948376736367679,-0.024783675378319478,0.0017453292519943296,0.0,0.0031063962745574766,0.013840746343097114,-3.7201693006259133,0.011344640137963142
-0.032914219459121576,3.8254052650275465,0.010122909661567111,0.006108652381980154,-0.024783675378319478,0.005759586531581287,0.0,-0.005468047828304178,0.008372418338377392,-3.7201693006259133,0.015009831567151233
0.03674075324033042,9.22414124749011,0.010122909661567111,-0.005585053606381855,-0.024783675378319478,0.0017453292519943296,0.0,-0.005468047828304178,0.008372418338377392,-3.7201693006259133,0.004886921905584123
-0.02833786521755142,-8.832120468443732,0.010297442586766544,0.0012217304763960308,-0.024783675378319478,-0.0033161255787892262,0.0,-0.0025641017198132373,0.022213164681474506,-3.7201693006259133,-0.010122909661567111
-0.08587434874038477,-4.897509576269799,0.010297442586766544,0.010995574287564275,-0.024783675378319478,0.013613568165555772,0.0,-0.0026979911519908716,-0.013840746343097114,-3.7201693006259133,-0.006283185307179586
-0.04040051430711067,-0.1275776562287772,0.010122909661567111,0.012740903539558606,-0.024783675378319478,0.0006981317007977319,0.0,-0.008473216735117056,-0.005468328004719723,-3.7201693006259133,-0.00471238898038469
0.026746981417647364,-3.3217736705935597,0.010122909661567111,-0.008028514559173916,-0.024783675378319478,-0.0033161255787892262,0.0,-0.00010122736774459798,-0.0,-3.7201693006259133,-0.002617993877991494
0.05229931416349453,-1.105688198924862,0.010297442586766544,-0.010122909661567111,-0.024783675378319478,0.006283185307179586,0.0,-0.005262092871804108,0.008372418338377392,-3.7201693006259133,0.004537856055185257
-0.010513182122201823,0.9093489867081931,0.010122909661567111,0.0015707963267948964,-0.024783675378319478,0.0008726646259971648,0.0,0.00010122736774459798,-0.0,-3.7201693006259133,0.0019198621771937625
-0.05218533115554029,-1.8924890114256288,0.010122909661567111,0.010821041362364843,-0.024783675378319478,0.0006981317007977319,0.0,-0.00010122736774459798,-0.0,-3.7201693006259133,-0.006108652381980154
0.0017088550443792327,-3.213035289139406,0.010122909661567111,-0.003490658503988659,-0.024783675378319478,-0.011519173063162575,0.0,-0.008371989367372459,-0.005468328004719723,-3.7201693006259133,-0.005061454830783556
-0.03376998584643061,0.2777401350522643,0.010122909661567111,0.005235987755982988,-0.024783675378319478,-0.006981317007977318,0.0,-0.00010122736774459798,-0.0,-3.7201693006259133,0.002617993877991494
-0.037142674857617894,2.357929275791759,0.010297442586766544,0.010122909661567111,-0.024783675378319478,0.006806784082777886,0.0,-0.005262092871804108,0.008372418338377392,-3.7201693006259133,0.004886921905584123
0.04125164286894756,-3.895000338506676,0.010297442586766544,-0.0153588974175501,-0.024783675378319478,-0.0008726646259971648,0.0,-0.005365065477825999,0.008372418338377392,-3.7201693006259133,-0.0066322511575784525
-0.007788352991913421,0.6502455211036029,0.010297442586766544,0.004363323129985824,-0.024783675378319478,-0.00890117918517108,0.0,0.00010297260602189043,-0.0,-3.7201693006259133,-0.0005235987755982988
0.015882743699509216,1.5015389994725976,0.010297442586766544,-0.011868238913561441,-0.024783675378319478,-0.012391837689159739,0.0,0.00010297260602189043,-0.0,-3.7201693006259133,0.006283185307179586
0.043987996861165904,4.4519509766977166,0.010297442586766544,-0.004886921905584123,-0.024783675378319478,-0.0020943951023931952,0.0,0.0029039363640346524,0.013840746343097114,-3.7201693006259133,0.00942477796076938
0.016653851445811,-3.974221117070936,0.010297442586766544,-0.013962634015954637,-0.024783675378319478,0.003141592653589793,0.0,-0.005365065477825999,0.008372418338377392,-3.7201693006259133,-0.0033161255787892262
-0.008379867037356485,-2.0408151791338485,0.010122909661567111,0.0029670597283903604,-0.024783675378319478,-0.010122909661567111,0.0,0.00010122736774459798,-0.0,-3.7201693006259133,-0.003490658503988659
0.0402263763441396,1.903984356820184,0.010297442586766544,-0.006981317007977318,-0.024783675378319478,-0.0017453292519943296,0.0,0.00010297260602189043,-0.0,-3.7201693006259133,0.0029670597283903604
-0.05766649600692309,-3.593290472765213,0.010297442586766544,0.017976891295541596,-0.024783675378319478,-0.010995574287564275,0.0,-0.002595018545968981,-0.013840746343097114,-3.7201693006259133,-0.005934119456780721
-0.002872537952377607,1.7589973677988031,0.010297442586766544,0.0054105206811824215,-0.02495820830351891,0.014486232791552936,0.0,-0.008371974447882543,-0.005468328004719723,-3.7201693006259133,-0.00017453292519943296
-0.006766050106622206,2.4629336575175467,0.010297442586766544,0.006457718232379019,-0.024783675378319478,0.0041887902047863905,0.0,-0.005365065477825999,0.008372418338377392,-3.7201693006259133,0.005235987755982988
0.05948106865924968,3.781227522910938,0.010297442586766544,-0.01832595714594046,-0.024783675378319478,0.004886921905584123,0.0,0.00020594521204378086,-0.0,-3.7201693006259133,0.00767944870877505
0.018052390869273537,-3.572096825466228,0.010122909661567111,0.0006981317007977319,-0.024783675378319478,-0.008377580409572781,0.0,-0.0028027141713236822,-0.013840746343097114,-3.7201693006259133,-0.011868238913561441
0.029582304116801943,-0.5161115893893657,0.010297442586766544,-0.006806784082777886,-0.024783675378319478,0.002617993877991494,0.0,0.00020594521204378086,-0.0,-3.7201693006259133,-0.003839724354387525
0.010689074533273392,-7.23957859477435,0.010297442586766544,-0.006981317007977318,-0.024783675378319478,0.003490658503988659,0.0,-0.003006908970056543,-0.013840746343097114,-3.7201693006259133,-0.013264502315156905
0.02162284341184072,-2.3899078347599736,0.010297442586766544,-0.007853981633974483,-0.024783675378319478,0.004537856055185257,0.0,-0.005365065477825999,0.008372418338377392,-3.7201693006259133,-0.0010471975511965976
0.0245253603791036,-0.7805599930974513,0.010297442586766544,-0.0019198621771937625,-0.024783675378319478,-0.0008726646259971648,0.0,0.0,-0.0,-3.7199947677007144,0.0012217304763960308
0.057926540867426504,7.618336019550473,0.010297442586766544,-0.006806784082777886,-0.024783675378319478,0.0066322511575784525,0.0,-0.002800963758012762,-0.013840746343097114,-3.7201693006259133,0.01064650843716541
0.005351355308401939,4.57483143596949,0.010122909661567111,0.00017453292519943296,-0.024783675378319478,-0.006283185307179586,0.0,0.0029063570370030825,0.01384023927291209,-3.7199947677007144,0.010471975511965976
0.008016905617472392,-0.8399782996584504,0.010297442586766544,-0.005061454830783556,-0.024783675378319478,0.0027925268031909274,0.0,0.00020594521204378086,-0.0,-3.7201693006259133,-0.0022689280275926286
0.015527023315667314,1.8864065776038863,0.010297442586766544,-0.00034906585039886593,-0.024783675378319478,0.006283185307179586,0.0,-0.005466576815382244,0.008373372614135934,-3.7199947677007144,0.0033161255787892262
-0.021713568405408733,-4.395218670184926,0.010122909661567111,-0.0017453292519943296,-0.024783675378319478,-0.007853981633974483,0.0,0.0029063570370030825,0.01384023927291209,-3.7199947677007144,-0.0017453292519943296
0.01997245514386863,10.26133253079236,0.010122909661567111,-0.004886921905584123,-0.024783675378319478,-0.00890117918517108,0.0,-0.00256022952023136,0.022213611887048023,-3.7199947677007144,0.014311699866353503
0.004211247171028684,2.131446829411392,0.010297442586766544,-0.004363323129985824,-0.024783675378319478,-0.0005235987755982988,0.0,-0.008371974447882543,-0.005468328004719723,-3.7201693006259133,0.0005235987755982988
-0.041568696020229494,1.5935331192016915,0.010122909661567111,0.0010471975511965976,-0.024783675378319478,0.0008726646259971648,0.0,0.0030075844047476805,0.01384023927291209,-3.7199947677007144,0.008726646259971648
0.0057965455167102555,-2.902218108492157,0.010297442586766544,0.0013962634015954637,-0.024783675378319478,-0.009075712110370514,0.0,-0.005363604209360354,0.008373372614135934,-3.7199947677007144,-0.005934119456780721
0.003633483208768802,1.2675938345259816,0.010297442586766544,0.0024434609527920616,-0.024783675378319478,-0.0024434609527920616,0.0,0.00010297260602189043,-0.0,-3.7201693006259133,-0.003665191429188092
-0.01852185008006231,0.7386521498239332,0.010122909661567111,0.006806784082777886,-0.024783675378319478,-0.0033161255787892262,0.0,0.00010122736774459798,-0.0,-3.7199947677007144,0.0041887902047863905
-0.023185407565070502,-1.4523987624932035,0.010122909661567111,-0.0005235987755982988,-0.024783675378319478,-0.0008726646259971648,0.0,0.0,-0.0,-3.7199947677007144,-0.004363323129985824
-0.0032722773652968168,0.20237742629303518,0.010122909661567111,-0.0,-0.024783675378319478,0.006457718232379019,0.0,0.0,-0.0,-3.7201693006259133,-0.00017453292519943296
0.017883720404887886,-1.1993777307103557,0.010122909661567111,-0.010122909661567111,-0.024783675378319478,-0.005585053606381855,0.0,-0.005567813924979041,0.008373372614135934,-3.7199947677007144,0.00767944870877505
0.01080967203463265,-3.5084713350536463,0.010297442586766544,-0.0008726646259971648,-0.024783675378319478,0.005061454830783556,0.0,-0.005466576815382244,0.008373372614135934,-3.7199947677007144,-0.006108652381980154
-0.04484442485081523,0.3825247536986474,0.010297442586766544,0.013439035240356337,-0.024783675378319478,0.0041887902047863905,0.0,0.00020594521204378086,-0.0,-3.7199947677007144,0.0020943951023931952
0.017856324752138324,6.490513414740929,0.010122909661567111,-0.00942477796076938,-0.024783675378319478,-0.0019198621771937625,0.0,-0.0029063570370030825,-0.01384023927291209,-3.7199947677007144,0.008726646259971648
-0.00037350203592119327,2.43831024725087,0.010297442586766544,0.010122909661567111,-0.024783675378319478,0.00034906585039886593,0.0,0.00020594521204378086,-0.0,-3.7199947677007144,0.0010471975511965976
-0.02273525892291426,3.5157482772751494,0.010122909661567111,0.009075712110370514,-0.024783675378319478,-0.0010471975511965976,0.0,-0.0029039415390682806,-0.013840746343097114,-3.7201693006259133,-0.0
-0.034700689259752504,3.720158681579416,0.010297442586766544,0.007504915783575617,-0.024783675378319478,0.007155849933176752,0.0,-0.005262092871804108,0.008372418338377392,-3.7201693006259133,0.003839724354387525
-0.030692438246759702,-2.400028833841008,0.010122909661567111,0.0054105206811824215,-0.024783675378319478,-0.004886921905584123,0.0,-0.005567813924979041,0.008373372614135934,-3.7199947677007144,-0.003839724354387525
-0.03213608903846134,0.49940725282995,0.010297442586766544,0.008028514559173916,-0.024783675378319478,-0.0019198621771937625,0.0,-0.005260631603338463,0.008373372614135934,-3.7199947677007144,0.004886921905584123
0.05522299967712447,-1.5969345050954589,0.010297442586766544,-0.006108652381980154,-0.024783675378319478,-0.0029670597283903604,0.0,-0.005260631603338463,0.008373372614135934,-3.7199947677007144,-0.00017453292519943296
-0.016519268028007274,-3.010021669791598,0.010297442586766544,0.0017453292519943296,-0.024783675378319478,0.00017453292519943296,0.0,-0.002803379251642972,-0.01384023927291209,-3.7199947677007144,-0.00942477796076938
-0.01803738914633039,0.045394689159307874,0.010297442586766544,0.0020943951023931952,-0.024783675378319478,0.003141592653589793,0.0,0.00010297260602189043,-0.0,-3.7199947677007144,0.0022689280275926286
-0.04308292453548139,-9.444056527833798,0.010297442586766544,0.009075712110370514,-0.024783675378319478,0.0054105206811824215,0.0,-0.0027004066456210816,-0.01384023927291209,-3.7199947677007144,-0.012566370614359171
-0.057467640297658794,-1.214173488105454,0.010122909661567111,0.022165681500327987,-0.024783675378319478,-0.004014257279586958,0.0,0.0,-0.0,-3.7199947677007144,-0.0019198621771937625
-0.05676748200145031,-0.07866873042050711,0.010122909661567111,0.0033161255787892262,-0.024783675378319478,0.009599310885968814,0.0,-0.005365359189489845,0.008373372614135934,-3.7199947677007144,0.004014257279586958
0.017917424957027344,1.6683553279088883,0.010297442586766544,0.0013962634015954637,-0.024783675378319478,-0.007853981633974483,0.0,0.00020594521204378086,-0.0,-3.7199947677007144,0.003665191429188092
-0.007770831954545882,-1.0661736670305977,0.010297442586766544,-0.0013962634015954637,-0.024783675378319478,0.0005235987755982988,0.0,-0.008372928673047108,-0.005466866658776156,-3.7199947677007144,-0.005934119456780721
0.023453968598293778,-1.4592810558417757,0.010297442586766544,-0.012740903539558606,-0.024783675378319478,0.005235987755982988,0.0,-0.005466576815382244,0.008373372614135934,-3.7199947677007144,-0.0006981317007977319
0.025034034126569495,-2.369823893409228,0.010297442586766544,0.003141592653589793,-0.024783675378319478,-0.011693705988362009,0.0,0.00010297260602189043,-0.0,-3.7199947677007144,-0.004537856055185257
-0.021366014246676657,2.2239873876235037,0.010297442586766544,-0.004363323129985824,-0.024783675378319478,0.003141592653589793,0.0,-0.00010297260602189043,-0.0,-3.7199947677007144,0.0013962634015954637
0.01493723781173737,1.0772242053758603,0.010122909661567111,-0.0020943951023931952,-0.024783675378319478,0.007853981633974483,0.0,-0.0054665865572344425,0.008373372614135934,-3.7199947677007144,0.006108652381980154
-0.0579436950366858,-7.0937024925932315,0.010122909661567111,0.007330382858376184,-0.024783675378319478,0.009075712110370514,0.0,0.0028051296692584845,0.01384023927291209,-3.7199947677007144,-0.011693705988362009
0.004176145250219521,-0.2305599504945513,0.010122909661567111,-0.0022689280275926286,-0.024783675378319478,0.0020943951023931952,0.0,-0.0054665865572344425,0.008373372614135934,-3.7199947677007144,0.0029670597283903604
0.017795746504139294,-4.277829328965999,0.010297442586766544,-0.0066322511575784525,-0.024783675378319478,-0.005759586531581287,0.0,0.0029063518576648625,0.01384023927291209,-3.7199947677007144,-0.003490658503988659
-0.0022766054534783518,3.033913194000762,0.010297442586766544,0.006283185307179586,-0.024783675378319478,-0.004014257279586958,0.0,-0.005363604209360354,0.008373372614135934,-3.7199947677007144,0.005235987755982988
0.029832075846154448,-1.0237979205243477,0.010297442586766544,-0.00471238898038469,-0.024783675378319478,0.0017453292519943296,0.0,-0.005363604209360354,0.008373372614135934,-3.7199947677007144,-0.0
-0.026370398621935902,-5.806013497395035,0.010122909661567111,0.0005235987755982988,-0.024783675378319478,-0.006108652381980154,0.0,-0.0029063570370030825,-0.01384023927291209,-3.7199947677007144,-0.009773843811168246
-0.0082709801450897,-0.5666538922157035,0.010122909661567111,-0.0,-0.024783675378319478,0.004014257279586958,0.0,0.00010122736774459798,-0.0,-3.7199947677007144,-0.00034906585039886593
0.0788802420956152,5.713107324924418,0.010122909661567111,-0.019722220547535925,-0.024783675378319478,0.0019198621771937625,0.0,-0.002762684255720556,0.022213611887048023,-3.7199947677007144,0.012740903539558606
0.03990304662609451,-10.762890564508972,0.010122909661567111,-0.012217304763960308,-0.024783675378319478,0.0008726646259971648,0.0,0.0031088117724922784,0.01384023927291209,-3.7199947677007144,-0.021467549799530253
-0.00799670066773978,-3.3834054506200517,0.010122909661567111,-0.004537856055185257,-0.024783675378319478,0.009773843811168246,0.0,0.0,-0.0,-3.7199947677007144,-0.003839724354387525
0.056323792834150455,-6.085735794741669,0.010122909661567111,-0.012217304763960308,-0.024783675378319478,-0.008552113334772215,0.0,0.0031088117724922784,0.01384023927291209,-3.7199947677007144,-0.009075712110370514
-0.01759530266011033,1.0931065725357583,0.010122909661567111,0.010122909661567111,-0.024783675378319478,-0.007853981633974483,0.0,0.00020245473548919596,-0.0,-3.7199947677007144,0.0012217304763960308
0.023201947643587344,-1.4136105069957168,0.010297442586766544,-0.019722220547535925,-0.024783675378319478,0.0022689280275926286,0.0,0.0,-0.0,-3.7199947677007144,-0.0033161255787892262
0.011043205190327275,-0.3527477913339558,0.010122909661567111,0.00471238898038469,-0.024783675378319478,0.0017453292519943296,0.0,0.00010122736774459798,-0.0,-3.7199947677007144,-0.0006981317007977319
0.0023431003400140138,5.973415860709737,0.010122909661567111,-0.0019198621771937625,-0.024783675378319478,-0.0024434609527920616,0.0,-0.0030075844047476805,-0.01384023927291209,-3.7199947677007144,0.004014257279586958
-0.007277237820876529,2.2460313813959303,0.010297442586766544,0.0041887902047863905,-0.024783675378319478,-0.0024434609527920616,0.0,-0.005363604209360354,0.008373372614135934,-3.7199947677007144,0.0041887902047863905
-0.019615790707047297,2.383037089503121,0.010122909661567111,0.0005235987755982988,-0.024783675378319478,0.002617993877991494,0.0,-0.008474170961982124,-0.005466866658776156,-3.7199947677007144,-0.0
-0.02190008169089377,-5.8056980413128905,0.010297442586766544,0.0033161255787892262,-0.024783675378319478,0.0013962634015954637,0.0,-0.002803379251642972,-0.01384023927291209,-3.7199947677007144,-0.010821041362364843
0.005791887807831111,-0.005496727713582058,0.010122909661567111,0.0017453292519943296,-0.024783675378319478,0.006806784082777886,0.0,0.00010122736774459798,-0.0,-3.7199947677007144,-0.004363323129985824
-0.02862001261701183,-1.879276144101986,0.010122909661567111,0.0013962634015954637,-0.024783675378319478,0.004537856055185257,0.0,-0.005365359189489845,0.008373372614135934,-3.7199947677007144,0.003141592653589793
0.012602365471738377,1.387337128258,0.010122909661567111,-0.0010471975511965976,-0.02495820830351891,0.003141592653589793,0.0,-0.0052641318217452465,0.008373372614135934,-3.7199947677007144,0.010471975511965976
-0.008497767919185072,-1.570959515928451,0.010122909661567111,0.0029670597283903604,-0.024783675378319478,0.006981317007977318,0.0,-0.008271716226492927,-0.005466866658776156,-3.7199947677007144,-0.006108652381980154
-0.04473015878839914,0.2764278237770755,0.010122909661567111,0.007330382858376184,-0.024783675378319478,-0.0024434609527920616,0.0,-0.00010122736774459798,-0.0,-3.7199947677007144,-0.003839724354387525
0.04132390992074408,0.6306291542153387,0.010297442586766544,-0.007504915783575617,-0.024783675378319478,0.007330382858376184,0.0,-0.00010297260602189043,-0.0,-3.7199947677007144,-0.0012217304763960308
-0.0017343441853917947,-2.9058508055570487,0.010122909661567111,-0.0,-0.024783675378319478,-0.006457718232379019,0.0,-0.005365359189489845,0.008373372614135934,-3.7199947677007144,-0.005759586531581287
-0.038822459052817115,-9.587511705276356,0.010122909661567111,0.00820304748437335,-0.02495820830351891,-0.00767944870877505,0.0,-0.0027039023015138866,-0.01384023927291209,-3.7199947677007144,-0.00890117918517108
-0.012357496599695098,-2.0250285049766905,0.010122909661567111,0.010821041362364843,-0.024783675378319478,0.00034906585039886593,0.0,0.00010122736774459798,-0.0,-3.7199947677007144,-0.004886921905584123
-0.02034366172905675,-3.190456404975681,0.010122909661567111,0.005759586531581287,-0.024783675378319478,-0.005235987755982988,0.0,0.00010122736774459798,-0.0,-3.7199947677007144,-0.00034906585039886593
-0.04833649702962882,-3.925768546403677,0.010122909661567111,0.0033161255787892262,-0.024783675378319478,-0.00471238898038469,0.0,-0.0054665865572344425,0.008373372614135934,-3.7199947677007144,-0.008028514559173916
0.004646083534141808,0.7329637073346205,0.010122909661567111,0.0054105206811824215,-0.024783675378319478,-0.0033161255787892262,0.0,-0.005365359189489845,0.008373372614135934,-3.7199947677007144,0.004886921905584123
-0.006363427374142864,-0.4898831791785456,0.010122909661567111,0.013613568165555772,-0.024783675378319478,-0.013439035240356337,0.0,0.00010122736774459798,-0.0,-3.7199947677007144,-0.0010471975511965976
-0.07335571134911459,-10.043376645329854,0.010122909661567111,0.003839724354387525,-0.024783675378319478,0.005061454830783556,0.0,-0.0028051296692584845,-0.01384023927291209,-3.7199947677007144,-0.013962634015954637
0.008974941514540749,-1.2936193106396017,0.010122909661567111,0.0008726646259971648,-0.024783675378319478,-0.005235987755982988,0.0,-0.005365359189489845,0.008373372614135934,-3.7199947677007144,-0.0010471975511965976
0.06116050505910716,1.0609051107443326,0.010122909661567111,-0.01710422666954443,-0.02495820830351891,-0.01064650843716541,0.0,-0.00020245473548919596,-0.0,-3.7199947677007144,-0.0005235987755982988
-0.01394305220408026,2.789126363237069,0.010122909661567111,0.010297442586766544,-0.024783675378319478,-0.0054105206811824215,0.0,-0.00010122736774459798,-0.0,-3.7199947677007144,0.0033161255787892262
0.05278685315324792,2.1009096039152637,0.010122909661567111,0.0066322511575784525,-0.024783675378319478,0.00942477796076938,0.0,-0.005365359189489845,0.008373372614135934,-3.7199947677007144,0.0029670597283903604
0.07198382351083793,-7.133566138534047,0.010122909661567111,-0.003839724354387525,-0.024783675378319478,0.003665191429188092,0.0,0.0030075844047476805,0.01384023927291209,-3.7199947677007144,-0.013439035240356337
0.07548841792962126,-2.145532153081165,0.010122909661567111,-0.013089969389957472,-0.024783675378319478,-0.0013962634015954637,0.0,-0.00010122736774459798,-0.0,-3.7199947677007144,-0.0020943951023931952
0.062485048063198524,2.8695913393903756,0.010122909661567111,0.009075712110370514,-0.02495820830351891,0.012217304763960308,0.0,0.00010122736774459798,-0.0,-3.7199947677007144,0.004363323129985824
0.01502769274237244,2.526852165369334,0.010122909661567111,-0.0006981317007977319,-0.024783675378319478,-0.003490658503988659,0.0,0.0,-0.0,-3.7199947677007144,0.0015707963267948964
0.13999084777199566,-2.298324864115764,0.010122909661567111,0.012217304763960308,-0.024783675378319478,0.0,0.0,0.0029063570370030825,0.01384023927291209,-3.7199947677007144,0.0006981317007977319
0.15096118555279225,-0.22186972310463524,0.010122909661567111,-0.003141592653589793,-0.024783675378319478,0.004014257279586958,0.0,0.0,-0.0,-3.7198202347755145,0.0022689280275926286
0.05905422136224086,0.4312591224836414,0.010122909661567111,0.007853981633974483,-0.024783675378319478,0.0029670597283903604,0.0,0.005365359189489845,-0.008373372614135934,-3.7199947677007144,-0.002617993877991494
0.08765631423821087,6.492101585702867,0.010122909661567111,0.004363323129985824,-0.024783675378319478,0.007155849933176752,0.0,0.0030075844047476805,0.01384023927291209,-3.7199947677007144,0.009773843811168246
0.15115324292033558,-5.927632461108484,0.010122909661567111,-0.008552113334772215,-0.024783675378319478,0.005061454830783556,0.0,0.0027063177109160025,0.013839731781129266,-3.7198202347755145,-0.007504915783575617
0.1173792708074569,0.5285533030303533,0.010122909661567111,0.011519173063162575,-0.024783675378319478,-0.011693705988362009,0.0,0.008575398329726721,0.005466866658776156,-3.7199947677007144,0.0019198621771937625
0.17515634962820556,0.30200321195091917,0.010122909661567111,-0.012391837689159739,-0.024783675378319478,-0.006457718232379019,0.0,0.0054665865572344425,-0.008373372614135934,-3.7199947677007144,-0.006108652381980154
0.21073235556714393,-0.653275025537629,0.010122909661567111,-0.012217304763960308,-0.024783675378319478,-0.0041887902047863905,0.0,0.008271716226492927,0.005466866658776156,-3.7199947677007144,0.0017453292519943296
0.23072371311949944,-5.253670301589243,0.010122909661567111,-0.013089969389957472,-0.024783675378319478,0.006457718232379019,0.0,0.016950249867585497,0.010930810292604603,-3.7198202347755145,-0.007504915783575617
0.19461700608048813,-6.171292756941733,0.009948376736367679,-0.005759586531581287,-0.024783675378319478,0.0013962634015954637,0.0,0.019306150525503277,-0.011279878569495711,-3.7199947677007144,-0.00890117918517108
0.19406974764776433,6.5314247315916525,0.009948376736367679,0.0010471975511965976,-0.024783675378319478,0.004014257279586958,0.0,0.010930269384827062,-0.01674865326965393,-3.7198202347755145,0.004537856055185257
0.23749339328723698,1.7235664506183048,0.009948376736367679,-0.0006981317007977319,-0.024783675378319478,0.003490658503988659,0.0,0.02231244128650749,0.0025564836577776375,-3.7198202347755145,0.0010471975511965976
0.2354476562656814,-4.6889480847212965,0.009948376736367679,-0.002617993877991494,-0.024783675378319478,0.010995574287564275,0.0,0.016944880773514477,0.010933733317552312,-3.7199947677007144,-0.006806784082777886
0.18279028970790306,2.602839847861866,0.009948376736367679,0.01884955592153876,-0.024783675378319478,-0.0008726646259971648,0.0,0.022510959032463113,0.0025603607034163783,-3.7199947677007144,0.004537856055185257
0.2701046269626119,2.0301652280925016,0.009948376736367679,-0.00767944870877505,-0.024783675378319478,-0.009250245035569947,0.0,0.02211303052692814,0.0025603607034163783,-3.7199947677007144,0.0041887902047863905
0.21961183194598435,1.598984969629396,0.009948376736367679,0.006108652381980154,-0.024783675378319478,-0.0008726646259971648,0.0,0.03078443516645286,0.008027227362192534,-3.7199947677007144,0.0012217304763960308
0.33471110093754064,-0.8701492533555717,0.009948376736367679,-0.01710422666954443,-0.024783675378319478,0.02129301687433082,0.0,0.03078443516645286,0.008027227362192534,-3.7199947677007144,0.00017453292519943296
0.31445926120730205,3.0457913114062776,0.009773843811168246,-0.005061454830783556,-0.024783675378319478,-0.005934119456780721,0.0,0.030585523555737015,0.008027227362192534,-3.7199947677007144,0.004537856055185257
0.31929288922447285,3.212033153055877,0.009773843811168246,0.0024434609527920616,-0.024783675378319478,0.0066322511575784525,0.0,0.03614986597910281,-0.00034614525194339905,-3.7199947677007144,0.005934119456780721
0.34416203983931376,2.5988355981074838,0.009773843811168246,-0.0013962634015954637,-0.024783675378319478,0.00017453292519943296,0.0,0.04452283865055738,0.005120721406832757,-3.7199947677007144,0.004886921905584123
0.371186374423965,0.9314886734833601,0.009773843811168246,-0.0029670597283903604,-0.024783675378319478,0.007853981633974483,0.0,0.044425101768564894,0.005120721406832757,-3.7199947677007144,0.0024434609527920616
0.44670239818073204,0.9361858704403628,0.009773843811168246,-0.00890117918517108,-0.024783675378319478,0.008028514559173916,0.0,0.044425101768564894,0.005120721406832757,-3.7199947677007144,0.0017453292519943296
0.4718193690659802,0.8256619935878041,0.009599310885968814,0.006981317007977318,-0.024783675378319478,0.005235987755982988,0.0,0.04998778329552342,-0.003252651207303175,-3.7199947677007144,-0.0020943951023931952
0.5025112160347729,-0.6997566532319867,0.009599310885968814,-0.011693705988362009,-0.024783675378319478,-0.013264502315156905,0.0,0.05816878685375574,0.0022142154514729843,-3.7199947677007144,0.002617993877991494
0.6149284195296926,4.705591372553132,0.009599310885968814,-0.013089969389957472,-0.024783675378319478,-0.00034906585039886593,0.0,0.06392337654128713,-0.006159157162662951,-3.7199947677007144,0.0066322511575784525
0.6350129525285716,-4.601234074433337,0.00942477796076938,-0.021467549799530253,-0.024783675378319478,-0.010297442586766544,0.0,0.0690096301707029,-0.014532529776798886,-3.7199947677007144,-0.01064650843716541
0.6010132960172836,-6.8168410810883335,0.00942477796076938,0.007504915783575617,-0.024783675378319478,-0.01064650843716541,0.0,0.07491892379863914,0.01313485611963522,-3.7198202347755145,-0.010471975511965976
0.7662702091517557,0.4799261753398193,0.00942477796076938,-0.029321531433504737,-0.024783675378319478,-0.003141592653589793,0.0,0.08019559344183526,0.004760529484808254,-3.7198202347755145,0.004886921905584123
0.7197763694265231,-4.597319908020959,0.009250245035569947,-0.013264502315156905,-0.024783675378319478,-0.0027925268031909274,0.0,0.08894493323995156,0.01022593463111055,-3.7198202347755145,-0.008028514559173916
0.7714953720638893,-1.2581090284997198,0.009250245035569947,-0.017627825445142728,-0.024783675378319478,-0.0054105206811824215,0.0,0.0942251022963334,0.0018516079962835833,-3.7198202347755145,-0.0010471975511965976
0.7132930324257636,-5.100040741762859,0.009075712110370514,0.00890117918517108,-0.02495820830351891,-0.007155849933176752,0.0,0.10278249189027386,0.0073170131425858796,-3.7198202347755145,-0.008028514559173916
0.6745165668592137,-8.800341136725397,0.009075712110370514,-0.005235987755982988,-0.02495820830351891,-0.0015707963267948964,0.0,0.11371285200846974,-0.009431640127068054,-3.7198202347755145,-0.010122909661567111
0.6764213036027967,1.982730748400561,0.00890117918517108,-0.0054105206811824215,-0.02495820830351891,-0.0010471975511965976,0.0,0.1164420700207416,0.004408091654061229,-3.7198202347755145,0.0054105206811824215
0.6690531586840881,-2.516364894489293,0.00890117918517108,-0.0005235987755982988,-0.024783675378319478,0.01832595714594046,0.0,0.12763947913606283,-0.012340561615592705,-3.7198202347755145,-0.009599310885968814
0.6679415666368779,-2.0005356722512446,0.008726646259971648,-0.012915436464758038,-0.02495820830351891,-0.011868238913561441,0.0,0.12499253302493125,0.009873496800363524,-3.7198202347755145,-0.0015707963267948964
0.69329143162764,3.17936374302589,0.008726646259971648,-0.018500490071139894,-0.02495820830351891,-0.00017453292519943296,0.0,0.1441224041619354,-0.0014097513229881123,-3.7198202347755145,-0.0020943951023931952
0.6322527034820992,3.4502771806431807,0.008552113334772215,-0.01117010721276371,-0.02495820830351891,-0.0024434609527920616,0.0,0.14429540706081037,-0.0014097513229881123,-3.7198202347755145,0.00820304748437335
0.6411151032776322,5.489230563065734,0.008552113334772215,-0.007853981633974483,-0.02495820830351891,-0.00767944870877505,0.0,0.15557824256595157,0.017895385604443467,-3.7198202347755145,0.008377580409572781
0.6152543164240684,-1.6150620110281964,0.008377580409572781,0.003665191429188092,-0.02495820830351891,-0.0005235987755982988,0.0,0.1608743907365106,0.009521058969616508,-3.7198202347755145,-0.0005235987755982988
0.6482903427153435,1.373435176087879,0.008377580409572781,-0.015707963267948967,-0.02495820830351891,-0.0012217304763960308,0.0,0.16633960409233753,0.001146732334789547,-3.7198202347755145,-0.0015707963267948964
0.6938222256162285,3.640409008437702,0.008377580409572781,-0.004363323129985824,-0.02495820830351891,-0.0041887902047863905,0.0,0.17205614192060756,-0.007227594300037426,-3.7198202347755145,0.004537856055185257
0.6924156679209356,7.0024889926857625,0.00820304748437335,-0.00890117918517108,-0.02495820830351891,-0.00942477796076938,0.0,0.18317170949008804,0.01207754262739414,-3.7198202347755145,0.006108652381980154
0.6804126971389759,-8.00785669505772,0.00820304748437335,-0.006981317007977318,-0.02495820830351891,-0.0017453292519943296,0.0,0.18317170949008804,0.01207754262739414,-3.7198202347755145,-0.0153588974175501
0.7162524409852943,-4.438938559856235,0.008028514559173916,-0.012915436464758038,-0.02495820830351891,0.011519173063162575,0.0,0.19402295496088243,-0.004637232215076771,-3.7199947677007144,-0.00890117918517108
0.6790900370317459,-3.7264006238944773,0.008028514559173916,-0.0033161255787892262,-0.02495820830351891,0.0012217304763960308,0.0,0.19992008244157997,0.023008352919998733,-3.7198202347755145,0.0027925268031909274
0.7168567955995296,2.7562649562450248,0.008028514559173916,-0.015707963267948967,-0.02495820830351891,0.008726646259971648,0.0,0.2023961994250038,0.000794294504042516,-3.7198202347755145,-0.00034906585039886593
0.710691537137439,-0.3149209433434604,0.008028514559173916,-0.015533430342749533,-0.025132741228718343,0.012217304763960308,0.0,0.21631576945751865,-0.0021146269844821626,-3.7198202347755145,-0.003490658503988659
0.6707918629247218,-2.6007600884564845,0.008028514559173916,0.002617993877991494,-0.02495820830351891,0.00890117918517108,0.0,0.21639605374062262,-0.0021146269844821626,-3.7198202347755145,-0.0041887902047863905
0.6739677114060998,-3.032921661339222,0.008028514559173916,-0.011519173063162575,-0.025132741228718343,0.01064650843716541,0.0,0.22477011048472062,0.0033507781618201476,-3.7198202347755145,-0.009599310885968814
0.6484473208683476,-4.671129720946621,0.008028514559173916,0.008552113334772215,-0.025132741228718343,-0.0012217304763960308,0.0,0.2332244515119226,0.008816183308122458,-3.7198202347755145,0.0054105206811824215
0.6427626915744726,-2.0694424532740228,0.007853981633974483,-0.0033161255787892262,-0.02495820830351891,0.003141592653589793,0.0,0.2330642059814299,0.008816183308122458,-3.7198202347755145,-0.00034906585039886593
0.6619073841244166,-1.6567072178554347,0.007853981633974483,-0.005759586531581287,-0.02495820830351891,0.013788101090755204,0.0,0.24399467914210074,-0.007932469961531487,-3.7198202347755145,-0.005061454830783556
0.7045509432429058,-3.1524552035485813,0.007853981633974483,0.0019198621771937625,-0.025132741228718343,0.002617993877991494,0.0,0.2553561182723929,0.011372666965900077,-3.7198202347755145,-0.0017453292519943296
0.6837298851415815,1.6412368300456341,0.007853981633974483,-0.0006981317007977319,-0.02495820830351891,0.00820304748437335,0.0,0.2553561182723929,0.011372666965900077,-3.7198202347755145,0.00820304748437335
0.7005670201557521,1.2801912507154483,0.007853981633974483,-0.007330382858376184,-0.025132741228718343,0.005235987755982988,0.0,0.26911688419471147,0.008463745477375415,-3.7198202347755145,0.0066322511575784525
0.7157585304900107,-0.3482612124111637,0.007853981633974483,0.013439035240356337,-0.02495820830351891,-0.009075712110370514,0.0,0.2747391987928211,8.941884254846565e-05,-3.7198202347755145,-0.0024434609527920616
0.6921778708715991,5.092055642537287,0.007853981633974483,0.005061454830783556,-0.02495820830351891,-0.003141592653589793,0.0,0.2799688183464952,-0.008284907792278508,-3.7198202347755145,0.010471975511965976
0.7313175367510033,3.126457834443936,0.007853981633974483,-0.012217304763960308,-0.02495820830351891,0.004363323129985824,0.0,0.28287765011703,0.005554823988850748,-3.7198202347755145,0.0020943951023931952
0.7548167430267604,7.890186084384891,0.007853981633974483,0.0008726646259971648,-0.02495820830351891,-0.0017453292519943296,0.0,0.2994304378758105,-0.019568155915630145,-3.7198202347755145,0.00767944870877505
0.7037356505719089,-4.227022849852504,0.007853981633974483,-0.003141592653589793,-0.02495820830351891,0.0008726646259971648,0.0,0.3022607306374582,-0.005728424134500887,-3.7198202347755145,-0.006806784082777886
0.7479490933713284,-4.365452633832031,0.007853981633974483,0.007504915783575617,-0.02495820830351891,-0.007504915783575617,0.0,0.31362216976775037,0.013576712792930705,-3.7198202347755145,-0.003839724354387525
0.743240000936157,-0.8339054361098512,0.007853981633974483,0.0029670597283903604,-0.025132741228718343,-0.0019198621771937625,0.0,0.31908740634808586,0.005202386158103733,-3.7198202347755145,-0.0
0.7105158288263566,-0.5675946304663549,0.00767944870877505,0.00471238898038469,-0.025132741228718343,0.017453292519943295,0.0,0.31900929977986653,0.005202386158103733,-3.7198202347755145,-0.00034906585039886593
0.8051373418750913,-2.7104545149397303,0.007853981633974483,-0.005759586531581287,-0.025132741228718343,0.010122909661567111,0.0,0.33284817227040436,0.002293464669579094,-3.7198202347755145,-0.0015707963267948964
0.7337848901304107,-2.522065850290308,0.00767944870877505,-0.0013962634015954637,-0.025132741228718343,-0.005585053606381855,0.0,0.3412240521150403,0.007699313345352478,-3.719645701850315,-0.006108652381980154
0.7722043113669779,-5.034410840110294,0.00767944870877505,-0.010471975511965976,-0.025132741228718343,-0.0029670597283903604,0.0,0.3521531911516059,-0.008989783453772597,-3.7198202347755145,-0.008726646259971648
0.7821230379455231,-0.7558575408000866,0.00767944870877505,-0.0041887902047863905,-0.02495820830351891,-0.012566370614359171,0.0,0.35506286790808295,0.004787976412273772,-3.719645701850315,0.0015707963267948964
0.765353365789956,2.484648027622493,0.00767944870877505,0.00017453292519943296,-0.025132741228718343,0.0015707963267948964,0.0,0.36351469508038553,0.010251919879616463,-3.719645701850315,0.004537856055185257
0.8581622892274781,2.5865963383698647,0.00767944870877505,0.0010471975511965976,-0.025132741228718343,0.004363323129985824,0.0,0.3744422597864215,-0.006498640921226364,-3.719645701850315,0.00034906585039886593
0.8458143367543336,1.7083457063623868,0.007504915783575617,-0.016755160819145562,-0.025132741228718343,-0.007330382858376184,0.0,0.37720216862177075,0.007340582946537728,-3.719645701850315,0.0019198621771937625
0.8458064630121048,-3.973930664973844,0.007504915783575617,-0.007155849933176752,-0.025132741228718343,-0.0024434609527920616,0.0,0.38572731006631233,0.01280452641388042,-3.719645701850315,-0.0027925268031909274
0.9160331858634722,0.8748746661055213,0.007504915783575617,-0.0006981317007977319,-0.025132741228718343,-0.00017453292519943296,0.0,0.3966548892525966,-0.003946034386962407,-3.719645701850315,-0.0019198621771937625
0.9005752903413982,-2.1108589511594094,0.007504915783575617,-0.0005235987755982988,-0.025132741228718343,0.005759586531581287,0.0,0.4080162371885498,0.0153571329481444,-3.719645701850315,0.003839724354387525
0.9909949841424165,1.6596296723670863,0.007330382858376184,-0.011519173063162575,-0.025132741228718343,-0.004537856055185257,0.0,0.4133304649920568,0.006981852547722976,-3.719645701850315,0.0010471975511965976
0.9659139136767526,-1.954648479374157,0.007330382858376184,0.0019198621771937625,-0.025132741228718343,-0.0029670597283903604,0.0,0.42177882354477425,0.012445796015065638,-3.719645701850315,0.0008726646259971648
1.051736461520453,-8.731109869557333,0.007330382858376184,-0.01064650843716541,-0.025132741228718343,0.008377580409572781,0.0,0.43809691037316906,-0.012680045186198613,-3.719645701850315,-0.008726646259971648
1.2077634025087547,-1.683055398434061,0.007330382858376184,-0.012217304763960308,-0.02530727415391778,0.0,0.0,0.4410816678515277,0.001082206150482584,-3.719471168925116,-0.0054105206811824215
1.3533711237576205,-0.7193230198588972,0.007155849933176752,-0.011344640137963142,-0.02530727415391778,-0.012217304763960308,0.0,0.4632233028703893,0.0036309354834760388,-3.719471168925116,0.0029670597283903604
1.378908655683693,-4.014419920076583,0.007155849933176752,-0.009075712110370514,-0.02530727415391778,-0.003839724354387525,0.0,0.4714562065474354,0.00909341710541789,-3.719471168925116,-0.004886921905584123
1.4718613559307945,5.67979765286684,0.006981317007977318,-0.007504915783575617,-0.02530727415391778,0.009599310885968814,0.0,0.48842177632601974,0.020018380349301562,-3.719471168925116,0.0153588974175501
1.6197491890497524,5.9409647104134695,0.006981317007977318,-0.015184364492350668,-0.02530727415391778,-0.00942477796076938,0.0,0.5048088218413735,-0.005110321383369175,-3.719471168925116,0.009599310885968814
1.6631589557627204,-7.347554225906039,0.006806784082777886,-0.013264502315156905,-0.02530727415391778,-0.006981317007977318,0.0,0.5241084339071318,-0.01640030758320777,-3.719471168925116,-0.014486232791552936
1.8064082971837503,-2.9412586882435825,0.0066322511575784525,-0.029670597283903602,-0.02530727415391778,-0.00820304748437335,0.0,0.5298683575959191,0.011277123482456375,-3.719471168925116,-0.0029670597283903604
1.8504092202720568,-2.3689316341585274,0.006457718232379019,-0.02879793265790644,-0.02530727415391778,-0.0008726646259971648,0.0,0.5629436078357841,-0.0029266150063305867,-3.719471168925116,-0.003490658503988659
1.8972880278093311,-3.8299585334772575,0.006283185307179586,-0.019198621771937627,-0.02530727415391778,0.003839724354387525,0.0,0.5715105420112744,0.002535866615611208,-3.719471168925116,-0.008726646259971648
1.8790403658711687,-7.161197337725363,0.006108652381980154,-0.011344640137963142,-0.02548180707911721,-0.007330382858376184,0.0,0.5991840003730696,-0.0033961959775303395,-3.7192966359999162,-0.0029670597283903604
1.9837506782131846,3.0293923177607556,0.005934119456780721,-0.030892327760299633,-0.02548180707911721,0.0013962634015954637,0.0,0.6076768607209426,0.0020648236326139403,-3.7192966359999162,0.009773843811168246
2.007349668260767,1.8558295455280167,0.005759586531581287,-0.013613568165555772,-0.02548180707911721,0.0013962634015954637,0.0,0.6381473819984874,0.010070695296842439,-3.7192966359999162,0.007330382858376184
2.1944010854275025,0.4927190874876463,0.005585053606381855,-0.024260076602721184,-0.02548180707911721,-0.0010471975511965976,0.0,0.6489546914440146,-0.006683679035566306,-3.7192966359999162,-0.00034906585039886593
2.2844502020343977,2.8198941567770746,0.005235987755982988,-0.012566370614359171,-0.02548180707911721,0.0017453292519943296,0.0,0.6826239208993183,0.015041285067631234,-3.719122103074717,0.012042771838760876
2.4854262883956078,0.8899818505159154,0.005061454830783556,-0.03665191429188092,-0.02548180707911721,0.0006981317007977319,0.0,0.7018656917829457,0.003744562166956183,-3.719122103074717,0.003490658503988659
2.5251461480423494,2.1120260924862646,0.00471238898038469,-0.01937315469713706,-0.025656340004316644,-0.012217304763960308,0.0,0.7324535459074694,0.011745094296605073,-3.719122103074717,0.009773843811168246
2.5083953618088777,2.5609661773019035,0.004537856055185257,-0.02652900463031381,-0.025656340004316644,-0.005934119456780721,0.0,0.7517930812272821,0.0004483713959299668,-3.719122103074717,0.00820304748437335
2.5274414557421334,-3.980762163172631,0.0041887902047863905,-0.03438298626428829,-0.025656340004316644,-0.0005235987755982988,0.0,0.7848346405762926,-0.013766934239085314,-3.719122103074717,-0.009075712110370514
2.4787458943714595,-0.7443153559101361,0.004014257279586958,-0.021642082724729686,-0.02548180707911721,-0.02356194490192345,0.0,0.799092158785337,0.01922856367992546,-3.718947570149518,0.010297442586766544
2.5731544634281924,8.174739171253908,0.003665191429188092,-0.030368728984701335,-0.025656340004316644,0.009773843811168246,0.0,0.8267237867366541,0.013386568032494871,-3.718947570149518,0.00942477796076938
2.5343844697609947,-1.3607649891316074,0.003490658503988659,-0.03595378259108319,-0.025656340004316644,-0.003839724354387525,0.0,0.8544665780828253,0.007544572385064224,-3.718947570149518,0.0005235987755982988
2.6902162792655044,-1.75383755032157,0.003141592653589793,-0.022165681500327987,-0.025656340004316644,-0.003141592653589793,0.0,0.8820999186877326,0.0017025767376336802,-3.718947570149518,-0.0024434609527920616
2.6542495822504293,0.3797898897152305,0.0029670597283903604,-0.02408554367752175,-0.025656340004316644,0.0,0.0,0.9042834108103394,0.004239674001455609,-3.718947570149518,-0.00017453292519943296
2.684199473738676,-3.017885358271553,0.002617993877991494,-0.03508111796508603,-0.025656340004316644,0.00820304748437335,0.0,0.93192860901196,-0.0017649744556415966,-3.718773037224318,-0.002617993877991494
2.7234016405885413,4.907305563099335,0.0024434609527920616,-0.016231562043547264,-0.025656340004316644,0.0029670597283903604,0.0,0.9596755977406451,-0.007611800103864933,-3.718773037224318,0.011344640137963142
2.6967762281352963,3.4508154849017836,0.0022689280275926286,-0.015533430342749533,-0.025656340004316644,-0.005934119456780721,0.0,0.9848108278805385,0.008758097626585401,-3.718773037224318,0.005759586531581287
2.7880749084037673,4.782967624560592,0.0020943951023931952,-0.016580627893946133,-0.025656340004316644,-0.006457718232379019,0.002875440798324838,1.0124583181935047,0.002911271978362008,-3.718773037224318,0.014486232791552936
2.761452243484209,-4.294764704425639,0.0019198621771937625,-0.02548180707911721,-0.025656340004316644,0.008726646259971648,-0.010996571196839989,1.0455639202025844,-0.011498081559978342,-3.7185985042991185,-0.006108652381980154
2.875312079916711,4.276470426838872,0.0017453292519943296,-0.020245819323134222,-0.025656340004316644,-0.0012217304763960308,-0.0005532600555238161,1.0623244790330812,-0.0005877417602227551,-3.7185985042991185,0.010995574287564275
2.82022703582798,-2.67385663589516,0.0015707963267948964,-0.00820304748437335,-0.025656340004316644,-0.003665191429188092,-0.000896048914518902,1.0984077452642873,-0.0009842273312564746,-3.7185985042991185,-0.0013962634015954637
2.9083068508971794,0.5065183051523777,0.0013962634015954637,-0.017976891295541596,-0.025656340004316644,-0.011693705988362009,0.006200344800952161,1.1290009266548942,0.0070002847330433975,-3.7185985042991185,0.00890117918517108
2.9141636941110236,-1.533099518037577,0.0012217304763960308,-0.016755160819145562,-0.025656340004316644,0.0,-0.006397989837719698,1.162097714255574,-0.007435190817900612,-3.718423971373919,-0.003839724354387525
2.914492473602226,3.937691923443485,0.0012217304763960308,-0.00890117918517108,-0.025830872929516076,0.0054105206811824215,-0.004145515035830399,1.1843397385633867,-0.004909726318809761,-3.718423971373919,0.010122909661567111
3.077326263830178,1.7912920299187614,0.0010471975511965976,-0.013962634015954637,-0.025830872929516076,-0.0022689280275926286,0.013705658725253577,1.2178549771198215,0.016692549910808995,-3.7182494384487197,0.012740903539558606
3.0799263337971556,3.8350662270657514,0.0008726646259971648,-0.016929693744344994,-0.025830872929516076,-0.004886921905584123,-0.0024174514737295067,1.242591314559044,-0.0030039100563150367,-3.7182494384487197,0.006806784082777886
3.0934122901839225,-0.6239674387971921,0.0006981317007977319,-0.0,-0.025830872929516076,-0.013439035240356337,0.008132106215919898,1.2815788154477057,0.010422164795559475,-3.7182494384487197,0.009599310885968814
3.1696837790638597,6.72664550624808,0.0005235987755982988,-0.007853981633974483,-0.025830872929516076,0.004014257279586958,-0.007099617594341743,1.3062871662475999,-0.009274295171564573,-3.7182494384487197,0.016057029118347832
3.062012542281341,-1.6412731368530975,0.0005235987755982988,-0.0020943951023931952,-0.025830872929516076,-0.009773843811168246,-0.0011472663735191421,1.3369140427166935,-0.0015337971984327055,-3.7180749055235203,0.00017453292519943296
3.134322513560483,-3.831447720471593,0.00034906585039886593,-0.013962634015954637,-0.025830872929516076,-0.006806784082777886,0.010879104965567066,1.3620569747692328,0.014818545418153207,-3.7180749055235203,-0.00017453292519943296
3.065026590231566,-2.5289173175361,0.00034906585039886593,-0.014835298641951801,-0.025830872929516076,0.002617993877991494,0.004114065019559269,1.403558411812514,0.005774363143036886,-3.717900372598321,0.0027925268031909274
3.09154546975212,-3.172354201013551,0.00017453292519943296,-0.01710422666954443,-0.025830872929516076,0.0022689280275926286,0.005813046950231682,1.4257756558471657,0.008288194185026203,-3.717900372598321,-0.002617993877991494
3.16,-3.8437566262561966,-0.0,-0.011519173063162575,-0.025830872929516076,0.010297442586766544,0.005381254359318612,1.4618269793543561,0.007866538738176833,-3.717900372598321,0.006283185307179586
3.0100000000000002,0.8783364087595583,-0.0,-0.02548180707911721,-0.025830872929516076,-0.0005235987755982988,0.0011652260323534605,1.4894955480609626,0.0017355997731798075,-3.7177258396731214,0.005585053606381855
3.2993799120043734,-0.8385169117275907,-0.00017453292519943296,0.00034906585039886593,-0.025830872929516076,-0.002617993877991494,0.0008571710822469762,1.5255432618165776,0.0013076518890082836,-3.7177258396731214,0.005585053606381855
3.114354861640932,-5.294072305069718,-0.00034906585039886593,-0.020943951023931952,-0.025830872929516076,0.007330382858376184,0.02008798058895226,1.553638591771264,0.03121366050458802,-3.717551306747922,0.008377580409572781
3.1625164213740837,4.730726997766571,-0.0005235987755982988,-0.020071286397934793,-0.025830872929516076,-0.0015707963267948964,0.005375890899240368,1.5922079129033466,0.008559618487071654,-3.717551306747922,0.00767944870877505
3.3176644130853723,-4.2262003806197095,-0.0005235987755982988,0.003839724354387525,-0.025830872929516076,-0.0019198621771937625,0.015393518125412137,1.6173575545177816,0.02489878953752245,-3.717551306747922,0.0054105206811824215
3.1783335422987298,-1.008272369472161,-0.0006981317007977319,-0.006457718232379019,-0.02600540585471551,-0.02181661564992912,0.0011810599317215228,1.6559132213464225,0.0019557336654928907,-3.7173767738227226,0.00471238898038469
3.274377882685813,-6.164564149137271,-0.0008726646259971648,-0.005759586531581287,-0.02600540585471551,0.0019198621771937625,0.019072888579928938,1.6840239176350238,0.032123095835362554,-3.7173767738227226,0.004363323129985824
3.2907290842725874,-2.4925670671820734,-0.0008726646259971648,0.005934119456780721,-0.02600540585471551,-0.016755160819145562,0.0021691061485815204,1.7141657634417249,0.003718213328595741,-3.7172022408975236,0.003665191429188092
3.2661578561073648,3.3148286938591043,-0.0010471975511965976,-0.013962634015954637,-0.02600540585471551,-0.010995574287564275,0.0018691257332710451,1.750221691100622,0.0032713882114406563,-3.7172022408975236,0.016231562043547264
3.412506860027336,1.0151581267192575,-0.0012217304763960308,-0.0153588974175501,-0.026179938779914945,-0.008552113334772215,-0.0031053810973811994,1.7917367186675868,-0.005564043223061828,-3.7172022408975236,-0.0008726646259971648
3.422061807723133,8.202895642699554,-0.0012217304763960308,-0.00471238898038469,-0.026179938779914945,-0.003490658503988659,-0.001690073674432113,1.8139573772245587,-0.0030657245287161274,-3.7172022408975236,0.01832595714594046
3.47481606607526,-1.5833549056690417,-0.0013962634015954637,-0.0024434609527920616,-0.026179938779914945,-0.0024434609527920616,0.0008644991263452629,1.8583689078756718,0.0016065586975109662,-3.7170277079723237,0.005061454830783556
3.4927817109511223,-9.768434505019872,-0.0013962634015954637,-0.006283185307179586,-0.026354471705114377,-0.0066322511575784525,0.016661592231248305,1.8864906222896136,0.03143484641231786,-3.7168531750471243,-0.005235987755982988
3.409419443147534,-2.8513052023916217,-0.0013962634015954637,-0.004363323129985824,-0.026354471705114377,0.003490658503988659,0.004547364645614553,1.9250337325780174,0.00875389067640692,-3.7168531750471243,0.00767944870877505
3.682947081351611,0.2861764323360032,-0.0015707963267948964,-0.0066322511575784525,-0.026354471705114377,-0.007504915783575617,0.0014615452071093178,1.9526900438819546,0.0028539468067249937,-3.7168531750471243,0.006457718232379019
3.7602823394019933,-3.9583526531290176,-0.0015707963267948964,-0.010471975511965976,-0.026354471705114377,0.003665191429188092,-0.003181232548362333,1.9941977435762772,-0.006344028170780345,-3.716678642121925,-0.00471238898038469
3.5810449419027277,-10.805719035553658,-0.0017453292519943296,-0.011868238913561441,-0.02652900463031381,0.0005235987755982988,0.018405785915249547,2.025261850550567,0.03728074604147466,-3.7165041091967255,-0.00471238898038469
3.963726126538342,0.7175864595612724,-0.0017453292519943296,-0.00471238898038469,-0.02652900463031381,-0.005934119456780721,0.005598461145485701,2.0776095552286216,0.011631537892219289,-3.7165041091967255,0.01117010721276371
3.9530421681825993,1.8949658194561128,-0.0019198621771937625,-0.00820304748437335,-0.02652900463031381,0.0019198621771937625,0.002717890960752292,2.105281075723501,0.00572193849474751,-3.7165041091967255,0.012042771838760876
3.6548278071265305,5.019559573724773,-0.0019198621771937625,-0.01780235837034216,-0.02652900463031381,0.0027925268031909274,0.004796965186876562,2.1497468527688555,0.010312339912105903,-3.716329576271526,0.011868238913561441
4.069016808006103,0.6693397039607336,-0.0020943951023931952,-0.0019198621771937625,-0.02652900463031381,-0.009250245035569947,0.0044990868192295325,2.1857739263252958,0.009834053014755042,-3.716329576271526,0.012391837689159739
3.78788757502246,-6.873903606109424,-0.0022689280275926286,-0.0153588974175501,-0.02652900463031381,-0.010122909661567111,-0.0035027685337307895,2.2326910266073785,-0.00782063185835691,-3.7161550433463266,-0.0029670597283903604
3.632795895175567,-7.013779280676253,-0.0024434609527920616,-0.0,-0.026703537555513242,-0.0027925268031909274,0.009694153114048856,2.260855616210755,0.021917767102383464,-3.7159805104211268,0.0029670597283903604
4.087842337046078,5.47480205634436,-0.0024434609527920616,-0.005934119456780721,-0.026703537555513242,-0.004363323129985824,0.01165116276852023,2.3052540360102993,0.026860105423477897,-3.7159805104211268,0.02181661564992912
3.734328650124144,-6.512492908007303,-0.002617993877991494,-0.00942477796076938,-0.026703537555513242,-0.008028514559173916,0.011087390134873906,2.3413550104992553,0.02596058023431172,-3.715805977495928,0.0033161255787892262
3.707858941905836,1.6661611396476224,-0.0027925268031909274,-0.021467549799530253,-0.026878070480712675,0.00017453292519943296,0.0013611134819645782,2.3798696394370107,0.0032392746519485116,-3.715805977495928,0.00767944870877505
4.245478247983727,-2.1710289942949363,-0.0027925268031909274,-0.012740903539558606,-0.026878070480712675,-0.008028514559173916,0.004446143921382518,2.410519692991944,0.010717588102921989,-3.7156314445707284,0.005759586531581287
3.9222739190953417,-1.9401424741634037,-0.0029670597283903604,-0.006457718232379019,-0.026878070480712675,-0.009773843811168246,0.0027711243269823247,2.460308155424196,0.006817837233064159,-3.7154569116455285,0.011519173063162575
3.88044864771643,-0.04276267974789815,-0.003141592653589793,-0.0054105206811824215,-0.026878070480712675,-0.012042771838760876,0.0025268860864775086,2.4963830096921913,0.00630808891975401,-3.7154569116455285,0.007853981633974483
4.282876421842605,4.202782449177822,-0.0033161255787892262,-0.013962634015954637,-0.027052603405912107,-0.005061454830783556,0.009674227585488117,2.543799724312293,0.024610065227264125,-3.7152823787203295,0.023387411976724018
4.085301345282391,4.322973330077014,-0.003490658503988659,-0.011868238913561441,-0.027052603405912107,0.0008726646259971648,-0.0013826105245171776,2.57393613195881,-0.0035587534531333464,-3.7152823787203295,0.014835298641951801
4.312367958071587,3.8130084597649554,-0.003490658503988659,-0.011868238913561441,-0.027052603405912107,-0.011344640137963142,0.010703228280767967,2.6242702260270816,0.02808923593360426,-3.7149333128699302,0.023212879051524585
4.497696899984366,6.91712931424471,-0.003665191429188092,-0.008377580409572781,-0.027052603405912107,-0.008028514559173916,-0.003192319126138287,2.6598210314974913,-0.008491026394711505,-3.7149333128699302,0.018675022996339326
3.9395208390617626,-1.1748238009607852,-0.003839724354387525,-0.020943951023931952,-0.027052603405912107,0.0041887902047863905,0.0004997614805047762,2.7127058473642776,0.0013557060033204751,-3.7147587799447312,0.00767944870877505
3.994301905184985,2.4523765051203466,-0.003839724354387525,-0.00942477796076938,-0.027052603405912107,-0.0164060949687467,0.0033619288377746913,2.743257422774583,0.009222670985705863,-3.7147587799447312,0.02111848394913139
4.227675442191504,0.7153414977029304,-0.0041887902047863905,-0.02129301687433082,-0.027227136331111543,-0.005934119456780721,0.0018692860760478418,2.793200283609999,0.005221296479237492,-3.714584247019532,0.010122909661567111
4.025962883683763,2.967306447065048,-0.0041887902047863905,-0.018500490071139894,-0.027227136331111543,-0.006806784082777886,0.0014796593694506026,2.8292103039099956,0.004186270589455961,-3.714409714094332,0.0158824961931484
4.22695731926722,-3.792771804457318,-0.004363323129985824,-0.02234021442552742,-0.027401669256310976,-0.004886921905584123,-0.001834404029687413,2.870716690861392,-0.005266060172639495,-3.7142351811691325,0.0017453292519943296
4.5626000121942045,2.6552985558516853,-0.004537856055185257,-0.00017453292519943296,-0.027401669256310976,0.003490658503988659,0.0027505030431752365,2.909793377606745,0.008003415722787607,-3.7142351811691325,0.016929693744344994
4.132915143360291,5.1358361517491975,-0.004537856055185257,-0.007853981633974483,-0.027401669256310976,-0.008726646259971648,0.008851434662871452,2.9571035186953205,0.026175292183669156,-3.7140606482439336,0.02356194490192345
4.339269814697486,4.977972946961696,-0.00471238898038469,0.003141592653589793,-0.027401669256310976,-0.012740903539558606,-0.0036616302745071322,2.9927243368570458,-0.010958299009730948,-3.7138861153187337,0.017627825445142728
4.160788930865018,-2.7912115787824434,-0.00471238898038469,-0.00767944870877505,-0.027401669256310976,0.0054105206811824215,0.0023626480367304396,3.0400324105411713,0.0071825399709328575,-3.7137115823935343,0.010995574287564275
3.9752033410092653,-0.5534730367579546,-0.00471238898038469,-0.013613568165555772,-0.027401669256310976,-0.011868238913561441,0.0019742455814596915,3.0760840816372528,0.006072953296446153,-3.7135370494683353,0.01117010721276371
4.27420543507299,-0.6334923453081905,-0.004886921905584123,-0.012217304763960308,-0.027401669256310976,0.0066322511575784525,0.0006246166777853313,3.1259952308249095,0.001952549009777043,-3.7133625165431354,0.01064650843716541
4.242846229722793,-4.846569602689421,-0.005061454830783556,-0.008028514559173916,-0.027401669256310976,-0.0008726646259971648,0.007468399290809578,3.1595740189793466,0.02359739909485226,-3.7133625165431354,0.00767944870877505
4.14404050372856,-3.1508286837458415,-0.005061454830783556,-0.0015707963267948964,-0.02757620218151041,-0.015533430342749533,0.0034351301615431163,3.2148073062687117,0.01104332497886414,-3.713187983617936,0.014835298641951801
4.209833161861486,0.07541353763476187,-0.005061454830783556,-0.0012217304763960308,-0.02757620218151041,-0.013264502315156905,0.005637006889598371,3.245602914476788,0.01829567977712185,-3.713013450692737,0.016580627893946133
3.984065799233422,-2.596559022740034,-0.005235987755982988,0.003141592653589793,-0.02775073510670984,-0.006108652381980154,9.12746024004607e-05,3.2923059979245592,0.00030050392177572084,-3.7128389177675376,0.006283185307179586
4.06745975963066,-1.1350017303805928,-0.005235987755982988,-0.002617993877991494,-0.02775073510670984,-0.027925268031909273,0.0022656077025918226,3.3230029446265497,0.007528633948523759,-3.7126643848423377,0.008726646259971648
4.282220532578181,6.217425949967979,-0.0054105206811824215,-0.012042771838760876,-0.02775073510670984,-0.0054105206811824215,0.0050770581860868,3.3758719328673923,0.01713964549900213,-3.7124898519171383,0.02234021442552742
3.969217759392826,1.3179717128422914,-0.005235987755982988,-0.014835298641951801,-0.027925268031909273,0.0005235987755982988,0.0007934872461851885,3.408869183337314,0.002704894788578999,-3.7124898519171383,0.013264502315156905
4.373855140993014,-3.600053591929341,-0.0054105206811824215,-0.010122909661567111,-0.027925268031909273,-0.00890117918517108,0.003550655817000972,3.461791386031428,0.012291681376484294,-3.7123153189919393,0.012915436464758038
4.449924010473986,-2.480936545841624,-0.0054105206811824215,-0.0017453292519943296,-0.027925268031909273,0.0,0.005576210441377744,3.4923339062572114,0.019474190637559664,-3.7121407860667395,0.0164060949687467
3.96566246325069,-0.5156279137447562,-0.005585053606381855,-0.02129301687433082,-0.028099800957108706,-0.011344640137963142,0.00039414120319997245,3.539394940093738,0.001395021452526041,-3.71196625314154,0.009250245035569947
4.149338415131724,-14.151033811438886,-0.005585053606381855,-0.0006981317007977319,-0.028099800957108706,-0.015707963267948967,0.013969803053938431,3.5789944293052236,0.05000110001236971,-3.711791720216341,-0.0008726646259971648
4.420096233377575,-0.44004565607717383,-0.005585053606381855,-0.0008726646259971648,-0.028099800957108706,0.010122909661567111,0.002661488157481684,3.628107550321853,0.009656188079193521,-3.711617187291141,0.016929693744344994
3.834198763834611,-1.3195003725680408,-0.005585053606381855,-0.011519173063162575,-0.028099800957108706,-0.0019198621771937625,0.004588401576185513,3.658819067384562,0.0167882489926665,-3.711442654365942,0.017627825445142728
4.484541501007109,-5.840118318096283,-0.005759586531581287,-0.007330382858376184,-0.028274333882308142,-0.010995574287564275,-0.001177548332249518,3.719459568823039,-0.004379845436531137,-3.711268121440743,0.005585053606381855
4.397643123981947,-1.1443810306416236,-0.005759586531581287,-0.007330382858376184,-0.028274333882308142,-0.003490658503988659,0.00666028810364404,3.7476953719911914,0.024961099990032265,-3.711093588515543,0.023212879051524585
3.7319542762915323,0.07656608148322108,-0.005934119456780721,-0.0153588974175501,-0.028274333882308142,-0.0033161255787892262,0.0017889206050021873,3.794633753240074,0.006788305751005087,-3.7109190555903435,0.012566370614359171
4.348377240541717,4.514817393461562,-0.005934119456780721,0.004886921905584123,-0.028274333882308142,-0.016231562043547264,0.0014217860333238612,3.83062401142358,0.005446331388232763,-3.710744522665144,0.028623399732707007
4.229144486470135,2.427489376885809,-0.006108652381980154,-0.017976891295541596,-0.028448866807507574,0.006108652381980154,0.00382820840782825,3.8835702857929117,0.014867189047643958,-3.7105699897399447,0.01780235837034216
3.895531448046217,0.24373370959756954,-0.006108652381980154,-0.009075712110370514,-0.028448866807507574,0.0024434609527920616,0.0034435123908004707,3.91955993001452,0.013497106534094642,-3.7103954568147453,0.02129301687433082
4.602995955007727,7.283202053782096,-0.006108652381980154,-0.0027925268031909274,-0.028623399732707007,-0.007155849933176752,0.009855517538226654,3.9616392492347883,0.03904526928077086,-3.7100463909643464,0.039269908169872414
4.602419269211928,-3.4502345607629605,-0.006283185307179586,-0.01117010721276371,-0.028623399732707007,0.003839724354387525,0.0025107695358784782,3.991774733842032,0.01002244745621037,-3.709871858039147,0.006981317007977318
3.716589362921123,-4.029466426834781,-0.006283185307179586,-0.0006981317007977319,-0.028623399732707007,-0.007853981633974483,0.002701264499299365,4.049873951560523,0.01093980734063837,-3.7096973251139476,0.020943951023931952
4.084965278528284,-8.200816116463235,-0.006457718232379019,-0.005235987755982988,-0.028623399732707007,-0.0012217304763960308,0.007599942904740371,4.0835862451762095,0.031035619842379174,-3.7093482592635487,0.010995574287564275
4.183864718064192,2.6184932305685336,-0.006457718232379019,-0.01064650843716541,-0.028623399732707007,0.0033161255787892262,0.005128144882939653,4.125143823822675,0.02115452063146222,-3.7091737263383493,0.02652900463031381
3.5699202356306374,1.1229423500036357,-0.006457718232379019,-0.0029670597283903604,-0.02879793265790644,0.0012217304763960308,0.004732391514824102,4.161065413661541,0.01969193766024933,-3.7089991934131494,0.029321531433504737
4.170549355876526,5.80454586315621,-0.006457718232379019,0.005759586531581287,-0.02879793265790644,-0.0005235987755982988,0.008710967815701102,4.208616826872002,0.03666205304945501,-3.708650127562751,0.03752457891787808
3.7682163459352154,-7.543876283508225,-0.006457718232379019,-0.016580627893946133,-0.02879793265790644,-0.007504915783575617,0.007033370803102732,4.236298844846445,0.029795951928592274,-3.7084755946375516,0.011519173063162575
3.2691028285241344,-5.080573841859023,-0.006457718232379019,0.0006981317007977319,-0.02879793265790644,-0.011519173063162575,0.0012400112180393549,4.274651941852672,0.005300619077904425,-3.7081265287871528,0.017278759594743863
3.4077196480118537,8.797581684809233,-0.006457718232379019,0.016755160819145562,-0.02879793265790644,-0.00942477796076938,0.0008755379471377876,4.310699118565969,0.0037741816213852815,-3.7079519958619533,0.03752457891787808
3.868383780147021,3.8264750701258365,-0.006283185307179586,0.007155849933176752,-0.02879793265790644,0.0041887902047863905,0.006681211458368106,4.352852391194993,0.029082760011691435,-3.7076029300115545,0.0317649923862968
3.305085793370245,-3.500658095621593,-0.006283185307179586,-0.004014257279586958,-0.02879793265790644,-0.012217304763960308,0.005059371856672578,4.380462102258634,0.02216257577999439,-3.707428397086355,0.016755160819145562
3.3154168594113997,-1.6585159376383651,-0.006283185307179586,-0.005061454830783556,-0.028972465583105872,0.00767944870877505,0.004662449140073197,4.416637369702956,0.020592496322796503,-3.707253864161155,0.023387411976724018
3.7655214959502663,-8.115161670644024,-0.006108652381980154,0.004886921905584123,-0.02879793265790644,-0.003839724354387525,0.009095262919370501,4.450310101041616,0.0404778566086664,-3.706904798310757,0.016057029118347832
3.7131978670460835,-1.0992659946015202,-0.005934119456780721,0.005235987755982988,-0.02879793265790644,0.004014257279586958,0.00488893044481485,4.497147493489759,0.021986416466500982,-3.706730265385557,0.025830872929516076
3.7274751418692764,-6.016151263110899,-0.005934119456780721,0.006457718232379019,-0.02879793265790644,0.02181661564992912,0.006189745143064343,4.527847779692734,0.028026581730762855,-3.7063811995351585,0.012217304763960308
4.040969065031787,-2.3660224047459715,-0.005934119456780721,-0.00034906585039886593,-0.02879793265790644,0.0019198621771937625,0.002076056986181465,4.574599226194038,0.009497142326792104,-3.7062066666099587,0.020071286397934793
4.285689532262839,-1.8757702324760834,-0.005934119456780721,0.006457718232379019,-0.02879793265790644,-0.0020943951023931952,0.006356207054595667,4.608341603845751,0.029291967891939507,-3.7058576007595603,0.025656340004316644
3.6653384220793335,5.135886708839454,-0.005934119456780721,-0.003839724354387525,-0.02879793265790644,0.012391837689159739,0.00708629753128442,4.652841820221361,0.03297197340855472,-3.7056830678343604,0.03420845333908886
3.6445170659448203,0.8777350699810778,-0.005759586531581287,0.005585053606381855,-0.02879793265790644,-0.010122909661567111,0.0006151994414977054,4.682579292722164,0.0028807205290738436,-3.705334001983962,0.02076941809873252
4.134365209979376,1.178968348410658,-0.005934119456780721,-0.01780235837034216,-0.02879793265790644,-0.008726646259971648,0.0070325800600140286,4.733524640215012,0.03328943980080162,-3.7049849361335627,0.03490658503988659
3.9012222861670667,1.6184929563361763,-0.005934119456780721,-0.0158824961931484,-0.02879793265790644,-0.0010471975511965976,0.005509552297793382,4.760881553009676,0.026230591311766107,-3.7048104032083633,0.032637657012293965
3.193228843578887,6.875292901886887,-0.005934119456780721,-0.01710422666954443,-0.028972465583105872,-0.006806784082777886,0.007802762032885149,4.8002330099634944,0.037455836024642426,-3.7044613373579645,0.041189770347066175
3.3019418183990292,2.4386148743159497,-0.006108652381980154,-0.010122909661567111,-0.028972465583105872,0.0006981317007977319,0.0027807855688183037,4.838357911252272,0.013454470536507512,-3.704286804432765,0.0301941960595019
3.9109981268501577,-1.7635179280706232,-0.006108652381980154,-0.005235987755982988,-0.028972465583105872,-0.009075712110370514,0.0050500235272217565,4.877594668581333,0.024632177228927486,-3.703937738582366,0.026354471705114377
3.9170689609719327,-2.024683475342375,-0.006108652381980154,0.0041887902047863905,-0.028972465583105872,-0.005061454830783556,0.006204367293876537,4.908378040313865,0.030453770944555637,-3.703588672731968,0.02879793265790644
3.208083912435106,-1.7013551687851203,-0.006283185307179586,-0.008552113334772215,-0.028972465583105872,-0.0066322511575784525,0.003904493651329154,4.949742319781425,0.019326335673852696,-3.7032396068815685,0.028099800957108706
3.277187724353241,0.749385355682231,-0.006283185307179586,0.008726646259971648,-0.028972465583105872,0.0024434609527920616,0.005214456158566362,4.980463504324278,0.02597064397845619,-3.703065073956369,0.033161255787892266
3.7468819299493314,3.1201050230167766,-0.006283185307179586,-0.007330382858376184,-0.028972465583105872,0.006457718232379019,0.00294643751419473,5.021772483133484,0.014796381650313063,-3.7027160081059702,0.024434609527920616
3.6349809049938795,-3.017076130631757,-0.006283185307179586,-0.007504915783575617,-0.028972465583105872,-0.0015707963267948964,0.007431318065996648,5.041675337541497,0.037466982719616106,-3.7023669422555714,0.03246312408709453
3.31092743169294,2.0854388970967097,-0.006283185307179586,-0.00942477796076938,-0.028972465583105872,-0.012915436464758038,0.005162429439407229,5.083295885458622,0.02624238945454472,-3.7020178764051725,0.031415926535897934
3.1058765752946633,-1.8205868363708066,-0.006283185307179586,-0.009075712110370514,-0.0291469985083053,-0.006283185307179586,0.004757457221418714,5.119215643022988,0.02435463317188837,-3.7018433434799727,0.023736477827122883
3.412599329195746,-1.7414378260265386,-0.006457718232379019,-0.009250245035569947,-0.0291469985083053,-0.013264502315156905,0.0025348053945699694,5.16068652036233,0.013081364048471777,-3.7014942776295743,0.02111848394913139
3.5038942851143515,1.8610233981738327,-0.006283185307179586,-0.0020943951023931952,-0.0291469985083053,-0.005585053606381855,0.005245546798700597,5.1860666846695125,0.027204005009042343,-3.7011452117791754,0.03665191429188092
3.0888767744106085,5.978810197481372,-0.006283185307179586,0.0024434609527920616,-0.0291469985083053,-0.0041887902047863905,0.0062935148010129505,5.216747876289302,0.03283211344876972,-3.700796145928776,0.03560471674068432
3.0226774980625897,-5.684956159077343,-0.006283185307179586,0.0158824961931484,-0.029321531433504737,-0.003839724354387525,0.00749949197394676,5.247552499451673,0.03935471565622431,-3.700621613003577,0.019722220547535925
3.2502150658857527,4.744141240033791,-0.006108652381980154,0.014486232791552936,-0.02949606435870417,-0.013264502315156905,0.009503969332696397,5.286678056233681,0.05024593895612597,-3.700272547153178,0.04468042885105484
3.17580921643349,4.621633849039965,-0.005934119456780721,0.003141592653589793,-0.02949606435870417,-0.00820304748437335,0.005494159190306201,5.311202575376021,0.02918088605765724,-3.7000980142279785,0.040491638646268445
3.2563519726424484,-0.7928166919844045,-0.005934119456780721,0.018675022996339326,-0.02949606435870417,-0.00034906585039886593,0.004734785134835758,5.347077735451802,0.0253174533674068,-3.69957441545238,0.026878070480712675
3.005761582059813,3.762838156494155,-0.005934119456780721,0.013089969389957472,-0.029670597283903602,-0.00942477796076938,0.004932647876136699,5.369580671799592,0.026486465511042535,-3.699399882527181,0.04241150082346221
2.7593159210940574,-4.011655559762015,-0.005759586531581287,-0.013439035240356337,-0.029670597283903602,-0.005061454830783556,0.004174702884103281,5.405703510013125,0.022567337136279734,-3.698876283751583,0.02652900463031381
2.8650743419915705,-1.239142940275035,-0.005759586531581287,0.009948376736367679,-0.029670597283903602,0.0010471975511965976,0.006902093037838774,5.430997772648422,0.0374858471783673,-3.6987017508263835,0.033335788713091695
3.05708279439818,-7.756096012200667,-0.005585053606381855,0.003665191429188092,-0.029670597283903602,-0.0024434609527920616,0.0036120447402120536,5.463863720309075,0.019735806042399388,-3.6981781520507853,0.02408554367752175
3.183470800628654,3.7437514662436953,-0.0054105206811824215,0.005759586531581287,-0.029845130209103034,-0.014137166941154071,0.004756427275179987,5.494586089264956,0.026134796228830644,-3.6980036191255854,0.039968039870670144
2.800782283469104,1.3372010969611883,-0.0054105206811824215,0.004014257279586958,-0.029845130209103034,-0.010471975511965976,0.00802442382354754,5.528684033081612,0.044365456122962145,-3.697480020349987,0.041887902047863905
2.8622925394312277,1.3743285185088283,-0.0054105206811824215,0.00890117918517108,-0.030019663134302467,0.0,0.0055367556097485355,5.5477971898214,0.030717111097597748,-3.6971309544995883,0.04258603374866164
2.8586382663287986,-1.7990546027882328,-0.005235987755982988,0.005061454830783556,-0.030019663134302467,-0.0024434609527920616,0.004942433509725541,5.583752345601728,0.027597549417693313,-3.6967818886491894,0.03560471674068432
2.8455120029311765,4.604426841941853,-0.005235987755982988,0.004014257279586958,-0.030019663134302467,-0.0029670597283903604,0.0049383213789623796,5.606029100942218,0.027684598408901046,-3.6964328227987906,0.04834562028024293
2.9347192664613933,-2.233182149857251,-0.005061454830783556,-0.0017453292519943296,-0.030019663134302467,-0.007853981633974483,0.0041712110206499975,5.642145293548962,0.02353471512223189,-3.695909224023192,0.03665191429188092
3.0848639075450612,-1.1314485763978348,-0.005061454830783556,0.003665191429188092,-0.030019663134302467,0.006108652381980154,0.006589283610834909,5.667767388323045,0.0373470672833197,-3.6955601581727935,0.041713369122664476
2.7862537720733775,4.2092240222972395,-0.005061454830783556,-0.006981317007977318,-0.030019663134302467,0.0012217304763960308,0.007307160973817146,5.698512940335399,0.041640692498442995,-3.695036559397195,0.04782202150464463
2.99834447253744,0.45723025612953416,-0.005061454830783556,0.0020943951023931952,-0.030019663134302467,0.006108652381980154,0.005787539777048717,5.726000680548242,0.033139826715884634,-3.6946874935467964,0.044156830075456545
3.0407384790996264,-5.189776113714779,-0.004886921905584123,-0.0005235987755982988,-0.030019663134302467,0.0005235987755982988,0.005009319945523185,5.762065143741851,0.02886426928547836,-3.6941638947711977,0.03892084231947355
3.1660985443808833,2.3506999910738533,-0.004886921905584123,0.0041887902047863905,-0.030019663134302467,0.006108652381980154,0.004984279384719355,5.784298755369697,0.02883079979008936,-3.6938148289207993,0.041713369122664476
3.1557749786901397,-7.603258848558342,-0.005061454830783556,-0.01710422666954443,-0.030019663134302467,0.008726646259971648,0.002742469732945302,5.825720233763819,0.015976901468563214,-3.693291230145201,0.02775073510670984
3.354694539101032,5.264666850471708,-0.005061454830783556,0.012217304763960308,-0.029845130209103034,-0.007853981633974483,0.0050686969889444725,5.851229065302453,0.029658361136489782,-3.692942164294802,0.05497787143782138
2.950830302207619,3.8505615919725256,-0.005061454830783556,-0.00942477796076938,-0.029845130209103034,-0.005061454830783556,0.006622285334704166,5.890510287235588,0.039009210136006965,-3.6924185655192034,0.04799655442984406
3.0182947425675666,-14.529227079221185,-0.005061454830783556,-0.00471238898038469,-0.030019663134302467,-0.0019198621771937625,0.01017366025424656,5.9108205744500735,0.06013675514804744,-3.691894966743605,0.018500490071139894
3.025362709112648,1.6561511078274005,-0.005061454830783556,0.0019198621771937625,-0.030019663134302467,-0.011519173063162575,0.008093895197013487,5.952045952815635,0.0481762881823373,-3.6915459008932063,0.051487212933832724
3.0820149153588354,-1.345531889988082,-0.005235987755982988,-0.011868238913561441,-0.030019663134302467,-0.010821041362364843,0.009472583263628624,5.969202207532018,0.05654545620986056,-3.691196835042808,0.05305800926062762
3.3437149790821623,0.5701052338971013,-0.005235987755982988,-0.015707963267948967,-0.0301941960595019,-0.00820304748437335,0.005636301643234048,6.015702637571767,0.03390667371001069,-3.6904987033420102,0.041713369122664476
3.378703169120696,-3.3304336618862433,-0.005235987755982988,-0.0153588974175501,-0.0301941960595019,-0.005934119456780721,0.007000995720329616,6.032727070591315,0.04223578645283073,-3.690149637491611,0.03735004599267865
3.3392368911977406,-3.2482314251747444,-0.0054105206811824215,-0.010821041362364843,-0.0301941960595019,-0.011693705988362009,0.005640822446786562,6.082502127779734,0.034310678444874655,-3.6896260387160127,0.041713369122664476
3.430657274929765,-2.591655889826647,-0.0054105206811824215,-0.00017453292519943296,-0.0301941960595019,0.002617993877991494,0.007826901066252775,6.108125337180058,0.04780866897744836,-3.689276972865614,0.04328416544945937
3.401916776970169,1.803319584873455,-0.0054105206811824215,0.0022689280275926286,-0.0301941960595019,-0.00471238898038469,0.007682234407798128,6.152614510005474,0.0472667567334096,-3.688578841164816,0.053232542185827056
3.1854943084828746,-4.765380338707784,-0.005585053606381855,-0.013788101090755204,-0.0301941960595019,0.0005235987755982988,0.007606861524403786,6.174892396645944,0.04697245740299177,-3.688229775314417,0.03769911184307752
3.6209190548926,-5.707752851318369,-0.005759586531581287,-0.010471975511965976,-0.0301941960595019,0.01710422666954443,0.005418652095826508,6.216168818783048,0.03368358586868639,-3.6877061765388186,0.03944444109507185
4.369319824046956,0.9685059872214259,-0.005759586531581287,-0.016057029118347832,-0.0301941960595019,-0.0022689280275926286,0.006168954162685702,6.247069920231654,0.03853837686234032,-3.68735711068842,0.046949356878647465
3.9879266692012196,-1.845043523709504,-0.005934119456780721,-0.017278759594743863,-0.0301941960595019,-0.004886921905584123,0.004647213483473594,6.2968337939197205,0.029262941570547145,-3.6866589789876225,0.04276056667386108
3.9679229803578875,-0.042647794136966524,-0.006108652381980154,-0.01710422666954443,-0.0301941960595019,0.008726646259971648,0.005382233786340868,6.327664192177198,0.034057296866650155,-3.6863099131372237,0.046251225177849735
4.038397767328752,10.134269114654103,-0.006283185307179586,0.0006981317007977319,-0.0301941960595019,-0.007155849933176752,0.010864814712732561,6.373577460969389,0.0692504630639331,-3.685611781436426,0.06684611035138283
4.106118747473489,3.3143051478057206,-0.006283185307179586,-0.0017453292519943296,-0.0301941960595019,-0.007155849933176752,0.004589028050903556,6.408148406822651,0.029407379225300862,-3.685262715586027,0.051487212933832724
4.635684722987736,4.377409373880642,-0.006457718232379019,-0.019896753472735357,-0.030368728984701335,-0.004886921905584123,0.008833431983143175,6.45956880180417,0.05706164582318085,-3.6847391168104284,0.059341194567807204
4.451056113225261,-1.015303466277436,-0.0066322511575784525,-0.0019198621771937625,-0.030368728984701335,0.0017453292519943296,0.008011861766137362,6.495660375184454,0.05204344656556505,-3.68421551803483,0.05235987755982989
3.9305729380112355,-0.11573833175338143,-0.006806784082777886,-0.02234021442552742,-0.030368728984701335,-0.002617993877991494,0.007973136979330919,6.540181605856111,0.052146868825899854,-3.683691919259232,0.05811946409141117
3.9826701176611228,0.7762127925098349,-0.006981317007977318,-0.022165681500327987,-0.030368728984701335,-0.007330382858376184,0.005846589451886078,6.581496331824237,0.038479745478291,-3.6831683204836336,0.04852015320544237
4.301847133012284,0.6822079584553891,-0.007155849933176752,-0.005759586531581287,-0.030368728984701335,0.00034906585039886593,0.006578064176080626,6.634368519011443,0.043641931363269826,-3.6826447217080354,0.054105206811824215
4.775716984376211,1.5855851677208024,-0.007330382858376184,-0.006806784082777886,-0.030368728984701335,-0.0029670597283903604,0.005000164407691877,6.661877705842703,0.03331076140154721,-3.682121122932437,0.05480333851262195
4.493944423601971,1.869495767001814,-0.007504915783575617,-0.031939525311496235,-0.030368728984701335,0.010122909661567111,0.005540052763172062,6.715193207454127,0.03720290529778188,-3.6814229912316394,0.05480333851262195
4.141629784475802,2.086294828237456,-0.00767944870877505,-0.016929693744344994,-0.0301941960595019,0.01064650843716541,0.006180045038702566,6.745752750732338,0.041689586570353605,-3.6810739253812406,0.05846852994181004
3.8509576094572906,-5.85727791456899,-0.007853981633974483,-0.009948376736367679,-0.0301941960595019,0.013788101090755204,0.004672538453227148,6.795633515450316,0.03175308999965312,-3.680375793680443,0.046949356878647465
4.062622695274556,-5.7875946659587205,-0.007853981633974483,-0.028972465583105872,-0.030019663134302467,0.01937315469713706,0.009870973218210009,6.841958948196504,0.06753898713076673,-3.6798521949048446,0.05689773361501515
4.731510248232348,-3.0005155427526913,-0.00820304748437335,-0.01117010721276371,-0.030019663134302467,0.0066322511575784525,0.005102658293445323,6.893401589023539,0.03517497807387121,-3.679154063204047,0.051487212933832724
4.6680610963477545,-7.1387240735487545,-0.00820304748437335,-0.016231562043547264,-0.029845130209103034,0.011519173063162575,0.008756668868606933,6.922671261651145,0.06062108939230431,-3.6786304644284487,0.046949356878647465
4.139580972744038,1.732845265861326,-0.008377580409572781,-0.009948376736367679,-0.029845130209103034,-0.004886921905584123,0.007234062265205606,6.9723976099303995,0.05043963831435834,-3.677932332727651,0.0619591884457987
3.951535622625388,-9.32342080542373,-0.008377580409572781,-0.015533430342749533,-0.029845130209103034,-0.0015707963267948964,0.008533208340493785,7.01191086110978,0.059835548571217145,-3.677583266877252,0.04293509959906051
4.758960303613671,-5.089493241078697,-0.008552113334772215,-0.00890117918517108,-0.029845130209103034,0.003839724354387525,0.005793069713082366,7.066731335469894,0.040938525231976226,-3.6768851351764544,0.057944931166211744
4.943321906911512,-2.5491149476542914,-0.008552113334772215,-0.017453292519943295,-0.029845130209103034,-0.013264502315156905,0.00811448048867666,7.1011660002797665,0.0576235376983248,-3.676361536400856,0.06161012259539984
4.095108481640701,-2.039801643048903,-0.008552113334772215,-0.005061454830783556,-0.029845130209103034,-0.0019198621771937625,0.0034812131522332698,7.15247695346672,0.02489939742551438,-3.675663404700058,0.05009094953223726
4.122312193991175,0.7175324276781946,-0.008726646259971648,-0.004886921905584123,-0.030019663134302467,-0.003839724354387525,0.006473778098370561,7.195598564258916,0.04658335915825067,-3.6751398059244598,0.06405358354819189
4.8416369500916945,-3.1919065035644416,-0.008726646259971648,-0.006283185307179586,-0.030019663134302467,-0.00034906585039886593,0.003782426345508923,7.250401354502446,0.02742423988281442,-3.674441674223662,0.049567350756638956
4.682865047095442,0.8753834690893514,-0.00890117918517108,-0.007330382858376184,-0.030019663134302467,0.009599310885968814,0.006030251816797594,7.284675382238436,0.04392895943645233,-3.673918075448064,0.06230825429619757
4.690795153490922,5.177264056981712,-0.00890117918517108,0.0012217304763960308,-0.029845130209103034,0.010471975511965976,0.007403336388677775,7.332969493838493,0.05428943175129631,-3.6730454108220667,0.06894050545377602
4.293213961416976,-1.4332141837406305,-0.00890117918517108,-0.0015707963267948964,-0.029845130209103034,-0.0029670597283903604,0.007245483685454254,7.377704331520806,0.05345597180006645,-3.6725218120464684,0.06021385919380437
4.317111791120409,-2.0942750607032963,-0.008726646259971648,0.01117010721276371,-0.029845130209103034,0.004363323129985824,0.005742727557904767,7.427268331723046,0.042653247415578834,-3.6718236803456703,0.0614355896702004
4.641497192303804,-0.21584851427023932,-0.008726646259971648,0.008028514559173916,-0.029845130209103034,-0.0010471975511965976,0.007903320160830887,7.461893794373904,0.05897496357545653,-3.671300081570072,0.06841690667817772
4.782086622733243,-0.5370303476545452,-0.008726646259971648,-0.008028514559173916,-0.029845130209103034,0.00820304748437335,0.005069646062230107,7.516744525073784,0.038107560754315366,-3.6704274169440754,0.059341194567807204
4.748191935812045,8.209205877371337,-0.008726646259971648,-0.004014257279586958,-0.029845130209103034,-0.003839724354387525,0.006047516829202458,7.55634907846332,0.04569770531319053,-3.669903818168477,0.08203047484373349
4.518959043176645,5.704498382040207,-0.008726646259971648,0.0033161255787892262,-0.030019663134302467,-0.005585053606381855,0.006349174676875879,7.609559858303257,0.048315073982316395,-3.6692056864676794,0.06754424205218056
4.399147250292933,-0.10271813056579723,-0.008726646259971648,0.00820304748437335,-0.030019663134302467,-0.008377580409572781,0.007295671826686904,7.649358326205156,0.055808198200685846,-3.668682087692081,0.07103490055616922
5.185751552467624,7.393922408839907,-0.008552113334772215,0.0020943951023931952,-0.030019663134302467,-0.00820304748437335,0.008989495611018814,7.7060868939005305,0.06927570040116725,-3.667634890140884,0.08307767239493008
4.724425450102068,1.2709151114495432,-0.008552113334772215,0.0005235987755982988,-0.030019663134302467,0.0005235987755982988,0.008310157917373032,7.742180352651361,0.06434022244670227,-3.6672858242904853,0.07679448708775051
4.098270737613821,3.4631153755726722,-0.008552113334772215,0.008028514559173916,-0.030019663134302467,0.00890117918517108,0.006630319411831107,7.791794500027763,0.051662843381171115,-3.6664131596644878,0.07295476273336297
4.386432276684819,2.1293556980661354,-0.008552113334772215,-0.0006981317007977319,-0.030019663134302467,0.006457718232379019,0.006417680385701871,7.836543503751787,0.05029312200555038,-3.6658895608888895,0.06771877497737998
4.9611963146510085,0.8947287842887065,-0.008552113334772215,-0.019198621771937627,-0.029845130209103034,0.006283185307179586,0.006479348989321902,7.890141627688085,0.05112369660735515,-3.665016896262893,0.07086036763096978
5.038433328171887,-2.4215731497931623,-0.008552113334772215,-0.00034906585039886593,-0.029845130209103034,0.0054105206811824215,0.0071780626187423185,7.929568281129586,0.05691991525653095,-3.664318764562095,0.06719517620178168
3.9062981864493698,1.465659870631863,-0.008377580409572781,0.0008726646259971648,-0.029845130209103034,0.006108652381980154,0.006770747983403818,7.974277112013901,0.05399264573992098,-3.663620632861297,0.07016223593017205
4.060626368688075,-4.4567745024225625,-0.008377580409572781,-0.01117010721276371,-0.029845130209103034,0.005934119456780721,0.008058874910332432,8.022649384464462,0.06465492752635518,-3.6629225011604993,0.0661479786505851
5.136733412809982,1.9518455451989043,-0.008377580409572781,0.0024434609527920616,-0.029845130209103034,0.004537856055185257,0.008068842630531781,8.075942236319237,0.06516492121819252,-3.6620498365345022,0.0804596785169386
5.044381285212758,6.812639191784083,-0.008552113334772215,0.0027925268031909274,-0.029845130209103034,0.0164060949687467,0.005529497632862859,8.108548481808771,0.04483665660244767,-3.661526237758904,0.08709192967451705
4.329364374195577,5.434024786638283,-0.008377580409572781,0.003141592653589793,-0.029845130209103034,0.010471975511965976,0.006605595853907141,8.156645095448775,0.053880284695491554,-3.660653573132907,0.07522369076095561
3.822782116580917,2.286920800974112,-0.008377580409572781,-0.009075712110370514,-0.029670597283903602,0.00767944870877505,0.006173467360369387,8.201249813852566,0.05063079125018489,-3.659955441432109,0.0757472895365539
4.6431904366795385,-0.36935593799695227,-0.008377580409572781,-0.00942477796076938,-0.02949606435870417,0.016755160819145562,0.007214201692390237,8.249856906247519,0.05951716417638229,-3.659082776806112,0.07906341511534314
4.928354336410175,-2.686156135242579,-0.008552113334772215,-0.010471975511965976,-0.02949606435870417,0.009075712110370514,0.0061782544703706446,8.28566032598097,0.051191569292156076,-3.6583846451053144,0.06719517620178168
4.20495827756428,-11.3982342823358,-0.008552113334772215,-0.009250245035569947,-0.02949606435870417,0.006981317007977318,0.003465044548636672,8.340312339332465,0.028899669467042397,-3.6575119804793172,0.05707226654021458
4.301641472671159,6.024086969291458,-0.008552113334772215,0.011693705988362009,-0.029321531433504737,0.00890117918517108,0.005283177082501865,8.375043444153185,0.044247249265692096,-3.6569883817037185,0.08569566627292158
4.407149318876712,3.181451574637379,-0.008552113334772215,-0.0029670597283903604,-0.0291469985083053,-0.0008726646259971648,0.006675109357182922,8.432325097638534,0.05628752816726307,-3.655941184152522,0.0788888821901437
4.366100212333456,5.050283747804682,-0.008552113334772215,-0.012915436464758038,-0.0291469985083053,0.0022689280275926286,0.0056352955170806875,8.468231398934531,0.04772149159782034,-3.6552430524517243,0.0879645943005142
4.582377748939897,3.2039812864223385,-0.008726646259971648,-0.007853981633974483,-0.0291469985083053,-0.00820304748437335,0.006592356639895784,8.516798520359139,0.05614658663997833,-3.654370387825727,0.08220500776893293
4.619015105107044,5.3979894395628705,-0.008726646259971648,-0.007504915783575617,-0.029321531433504737,0.016580627893946133,0.0045278057560040885,8.557685642114098,0.03874780309869253,-3.6536722561249295,0.08482300164692443
4.02504322477418,-0.2183521391020498,-0.008552113334772215,0.005934119456780721,-0.0291469985083053,-0.0029670597283903604,0.0054633257004836335,8.606159296222154,0.04701871907021344,-3.652799591498932,0.07539822368615504
3.780091897699003,-3.703376087576677,-0.008552113334772215,0.0033161255787892262,-0.029321531433504737,0.00820304748437335,0.007007688452112544,8.641003066715768,0.06055444863838582,-3.6521014597981347,0.07120943348136864
4.832667254445948,3.2107987270430827,-0.008552113334772215,0.010471975511965976,-0.029321531433504737,-0.007853981633974483,0.008281556087629467,8.698231630060471,0.07203653997053251,-3.6510542622469377,0.08936085770210968
5.108594384877332,-0.08240480516304095,-0.008552113334772215,-0.012915436464758038,-0.029321531433504737,-0.008028514559173916,0.006674176017152572,8.7257442682589,0.05823801785981999,-3.6503561305461405,0.08028514559173917
4.103966201740825,-3.265482700360978,-0.008726646259971648,-0.008028514559173916,-0.02949606435870417,-0.009599310885968814,0.005372485149220385,8.784045977965684,0.047192610617056416,-3.6493089329949435,0.0783652834145454
4.08071393947975,2.6266848690201923,-0.008726646259971648,-0.012566370614359171,-0.02949606435870417,0.0005235987755982988,0.006038202275730367,8.823802415142874,0.053280551359573776,-3.6487853342193453,0.08028514559173917
4.517982556685553,-3.6035544007271527,-0.00890117918517108,-0.016755160819145562,-0.02949606435870417,-0.0012217304763960308,0.006709764077009795,8.872486763672283,0.05953318637653229,-3.6477381366681487,0.08080874436733745
4.296804745543564,-2.562331942538135,-0.00890117918517108,-0.00942477796076938,-0.02949606435870417,0.005759586531581287,0.008162306740085185,8.907345072137074,0.07270609736460626,-3.647040004967351,0.08290313946973066
5.10001666807189,0.9160074486307659,-0.00890117918517108,-0.006108652381980154,-0.02949606435870417,0.0,0.006834507963415888,8.965685711571107,0.06127700448934225,-3.6459928074161545,0.08307767239493008
4.540841756743536,-4.969957087990162,-0.009075712110370514,-0.02356194490192345,-0.02949606435870417,0.00471238898038469,0.008257328849913868,9.00072191932559,0.07432360999629649,-3.645294675715357,0.07958701389094143
3.9754001644519983,-6.057755913016917,-0.009075712110370514,-0.020943951023931952,-0.02949606435870417,-0.003665191429188092,0.004896515981232244,9.046533794613543,0.04429685131914647,-3.6442474781641603,0.07295476273336297
3.8901516328906216,-2.0406623933854364,-0.009250245035569947,-0.004363323129985824,-0.02949606435870417,0.0005235987755982988,0.007793091689459008,9.085272140605442,0.0708037921797611,-3.643549346463362,0.08307767239493008
4.503629959031262,10.446148752229117,-0.009250245035569947,-0.009075712110370514,-0.02949606435870417,0.0019198621771937625,0.009859696801171903,9.138060320086424,0.09010142382101709,-3.642502148912166,0.10629055144645466
4.425633224068497,-2.2801259507322276,-0.009250245035569947,-0.002617993877991494,-0.02949606435870417,0.0005235987755982988,0.00634490377989342,9.174760985017953,0.05821375684155956,-3.641804017211368,0.079412480965742
4.789295590316626,-2.38887181084647,-0.00942477796076938,-0.011693705988362009,-0.029321531433504737,0.009075712110370514,0.005178119348848316,9.233216875704121,0.047811126275594654,-3.6409313525853713,0.08168140899333462
5.086735857904835,2.4167279760774023,-0.00942477796076938,0.0013962634015954637,-0.029321531433504737,-0.010297442586766544,0.006526766863772846,9.268375782056234,0.060493386917350754,-3.640233220884573,0.0947713783832921
4.541424416643793,2.3032015608074707,-0.00942477796076938,-0.0029670597283903604,-0.029321531433504737,-0.004014257279586958,0.007399672748195594,9.325846581700118,0.06900947235054981,-3.639011490408177,0.09389871375729493
4.381649412230848,3.377391860574905,-0.00942477796076938,-0.0015707963267948964,-0.029321531433504737,0.013788101090755204,0.00582112316243365,9.353005182763669,0.054445610080920914,-3.6383133587073795,0.09197885158010118
4.180692154812255,2.4233168353052656,-0.00942477796076938,0.00890117918517108,-0.029321531433504737,-0.0013962634015954637,0.005904606347728927,9.415251452179959,0.05559399957487791,-3.637266161156183,0.09005898940290741
4.0991162242934,-2.4944968121222795,-0.00942477796076938,-0.009250245035569947,-0.0291469985083053,0.007155849933176752,0.006263151726618523,9.455235509482842,0.059220348955743025,-3.6365680294553853,0.08447393579652555
4.853586467683937,5.499101250629548,-0.009250245035569947,0.006108652381980154,-0.0291469985083053,0.016755160819145562,0.006582079635635471,9.504104163239871,0.06255767388190232,-3.635346298978989,0.09965830028887622
4.475829794010901,-4.35892335454366,-0.009075712110370514,0.00471238898038469,-0.028972465583105872,0.009773843811168246,0.006429773539887015,9.535523555868124,0.06131210197220898,-3.634648167278191,0.08115781021773633
4.957366191045062,1.4271643015865927,-0.00890117918517108,0.0054105206811824215,-0.028972465583105872,0.009948376736367679,0.0059773447630777745,9.588953782376725,0.05731716529776422,-3.6336009697269946,0.0932005820564972
4.738702056280026,6.265826651614472,-0.008726646259971648,0.0010471975511965976,-0.02879793265790644,0.016231562043547264,0.004897800515824116,9.624827363228196,0.047140861370336906,-3.632902838026197,0.10402162341886204
4.342074303367213,10.493456700962488,-0.008726646259971648,0.0022689280275926286,-0.02879793265790644,0.011519173063162575,0.00657387036008996,9.677900493650627,0.06362217969961065,-3.631681107549801,0.10227629416686772
4.290133244195663,-6.65284578726152,-0.008552113334772215,-0.00034906585039886593,-0.02879793265790644,-0.00034906585039886593,0.0068780654774077896,9.717984033997185,0.06684198454629865,-3.630982975849003,0.08080874436733745
3.8717020582822133,0.9196888677544245,-0.008552113334772215,-0.003839724354387525,-0.02879793265790644,-0.0020943951023931952,0.005485480913499609,9.776362560349988,0.053628588133023396,-3.629935778297807,0.0937241808320955
4.2650741241956,9.101490808311475,-0.008552113334772215,0.0041887902047863905,-0.028972465583105872,-0.007504915783575617,0.003025080824928672,9.808036111164697,0.029670192475252075,-3.6292376465970086,0.10384709049366261
4.687671918359809,-1.0028450973186702,-0.008377580409572781,-0.0033161255787892262,-0.028972465583105872,-0.0020943951023931952,0.004637688933363513,9.861224763487668,0.045733620837497886,-3.6280159161206127,0.08901179185171082
4.304796346647979,2.034263722955804,-0.00820304748437335,-0.010995574287564275,-0.028972465583105872,-0.008726646259971648,0.006103912870070013,9.905269460156553,0.06046165262965242,-3.6271432514946156,0.10349802464326374
4.576802076016191,0.5068492908828613,-0.00820304748437335,0.003839724354387525,-0.0291469985083053,-0.012566370614359171,0.004236175068717767,9.954859063090115,0.042170778030019666,-3.626096053943419,0.08813912722571364
5.004008410442792,2.8076517779091548,-0.00820304748437335,0.015707963267948967,-0.028972465583105872,-0.00034906585039886593,0.0052131372295768415,9.990467438802565,0.05208214955566843,-3.625223389317422,0.09896016858807849
4.416869108954396,-11.402665614184256,-0.008028514559173916,-0.0010471975511965976,-0.028972465583105872,0.013613568165555772,0.003172865388818909,10.039827721483798,0.031855128783260106,-3.624001658841026,0.07766715171374766
4.615710020437192,1.914941078976221,-0.008028514559173916,-0.004886921905584123,-0.028972465583105872,-0.005934119456780721,0.005642264277843065,10.079523452839764,0.05687193862574662,-3.623303527140228,0.09686577348568529
4.4797560221954855,0.3253458896310987,-0.008028514559173916,0.016057029118347832,-0.028972465583105872,0.006457718232379019,0.00492753400491717,10.133005820904858,0.0499311348743473,-3.6220817966638323,0.0942477796076938
4.587610367276509,5.0691299127665035,-0.007853981633974483,0.005934119456780721,-0.028972465583105872,0.003490658503988659,0.005155510034721923,10.173253585426735,0.05244877562989109,-3.6213836649630347,0.10559241974565693
4.217458245328424,4.213099975930663,-0.007853981633974483,0.0005235987755982988,-0.028972465583105872,0.0013962634015954637,0.006169919480224433,10.217769973204835,0.06304361798367505,-3.6201619344866387,0.10140362954087055
4.388375797610189,3.351589854256195,-0.00767944870877505,0.0015707963267948964,-0.028972465583105872,0.003665191429188092,0.004891575836625182,10.253614425590392,0.05015673260490412,-3.619289269860641,0.10088003076527226
4.20001764415983,-2.2137721064558886,-0.00767944870877505,-0.0008726646259971648,-0.028972465583105872,0.013264502315156905,0.004325784341376085,10.307262696031723,0.04458727368507531,-3.6182420723094446,0.09285151620609834
4.351704297672232,1.7468001327809475,-0.00767944870877505,0.0020943951023931952,-0.02879793265790644,0.003490658503988659,0.005650465586045812,10.351743229618336,0.058492791390494035,-3.617369407683447,0.10454522219446034
4.393900727177498,3.5518109144846504,-0.007504915783575617,0.006108652381980154,-0.02879793265790644,0.006981317007977318,0.005749131604962428,10.400811174962996,0.05979629105059775,-3.6161476772070515,0.10035643198967395
4.5057768124730995,3.102001466179037,-0.007504915783575617,0.014660765716752368,-0.028972465583105872,-0.0012217304763960308,0.004640101054969093,10.436670255472237,0.04842755222036138,-3.615449545506254,0.09896016858807849
4.2899163759915355,-6.257590833633652,-0.007330382858376184,-0.0008726646259971648,-0.028972465583105872,-0.006283185307179586,0.0038729904229486993,10.49038140689545,0.04062934986968006,-3.614227815029858,0.09058258817850572
4.515852429722318,5.615859110534126,-0.007330382858376184,-0.007330382858376184,-0.028972465583105872,0.0,0.00471698391606417,10.526115960506738,0.04965188793534675,-3.6133551504038603,0.10716321607245184
4.79667415493179,6.761551346353011,-0.007330382858376184,0.0027925268031909274,-0.02879793265790644,0.009773843811168246,0.006471750682374063,10.588339805428305,0.06852605206859397,-3.6121334199274644,0.1101302758008422
4.48417416107975,3.2476530471980625,-0.007155849933176752,-0.016929693744344994,-0.02879793265790644,0.00471238898038469,0.005179467638982284,10.62416777258507,0.055028025246938374,-3.6112607553014673,0.10454522219446034
4.716628143886098,-2.864417241807246,-0.007330382858376184,-0.012566370614359171,-0.02879793265790644,0.010821041362364843,0.004380570499899464,10.677972686086799,0.046775911348311904,-3.6100390248250713,0.09494591130849153
4.313452444497955,-5.3684221571031525,-0.007504915783575617,-0.0158824961931484,-0.028623399732707007,0.02303834612632515,0.005353429869966045,10.713665160909628,0.05735540301048113,-3.6093408931242736,0.0879645943005142
4.705271642219618,-4.607018408741568,-0.007504915783575617,-0.009948376736367679,-0.028448866807507574,0.00942477796076938,0.0037096378102299135,10.771800950414102,0.0399596633905677,-3.6081191626478777,0.091106186954104
4.2965838406918015,-0.7260637344739365,-0.007504915783575617,-0.0153588974175501,-0.028274333882308142,0.0307177948351002,0.0036610032670065453,10.812061784067412,0.039583170358389465,-3.6072464980218806,0.0926769832808989
4.479428848888613,1.3250635772576245,-0.00767944870877505,-0.02129301687433082,-0.028099800957108706,0.0022689280275926286,0.004900371976946621,10.865779595697944,0.05324678805561662,-3.6060247675454846,0.10663961729685355
4.2511784625039475,-0.711901130059708,-0.00767944870877505,-0.015707963267948967,-0.028099800957108706,-0.002617993877991494,0.0036038864067612143,10.901520767655436,0.03928801259859208,-3.605152102919487,0.09546951008408983
4.962083147659649,-4.705933000489502,-0.007853981633974483,-0.009773843811168246,-0.027925268031909273,-0.009773843811168246,0.003176675532064011,10.964137559039706,0.0348296246724167,-3.603930372443091,0.09826203688728075
4.445468901482266,1.974755930963154,-0.008028514559173916,-0.022165681500327987,-0.027925268031909273,-0.006108652381980154,0.003915485418523425,11.000015829610694,0.043070621690200386,-3.603057707817094,0.10890854532444617
4.347311087738999,6.9598496298982635,-0.008028514559173916,-0.012740903539558606,-0.027925268031909273,-0.004014257279586958,0.00491685285680224,11.053744542294268,0.054350073410863724,-3.6016614444154986,0.11693705988362008
4.360968177625018,4.7847238482959,-0.00820304748437335,-0.0024434609527920616,-0.027925268031909273,-0.0012217304763960308,0.002803934240070165,11.09401395633407,0.031106967113505565,-3.6007887797895015,0.1090830782496456
4.3176646503194185,1.4629430239181835,-0.00820304748437335,-0.015184364492350668,-0.027925268031909273,-0.00034906585039886593,0.003954014198183312,11.147858863501511,0.04407902193969854,-3.5995670493131056,0.10838494654884787
4.653981713547704,-0.7434580828018947,-0.00820304748437335,-0.007504915783575617,-0.027925268031909273,-0.01710422666954443,0.0054543698992904266,11.179289918539824,0.06097658711588187,-3.598694384687108,0.1111774733520388
4.483626304453775,2.5040750294105316,-0.00820304748437335,0.00017453292519943296,-0.028099800957108706,-0.006457718232379019,0.0035978797058725405,11.237462617535867,0.04043121315444303,-3.597298121285513,0.10437068926926091
4.812675551952226,0.08752356366009902,-0.008377580409572781,0.015533430342749533,-0.028099800957108706,-0.00034906585039886593,0.005459369309544338,11.278139164372154,0.061572138537270095,-3.5964254566595155,0.11344640137963143
4.229110413649519,5.340662313338548,-0.00820304748437335,0.0013962634015954637,-0.028099800957108706,0.00017453292519943296,0.0045645619224314714,11.331706639943485,0.05172463587683377,-3.5952037261831196,0.11065387457644049
4.924059670537589,0.6543311807467524,-0.008377580409572781,0.0024434609527920616,-0.028099800957108706,-0.008552113334772215,0.004426490826670143,11.372128153688532,0.05033894972990645,-3.594331061557122,0.11065387457644049
4.485456975152872,1.8748903231484748,-0.008377580409572781,-0.016580627893946133,-0.028099800957108706,-0.00017453292519943296,0.00451676490316495,11.430622565167829,0.051629785926750035,-3.592934798155527,0.11449359893082803
4.738651484499366,-2.4865224184599968,-0.008377580409572781,-0.011868238913561441,-0.027925268031909273,0.012217304763960308,0.005151409548268447,11.466420389838309,0.0590687499844706,-3.5920621335295295,0.10855947947404729
4.342542987638934,5.163513742815543,-0.008377580409572781,-0.0019198621771937625,-0.027925268031909273,0.0024434609527920616,0.004057635701790439,11.520298681593514,0.04674543177128372,-3.5906658701279346,0.11292280260403312
5.093934192091656,-2.7175488380313917,-0.008377580409572781,-0.010995574287564275,-0.027925268031909273,-0.00034906585039886593,0.004674806124173618,11.556382954748806,0.05402424335595331,-3.589793205501937,0.10297442586766545
4.64709768146711,-3.2827241110190877,-0.008552113334772215,-0.01710422666954443,-0.02775073510670984,0.019198621771937627,0.0037449518921277634,11.610295377321542,0.04348020090673181,-3.588571475025541,0.10576695267085638
4.520034881387795,8.042544940058207,-0.008552113334772215,-0.0008726646259971648,-0.02775073510670984,0.014311699866353503,0.001650315524941328,11.65016409512569,0.019226464128993044,-3.587698810399544,0.11239920382843482
4.636175442578353,-1.1434405591875638,-0.008377580409572781,-0.004014257279586958,-0.02775073510670984,0.014660765716752368,0.004003409162743077,11.695868851872946,0.04682359867981587,-3.5863025469979486,0.11239920382843482
4.29685491161801,0.5687259331798189,-0.008377580409572781,-0.003141592653589793,-0.02775073510670984,-0.006806784082777886,0.003813842314867754,11.736322343174177,0.0447606997941955,-3.5854298823719515,0.1075122819228507
4.586564651104597,-4.038965651057814,-0.008377580409572781,-0.0,-0.02775073510670984,-0.008726646259971648,0.0026890556706469517,11.79011990747372,0.031704365213140434,-3.5840336189703557,0.10559241974565693
4.160647891758901,2.058336539890336,-0.00820304748437335,-0.0020943951023931952,-0.02775073510670984,0.00890117918517108,0.0032561792253798833,11.826186096286952,0.0385083175797222,-3.5831609543443586,0.10855947947404729
4.106717623127288,-5.3484822959493075,-0.00820304748437335,-0.0013962634015954637,-0.02757620218151041,0.0066322511575784525,0.002884085892519434,11.875885596477804,0.03425116907654937,-3.581764690942763,0.10524335389525807
4.2866689370792015,-2.014575202376403,-0.008028514559173916,0.011693705988362009,-0.02757620218151041,-0.006981317007977318,0.004194617079962378,11.907743052963706,0.049948715340201344,-3.580892026316766,0.10663961729685355
3.7420778677343436,0.06950717369368142,-0.008028514559173916,-0.009250245035569947,-0.02775073510670984,0.004886921905584123,0.003043761135271742,11.961803272021756,0.03640898434400715,-3.5794957629151707,0.11205013797803595
4.4147928027599095,1.0060879449136726,-0.007853981633974483,0.0017453292519943296,-0.02775073510670984,0.005061454830783556,0.003575508683514081,11.997955554160956,0.04289897707906676,-3.578623098289173,0.11100294042683936
4.047021667762592,0.9210201189903908,-0.007853981633974483,0.014486232791552936,-0.02757620218151041,0.00890117918517108,0.004269999765024696,12.05224115478818,0.051463379674864015,-3.577226834887578,0.1165879940332212
4.972878101600658,11.009188386730676,-0.007853981633974483,0.011868238913561441,-0.02757620218151041,-0.0015707963267948964,0.0018338354608474765,12.08336991459927,0.02215893707575285,-3.5763541702615806,0.1254891732183923
4.755100497840748,0.3149503404644646,-0.00767944870877505,0.004886921905584123,-0.02757620218151041,0.011693705988362009,0.0036034677922190746,12.14260606511402,0.04375567925828155,-3.5749579068599853,0.11274826967883368
4.3100111550963405,-0.5163184331083218,-0.007504915783575617,0.0020943951023931952,-0.02757620218151041,0.011868238913561441,0.003924565826691766,12.1789347956518,0.047797276699449054,-3.5739107093087887,0.11571532940722405
4.76266612739779,-0.23574648744209722,-0.007504915783575617,-0.0158824961931484,-0.02757620218151041,0.0029670597283903604,0.0027387884078369,12.232996513843622,0.03350367281519092,-3.572514445907193,0.11274826967883368
3.9187975895569025,-0.3620207538063554,-0.007504915783575617,0.007155849933176752,-0.02757620218151041,0.013264502315156905,0.002882076492630461,12.26006353685421,0.035334538751635156,-3.5716417812811962,0.10821041362364843
4.571911199633427,2.145887345226841,-0.007504915783575617,-0.0029670597283903604,-0.027401669256310976,0.0017453292519943296,0.0035041276769694632,12.314746021642527,0.043152618991817875,-3.5702455178796004,0.11833332328521555
4.338312569060773,5.3451911967406245,-0.007504915783575617,0.008726646259971648,-0.02757620218151041,-0.0012217304763960308,0.0032293451825912683,12.355321922677224,0.03989973803086285,-3.5693728532536033,0.12514010736799341
3.860769468648233,-0.029603385509842976,-0.007330382858376184,-0.003490658503988659,-0.02757620218151041,-0.01832595714594046,0.0027585863924703686,12.405069093624968,0.03422054160318572,-3.567976589852008,0.11065387457644049
4.456439721589618,-6.448492949921769,-0.007504915783575617,-0.010122909661567111,-0.02757620218151041,0.0027925268031909274,0.004500173054225461,12.433084946251734,0.055951411557604656,-3.5669293923008114,0.10402162341886204
4.484139627441436,-0.3712116029790657,-0.007504915783575617,-0.0008726646259971648,-0.02757620218151041,-0.0033161255787892262,0.003277573001643399,12.487025339331035,0.04092728367670737,-3.5655331288992156,0.11641346110802178
4.414026417008629,4.072549196366987,-0.007330382858376184,-0.00471238898038469,-0.02757620218151041,-0.0017453292519943296,0.0019252306858306852,12.522595829006484,0.024108915542937173,-3.564660464273219,0.1137954672300303
4.421381190454966,-6.529604900312156,-0.007330382858376184,0.004363323129985824,-0.02757620218151041,-0.0022689280275926286,0.0017529554829208028,12.581452927609933,0.022054749482902265,-3.563264200871623,0.10227629416686772
3.8168065518317857,-5.751643307551597,-0.007330382858376184,-0.005235987755982988,-0.02757620218151041,0.005759586531581287,0.003447107666169369,12.609815119633794,0.04346756253651781,-3.5622170033204266,0.10367255756846318
4.173342368152739,2.999769751557279,-0.007155849933176752,0.011519173063162575,-0.027401669256310976,0.004014257279586958,0.002381120320912874,12.663645896323809,0.03015372156846305,-3.5609952728440306,0.11327186845443199
4.243115182155027,-1.3929919255748924,-0.007155849933176752,-0.004886921905584123,-0.027401669256310976,0.011868238913561441,0.003330006527274853,12.696157445632645,0.04227844343980459,-3.559948075292834,0.11309733552923257
4.143931729084868,-7.074877614645741,-0.006981317007977318,0.006283185307179586,-0.027401669256310976,-0.003141592653589793,0.0010449795313492718,12.745045741450447,0.013318316773714648,-3.5585518118912387,0.10262536001726658
4.393889377832397,9.27513693901772,-0.006981317007977318,-0.00034906585039886593,-0.02757620218151041,-0.011344640137963142,0.0014365903941361046,12.781708539817709,0.018362092340797456,-3.5576791472652416,0.12531464029319286
4.712857863036135,11.442053532325291,-0.006981317007977318,0.012915436464758038,-0.02757620218151041,-0.0013962634015954637,0.004377108854470006,12.833490701474515,0.05617394453070923,-3.5562828838636458,0.12932889757277982
4.302442134156742,1.555778772269354,-0.006806784082777886,-0.006108652381980154,-0.02757620218151041,0.013439035240356337,0.0022969017691282065,12.873185080807229,0.029568493585175517,-3.5554102192376487,0.11239920382843482
4.519506390494512,6.461377892233095,-0.006981317007977318,-0.011868238913561441,-0.02757620218151041,0.0010471975511965976,0.002756860003776772,12.92827088281678,0.035641523210025804,-3.5540139558360533,0.11693705988362008
4.240438361457566,-2.1430509188457085,-0.006981317007977318,0.010122909661567111,-0.02757620218151041,-0.0017453292519943296,0.0028063799558919744,12.955791464574249,0.03635896893055449,-3.553141291210056,0.10716321607245184
4.067455430666578,4.373494220321423,-0.006806784082777886,0.013613568165555772,-0.02757620218151041,0.007155849933176752,0.0034174325735634482,13.010619104324432,0.04446308662198479,-3.5519195607336598,0.11746065865921838
4.485454038012828,-4.421234302199005,-0.006806784082777886,0.004014257279586958,-0.02757620218151041,0.009773843811168246,0.002576281475037272,13.042363719650645,0.03360087438053541,-3.5508723631824637,0.09965830028887622
4.340967810476775,5.549949522709325,-0.006806784082777886,-0.004014257279586958,-0.027401669256310976,0.011693705988362009,0.0038685796192753173,13.09343110096761,0.05065323339438919,-3.5496506327060673,0.12252211349000194
4.09009619171556,8.804176219637991,-0.006806784082777886,0.003141592653589793,-0.027401669256310976,-0.0024434609527920616,0.0007934758569251936,13.12774342879158,0.01041654965275479,-3.5487779680800706,0.11484266478122689
3.859439765622578,4.345899854398037,-0.006806784082777886,-0.007155849933176752,-0.027401669256310976,0.008552113334772215,0.0025916483421815797,13.17497667612039,0.03414498290751481,-3.547381704678475,0.11588986233242349
3.911466093121221,0.5560691494706944,-0.006806784082777886,0.004014257279586958,-0.027401669256310976,0.0027925268031909274,0.001913705120484767,13.206378069993525,0.025273144187948286,-3.546509040052478,0.1090830782496456
4.018518617764965,1.7665609460158993,-0.006806784082777886,-0.00034906585039886593,-0.027227136331111543,-0.0020943951023931952,0.001477110819441915,13.256374984211115,0.01958114915684448,-3.5452873095760817,0.10663961729685355
4.141760630425331,3.56425141535431,-0.006806784082777886,0.0006981317007977319,-0.027227136331111543,0.004363323129985824,0.0014883848443071274,13.284053203161626,0.019771798058642653,-3.5444146449500846,0.11065387457644049
4.1401810917205335,2.1705539849408266,-0.0066322511575784525,-0.0022689280275926286,-0.027401669256310976,-0.01832595714594046,0.002023620829687507,13.339341168933112,0.026993805490686976,-3.5431929144736882,0.10925761117484503
3.9963089859713565,2.885650980072163,-0.0066322511575784525,-0.004363323129985824,-0.027227136331111543,-0.00767944870877505,0.0013347379827883526,13.37081683620443,0.0178465476902158,-3.5423202498476916,0.10838494654884787
3.79167467369676,-2.488676137627133,-0.0066322511575784525,-0.0054105206811824215,-0.027401669256310976,-0.003141592653589793,0.0013874378394172003,13.416960087137916,0.018615210059505984,-3.5409239864460957,0.10873401239924674
4.263832221147479,5.466708212964754,-0.0066322511575784525,-0.010821041362364843,-0.027401669256310976,0.004363323129985824,0.0006936598470958062,13.448500314764358,0.00932868616821666,-3.5400513218200986,0.10855947947404729
4.108979645489533,-1.898132409470112,-0.0066322511575784525,-0.0022689280275926286,-0.027227136331111543,0.003141592653589793,0.00022362638049732076,13.498409645069835,0.0030186005417159128,-3.5388295913437022,0.09616764178488756
3.9111377287152016,11.214725637090652,-0.0066322511575784525,0.0024434609527920616,-0.027227136331111543,-0.02234021442552742,-1.3376885777697213e-05,13.539165979707317,-0.00018111187684663154,-3.538131459642905,0.11990411961201045
3.855950980718012,-3.7074188278522646,-0.0066322511575784525,-0.0008726646259971648,-0.027227136331111543,0.003665191429188092,0.0006912983565919487,13.581382963258267,0.009388789218359901,-3.5367351962413096,0.10122909661567112
3.8583241430605772,6.328655295106678,-0.0066322511575784525,-0.020245819323134222,-0.027227136331111543,0.0054105206811824215,-1.2739872146750515e-05,13.613057594912995,-0.00017342861329492536,-3.5358625316153125,0.11047934165124106
4.275585004486786,-0.426796390375666,-0.0066322511575784525,0.010821041362364843,-0.027227136331111543,-0.006108652381980154,0.0001715698227415488,13.659034535336577,0.002343478157042757,-3.5346408011389165,0.09721483933608416
3.884211995436905,4.46065099063726,-0.0066322511575784525,-0.007330382858376184,-0.027227136331111543,-0.004363323129985824,0.001091919331726437,13.692370810783725,0.014950970327415315,-3.533768136512919,0.1096066770252439
3.942108248780316,5.669734548305607,-0.0066322511575784525,-0.0006981317007977319,-0.027227136331111543,-0.010821041362364843,0.0012573519702008544,13.738538819668923,0.01727418795570949,-3.532546406036523,0.10978120995044333
3.9995170995596068,3.504120649152501,-0.006457718232379019,0.017278759594743863,-0.027227136331111543,-0.006806784082777886,-0.000131121013036994,13.773820988012565,-0.0018060373716886485,-3.531673741410526,0.10088003076527226
4.083867684325814,-1.6604488851604484,-0.006457718232379019,-0.00017453292519943296,-0.027227136331111543,0.002617993877991494,0.0006929517983934909,13.816347966090692,0.009574064702764645,-3.53045201093413,0.10175269539126941
4.111995041373313,1.7822044874997358,-0.006457718232379019,0.027052603405912107,-0.027401669256310976,-0.010821041362364843,0.0009130299228302845,13.853441768994688,0.012648610384006132,-3.529579346308133,0.10506882097005865
4.030211163869727,2.8053738207947423,-0.006283185307179586,-0.0013962634015954637,-0.027401669256310976,-0.010821041362364843,0.0015412281196584747,13.896035066333338,0.021416976953844806,-3.5281830829065375,0.11205013797803595
3.949702256425065,2.8403942276328995,-0.006283185307179586,0.0022689280275926286,-0.027401669256310976,-0.0008726646259971648,0.00014680620953934752,13.931368111099728,0.002045211360780732,-3.52731041828054,0.10088003076527226
4.209266703497823,-5.963799743108684,-0.006283185307179586,-0.0020943951023931952,-0.027401669256310976,0.0013962634015954637,0.00027025648608513863,13.977708675952865,0.0037775665222541275,-3.526088687804144,0.09896016858807849
4.069546678145753,-7.997006309657714,-0.006108652381980154,0.005235987755982988,-0.027401669256310976,0.004886921905584123,0.002057485495705321,14.016513844366344,0.028838814629085722,-3.5252160231781473,0.09354964790689607
4.128675910284387,4.321523643996976,-0.006108652381980154,0.006981317007977318,-0.027401669256310976,0.005585053606381855,0.0014994459050819786,14.06665773433203,0.021092208145407455,-3.523994292701751,0.11309733552923257
4.029049677646595,7.992926859047567,-0.005934119456780721,-0.009250245035569947,-0.027401669256310976,0.02234021442552742,-0.00016319081064139953,14.092732234259097,-0.002299804417876472,-3.523121628075754,0.11833332328521555
3.951945046670196,2.783246864379507,-0.005934119456780721,0.003839724354387525,-0.027227136331111543,0.015184364492350668,0.00019458904342950525,14.148430962799319,0.0027531296818285034,-3.5218998975993574,0.10088003076527226
4.058485678751007,1.1540737240206578,-0.005934119456780721,0.006108652381980154,-0.027052603405912107,0.0158824961931484,0.0007624187052696252,14.17270850692288,0.010805540163701709,-3.5210272329733607,0.1059414855960558
3.9718738836374707,-0.10401756635330581,-0.005759586531581287,0.014311699866353503,-0.027052603405912107,0.012740903539558606,0.0009249543498993423,14.22834886490669,0.013160576927616765,-3.519630969571765,0.11082840750163994
4.12538947705537,1.3886600027320715,-0.005759586531581287,0.0041887902047863905,-0.026878070480712675,-0.0041887902047863905,0.0010016366397879815,14.256358751279707,0.014279696050736021,-3.5189328378709672,0.1111774733520388
4.0158272699905,3.8701934808232976,-0.005585053606381855,0.007155849933176752,-0.026878070480712675,0.00890117918517108,0.0008900046762576246,14.302811205714388,0.012729572217782639,-3.517536574469372,0.11135200627723822
3.8544168184498573,1.6860432655067,-0.0054105206811824215,-0.00471238898038469,-0.026878070480712675,0.0015707963267948964,0.0010390621260672602,14.340089451171309,0.014900249195480992,-3.5166639098433747,0.1165879940332212
3.843636688561554,3.1101043439985303,-0.0054105206811824215,-0.004886921905584123,-0.026878070480712675,-0.009773843811168246,0.00018618318000315643,14.38114782155538,0.002677527864450746,-3.515442179366979,0.10297442586766545
4.189035113166869,5.316739893714907,-0.0054105206811824215,0.0017453292519943296,-0.027052603405912107,-0.013788101090755204,-0.000319680965723819,14.421929635154259,-0.004610416550422333,-3.5145695147409817,0.1111774733520388
3.8164099433347216,5.160398156945321,-0.005235987755982988,-0.003839724354387525,-0.027052603405912107,-0.004014257279586958,0.0017272905155435963,14.467025296633958,0.024988780434623124,-3.513173251339386,0.11955505376161159
3.987261258605937,11.908469322344208,-0.005235987755982988,-0.00767944870877505,-0.027052603405912107,-0.00017453292519943296,-0.0012189242736743526,14.500121217211559,-0.01767455847636107,-3.5123005867133887,0.12269664641520137
4.129677187928967,0.4618185640088054,-0.005235987755982988,0.010297442586766544,-0.027227136331111543,-0.011868238913561441,0.0001641057529078535,14.548712106596545,0.0023875273755252224,-3.5109043233117934,0.10855947947404729
4.222636937929628,3.5555825393849707,-0.005235987755982988,-0.003141592653589793,-0.027227136331111543,0.0005235987755982988,3.395108957531478e-05,14.576852065820841,0.0004949000104029488,-3.5100316586857963,0.11082840750163994
3.9491165626309623,-0.09912536984997565,-0.005235987755982988,-0.004014257279586958,-0.027401669256310976,-0.015009831567151233,0.00028876994302588093,14.632788464127348,0.0042255096085482,-3.5088099282094,0.10786134777324956
4.255720121748491,-2.6467654818872064,-0.005235987755982988,-0.017453292519943295,-0.027227136331111543,-0.009948376736367679,0.0010308789087473012,14.666549784849707,0.01511944219316169,-3.507937263583403,0.10053096491487337
4.069123104212577,-1.847488918866846,-0.005235987755982988,-0.016580627893946133,-0.027401669256310976,0.005061454830783556,0.000848498595629635,14.713315426826862,0.012484230472725268,-3.5065410001818074,0.11222467090323539
4.301756765517659,-3.148740145352198,-0.0054105206811824215,-0.003665191429188092,-0.027227136331111543,0.016231562043547264,6.6554966566427e-05,14.744810284615145,0.0009813403569698398,-3.5056683355558107,0.09878563566287905
4.258410493062922,2.248734190889737,-0.0054105206811824215,-0.003141592653589793,-0.027052603405912107,0.021642082724729686,0.00028796242875945286,14.800784705892521,0.004262070029261544,-3.5044466050794143,0.11292280260403312
4.107569621870321,11.319836931157761,-0.005235987755982988,-0.021467549799530253,-0.026878070480712675,0.019024088846738195,-0.001128037072827334,14.83592405482255,-0.01673547944194326,-3.503573940453417,0.12514010736799341
4.122661438016132,4.903407786965612,-0.0054105206811824215,-0.006981317007977318,-0.026703537555513242,0.01815142422074103,0.00016329753494940229,14.885021299351923,0.002430687307459156,-3.502177677051822,0.11187560505283653
3.9823428775704577,3.574905189993534,-0.0054105206811824215,-0.005934119456780721,-0.02652900463031381,0.008726646259971648,-4.63540772794088e-09,14.913097284630492,-6.912828640071034e-08,-3.5013050124258247,0.11815879036001611
4.008030960548156,2.9641406836646524,-0.0054105206811824215,-0.0008726646259971648,-0.026354471705114377,0.0005235987755982988,-0.000219910452313985,14.95985239072882,-0.0032898279588283175,-3.499908749024229,0.11362093430483085
3.859079795642454,9.269926428657062,-0.0054105206811824215,-0.00471238898038469,-0.026354471705114377,0.02356194490192345,-0.001465043050605502,14.994894706196908,-0.021968182001021422,-3.4992106173234316,0.1254891732183923
3.9946311193332518,3.718099026322404,-0.005235987755982988,0.012740903539558606,-0.026179938779914945,0.004537856055185257,-0.00021527506659516728,15.04406014198376,-0.003238611098956623,-3.497814353921836,0.11449359893082803
4.0303888745733065,1.458528141628298,-0.005235987755982988,0.007853981633974483,-0.026179938779914945,0.003141592653589793,-0.00039349796728545467,15.072281673953615,-0.005930912507170011,-3.4969416892958387,0.10995574287564276
3.860050177431174,-1.1603465081980873,-0.005061454830783556,0.0041887902047863905,-0.026179938779914945,0.006981317007977318,-0.0006380916599681557,15.119266390414914,-0.009647479097919603,-3.4955454258942433,0.11030480872604163
4.015060633680876,6.8990817573985295,-0.005061454830783556,0.016057029118347832,-0.02600540585471551,0.0022689280275926286,-0.001442300937099026,15.150909681875188,-0.021852186384612473,-3.494672761268246,0.11746065865921838
4.1526764637224,-0.2941513636324963,-0.00471238898038469,0.0153588974175501,-0.02600540585471551,0.004014257279586958,-0.0008518964260123984,15.203758546922973,-0.012952030701294331,-3.493276497866651,0.11065387457644049
3.8661883733594826,8.2911516610949,-0.004537856055185257,0.009773843811168246,-0.02600540585471551,0.0029670597283903604,-0.0016607440206934181,15.235406460534945,-0.025302133443862545,-3.4924038332406533,0.12042771838760874
3.8605854253957927,6.028513610810823,-0.004363323129985824,0.016057029118347832,-0.026179938779914945,-0.0020943951023931952,0.00014079350705433334,15.281515256027605,0.0021515381402169367,-3.4910075698390584,0.12164944886400476
4.112934058600549,-3.394540858052816,-0.0041887902047863905,0.009948376736367679,-0.026179938779914945,0.008028514559173916,0.0005526713488951365,15.306347001953412,0.008459380305520193,-3.490134905213061,0.11065387457644049
3.688145829882097,0.5136092320434599,-0.003839724354387525,0.025132741228718343,-0.02600540585471551,-0.004363323129985824,-0.0015695239299597973,15.36363762734724,-0.02411361670789311,-3.4887386418114654,0.10629055144645466
4.107427763096557,3.98148386803269,-0.003665191429188092,0.03752457891787808,-0.02600540585471551,-0.012391837689159739,-0.00055424909773515,15.385060806951726,-0.00852715694401174,-3.4878659771854683,0.12217304763960307
4.24245675060188,3.518750463679639,-0.0033161255787892262,0.027401669256310976,-0.02600540585471551,0.004886921905584123,-0.0006298179221552963,15.4416136085528,-0.009725406283591337,-3.4864697137838725,0.11519173063162576
3.8446401305512943,0.3227777225231389,-0.003141592653589793,0.011519173063162575,-0.02600540585471551,0.010297442586766544,-0.00041180992275880113,15.466555239949903,-0.006369281278758482,-3.4854225162326764,0.1153662635568252
4.23322845623153,3.4657904128839045,-0.0029670597283903604,0.02076941809873252,-0.02600540585471551,0.005235987755982988,-0.0007204543919461266,15.513652030477676,-0.011176880674285171,-3.4840262528310806,0.11780972450961724
3.7815664730179424,0.0547761989093494,-0.0027925268031909274,0.013439035240356337,-0.02600540585471551,0.014835298641951801,-0.00012189251090466015,15.548030893049228,-0.0018951885345630968,-3.4831535882050835,0.12095131716320703
4.011781998565821,2.46055195894854,-0.002617993877991494,0.01710422666954443,-0.025830872929516076,0.017976891295541596,-0.0006184832632662109,15.59517475502449,-0.009645355803546548,-3.481582791878289,0.1213003830136059
3.8255148113365216,2.0027141859785607,-0.0024434609527920616,0.006457718232379019,-0.025656340004316644,0.00767944870877505,-3.318767969433933e-05,15.629587014673737,-0.0005187097277882367,-3.4807101272522916,0.12671090369478832
3.8625668531154247,4.411623675848867,-0.0022689280275926286,-0.0054105206811824215,-0.025656340004316644,0.019024088846738195,-0.00036843334897433005,15.67687165105908,-0.005775882585185899,-3.4793138638506957,0.12147491593880534
3.8012304450915315,2.523888874751729,-0.0022689280275926286,0.004886921905584123,-0.02548180707911721,0.020071286397934793,-0.000782091296590277,15.705104624474144,-0.012282828143173753,-3.478266666299499,0.1270599695451872
3.9254528816272227,-2.114918207541063,-0.0020943951023931952,0.004537856055185257,-0.02530727415391778,0.013264502315156905,-0.001726607669769505,15.75565585532162,-0.02720386327520287,-3.476870402897904,0.11693705988362008
3.797511558264718,-0.6526447456338396,-0.0022689280275926286,0.015009831567151233,-0.025132741228718343,0.02129301687433082,-0.0007404168555613914,15.786812140581242,-0.011688823940472104,-3.4758232053467073,0.12304571226560022
3.6760619218871478,0.6862920183399792,-0.0020943951023931952,0.0066322511575784525,-0.02495820830351891,0.013264502315156905,-0.0012731917796126875,15.834044302734172,-0.020159785937386075,-3.4742524090199125,0.12479104151759457
3.9481348788832737,-1.3390389437784556,-0.0020943951023931952,0.0019198621771937625,-0.02495820830351891,-0.006283185307179586,-0.0011046973670912417,15.859166217710063,-0.017519586291679597,-3.473205211468716,0.11815879036001611
3.8457807906334613,-1.6119195533789827,-0.0020943951023931952,-0.00017453292519943296,-0.02495820830351891,-0.004363323129985824,-0.0014743499152608016,15.906382916160513,-0.023451591296850892,-3.4718089480671206,0.12618730491919003
3.892773640799079,11.249608782926476,-0.0020943951023931952,0.005061454830783556,-0.02495820830351891,-0.005235987755982988,-0.0019085063831229248,15.934780799352096,-0.03041166779302233,-3.470761750515924,0.14590952546672595
3.9866279428485263,2.2811682959356894,-0.0020943951023931952,-0.0020943951023931952,-0.025132741228718343,-0.024260076602721184,-0.0016680020909849516,15.988262736317768,-0.026668480408023495,-3.469190954189129,0.12304571226560022
3.7250744223449486,4.210417872867029,-0.0020943951023931952,0.004537856055185257,-0.025132741228718343,-0.0006981317007977319,-0.0015185434894110954,16.01343283317679,-0.02431711286349137,-3.4681437566379323,0.1324704902263696
3.9894880592629605,-6.585951161588168,-0.0020943951023931952,0.006457718232379019,-0.02495820830351891,-0.005759586531581287,-0.002675801360099026,16.063929576615703,-0.042983987196893975,-3.4665729603111375,0.11449359893082803
3.946499699063513,7.857906204229704,-0.0019198621771937625,-0.008552113334772215,-0.02495820830351891,0.004363323129985824,-0.0015722261952029286,16.095472830924848,-0.025305744860010346,-3.46570029568514,0.1392772743091475
3.9306933386683403,6.73127322833705,-0.0019198621771937625,0.0013962634015954637,-0.024783675378319478,0.005759586531581287,-0.0007805208015625127,16.145998917803944,-0.01260229057651048,-3.4641294993583456,0.13386675362796507
3.7579382593734003,-5.15681564720134,-0.0019198621771937625,0.003141592653589793,-0.024783675378319478,0.006981317007977318,-6.532881248746778e-05,16.168100996362245,-0.0010562428397724202,-3.463082301807149,0.11990411961201045
4.090806656428054,-0.5724324180470217,-0.0019198621771937625,-0.0012217304763960308,-0.024783675378319478,-0.003665191429188092,-0.0012468398076184975,16.21870643762236,-0.020222139293683692,-3.461511505480354,0.12950343049797924
3.7630897345645766,-3.0641907202784857,-0.0019198621771937625,-0.005235987755982988,-0.024609142453120045,0.0066322511575784525,-0.001107950138236058,16.253541244013597,-0.01800812063677483,-3.4602897750039574,0.12164944886400476
3.8691823141916992,0.24149081087209298,-0.0017453292519943296,0.0027925268031909274,-0.024434609527920616,0.009599310885968814,-0.001539961739034121,16.301025141227644,-0.025102974868279324,-3.4588935116023625,0.12618730491919003
3.9303367701380005,-5.846487296403338,-0.0017453292519943296,0.00017453292519943296,-0.024434609527920616,0.010821041362364843,-0.000656683432410748,16.332785991759373,-0.01072547150762499,-3.457846314051166,0.11711159280881951
3.8942455152593114,6.430858295845566,-0.0017453292519943296,0.004014257279586958,-0.024260076602721184,0.008552113334772215,-0.00010086959595828289,16.383612254092185,-0.0016526083540123688,-3.4561009847991717,0.15009831567151233
4.080603046633246,3.9485365390547646,-0.0015707963267948964,-0.003490658503988659,-0.02408554367752175,0.009948376736367679,-0.001755422625735429,16.408842424085176,-0.028804482840459725,-3.455228320173174,0.13369222070276565
3.997164798425541,3.787886102829893,-0.0015707963267948964,-0.00034906585039886593,-0.02408554367752175,0.0153588974175501,-0.0012149367590597222,16.459750948946354,-0.01999756631212213,-3.45348299092118,0.13997540600994524
3.707014925522387,-3.103244161869065,-0.0015707963267948964,0.0010471975511965976,-0.023911010752322315,0.01780235837034216,-0.0011245271026020522,16.485224616723137,-0.018538089688171364,-3.4524357933699834,0.12740903539558607
4.120188947502957,-0.5908370650481469,-0.0015707963267948964,0.01064650843716541,-0.023911010752322315,-0.0006981317007977319,-0.0023428531295509964,16.53581510097637,-0.03874105704173937,-3.450864997043188,0.12793263417118436
4.164721757019796,1.291984363659692,-0.0013962634015954637,0.005061454830783556,-0.023911010752322315,0.003665191429188092,-0.0015008343683332681,16.56788885537882,-0.024865675674890723,-3.4498177994919916,0.13316862192716733
3.9101384155674697,3.7299297939448506,-0.0013962634015954637,0.005759586531581287,-0.023911010752322315,0.0033161255787892262,-0.0015730081885465513,16.622007216944667,-0.026146575027638192,-3.4480724702399974,0.1392772743091475
3.9905629758913626,3.081282365223148,-0.0013962634015954637,0.007155849933176752,-0.023736477827122883,0.008552113334772215,-0.001501432198194905,16.647575147636367,-0.024995224130766665,-3.447025272688801,0.14154620233674012
4.0023664388966615,8.612184401320562,-0.0013962634015954637,0.0019198621771937625,-0.023736477827122883,0.005235987755982988,-0.0004481262490679966,16.695789315302193,-0.007481821941921929,-3.4452799434368067,0.15341444125030157
4.102879172372751,-0.8276310886558096,-0.0012217304763960308,-0.0008726646259971648,-0.023736477827122883,0.00767944870877505,-0.0017031862491518773,16.72741981704609,-0.028489938964472637,-3.4440582129604107,0.13281955607676849
3.9942064757727165,5.328317830094245,-0.0012217304763960308,-0.005934119456780721,-0.023736477827122883,0.005585053606381855,-0.0016346763734078709,16.781731591711726,-0.027432724572787004,-3.442487416633616,0.143116998663535
4.078236027459275,2.8050584153322453,-0.0012217304763960308,0.0164060949687467,-0.023736477827122883,0.004014257279586958,-0.0023247361401115807,16.810348522163935,-0.03907969513811482,-3.44126568615722,0.14276793281313616
4.073604473304751,2.2691510243322504,-0.0012217304763960308,-0.0010471975511965976,-0.023736477827122883,0.009599310885968814,-0.0018793169732344835,16.861728469310407,-0.03168856981669293,-3.4395203569052253,0.14364059743913332
3.970394826322158,-1.673874216827819,-0.0012217304763960308,0.010122909661567111,-0.023736477827122883,0.01117010721276371,-0.0012701160853208218,16.88451064436123,-0.021445300093991107,-3.4384731593540283,0.13980087308474579
4.2065440390773485,-0.8119009531334751,-0.0010471975511965976,0.012217304763960308,-0.023736477827122883,-0.006283185307179586,-0.0019751507536329054,16.94190370365645,-0.033462857383592864,-3.436727830102034,0.14206980111233844
3.9340757553497907,5.3824319177094155,-0.0010471975511965976,0.00471238898038469,-0.023736477827122883,0.0024434609527920616,-0.0021157610193750787,16.9676457426164,-0.035899537020239916,-3.435506099625638,0.15428710587629874
3.9514648038178564,-0.7597819011397855,-0.0008726646259971648,0.0019198621771937625,-0.02356194490192345,0.015533430342749533,-0.0030038828617364854,17.015530161027844,-0.05111281316978863,-3.433760770373644,0.13980087308474579
4.104433462778265,4.830490613278294,-0.0008726646259971648,0.009773843811168246,-0.023387411976724018,0.007853981633974483,-0.0029820870381771555,17.050905325716233,-0.050847434487179266,-3.4325390398972484,0.1499237827463129
3.7832697692099297,3.946521454595632,-0.0006981317007977319,0.007504915783575617,-0.023387411976724018,-0.0013962634015954637,-0.0022062495336936105,17.099789950899403,-0.03772646481710488,-3.4306191777200543,0.15219271077390556
4.204244682749249,-2.207818221507058,-0.0006981317007977319,0.005061454830783556,-0.023387411976724018,-0.0008726646259971648,-0.0021987060637436153,17.13525436171008,-0.037675448380479044,-3.4293974472436584,0.143116998663535
3.875058186543238,-5.412390743548259,-0.0005235987755982988,0.008028514559173916,-0.023212879051524585,0.020245819323134222,-0.003111970958325771,17.18318484895931,-0.05347374484133927,-3.427652117991664,0.1445132620651305
3.8578150832755074,2.2558916646439817,-0.00034906585039886593,0.009948376736367679,-0.023212879051524585,0.016231562043547264,-0.0020005551950481354,17.213125580948176,-0.03443585374396077,-3.4264303875152677,0.15987215948268058
4.308060234430626,7.71004278877856,-0.00017453292519943296,0.004886921905584123,-0.023212879051524585,-0.0010471975511965976,-0.001988926130637137,17.25551694787505,-0.034319993809947075,-3.424510525338074,0.16126842288427606
4.1,3.2996061170645246,-0.0,0.011868238913561441,-0.023212879051524585,-0.0012217304763960308,-0.002005435318959224,17.29116530341581,-0.034676360092235854,-3.423288794861678,0.16720254234105678
3.9,5.802295573638943,-0.0,-0.0012217304763960308,-0.02303834612632515,-0.0008726646259971648,-0.0025642421569974107,17.33636131883903,-0.04445472597769627,-3.421368932684484,0.15917402778188286
4.0110571141349025,8.021655439939023,0.00017453292519943296,0.017627825445142728,-0.02303834612632515,-0.0006981317007977319,-0.003144564503467087,17.374813046419057,-0.05463640044704794,-3.420147202208088,0.17034413499464657
3.8716053251695675,-0.6682931643944445,0.00017453292519943296,0.0012217304763960308,-0.02303834612632515,0.020943951023931952,-0.003715106539287532,17.420043933423024,-0.06471761687655071,-3.4182273400308945,0.14974924982111348
4.243380060308951,13.094797200704212,0.00034906585039886593,0.014486232791552936,-0.022863813201125717,0.016755160819145562,-0.004461100227710792,17.44888852468517,-0.07784175695850117,-3.4170056095544985,0.1708677337702449
4.065954478224062,-2.1725539246102716,0.0005235987755982988,0.0066322511575784525,-0.022689280275926284,0.008377580409572781,-0.003254762683024778,17.50534972674844,-0.056975960235294984,-3.414911214452105,0.1577777643802874
3.915206212356552,1.9783876015416904,0.0006981317007977319,0.003839724354387525,-0.022514747350726852,0.009773843811168246,-0.0027566892378185774,17.53847437454921,-0.048348246027653766,-3.413689483975709,0.15760323145508795
3.891193536774282,9.420514142744024,0.0006981317007977319,-0.0066322511575784525,-0.02234021442552742,0.020594885173533087,-0.00226197839326899,17.57852834528859,-0.03976231911778069,-3.411769621798516,0.17540558982543014
3.913193294849586,-6.500991213194297,0.0006981317007977319,0.008726646259971648,-0.02199114857512855,0.031939525311496235,-0.0019533586442725343,17.61171535879973,-0.03440204019151272,-3.41037335839692,0.15550883635269477
4.2399904576628975,0.1447090771294608,0.0006981317007977319,-0.012391837689159739,-0.02199114857512855,0.00471238898038469,-0.0036616641160707565,17.66247708109207,-0.06467434757557837,-3.408453496219726,0.15795229730548685
3.866201559647414,9.507632311989193,0.0006981317007977319,0.0015707963267948964,-0.02199114857512855,0.0017453292519943296,-0.003909461257067092,17.69835876861879,-0.06919140042447051,-3.407057232818131,0.17435839227423353
3.965719986459851,7.672020135366353,0.0006981317007977319,-0.005235987755982988,-0.02199114857512855,0.0006981317007977319,-0.00238751551539124,17.743089312492508,-0.042361981515596316,-3.4049628377157375,0.18116517635701143
3.9543508395330744,-1.404381234488781,0.0006981317007977319,-0.00767944870877505,-0.02181661564992912,0.016929693744344994,-0.0031658821320127875,17.77199239019517,-0.05626422113370501,-3.4037411072393415,0.1583013631558857
4.059331133733035,4.00252732418131,0.0006981317007977319,-0.009250245035569947,-0.02181661564992912,0.005235987755982988,-0.0032948371170149174,17.824682450361227,-0.05872963785864429,-3.4016467121369485,0.17348572764823636
3.996432703418011,13.631251935522362,0.0005235987755982988,-0.016231562043547264,-0.02181661564992912,-0.012915436464758038,-0.0046199343197634865,17.856094919535686,-0.08249457265224985,-3.4004249816605525,0.17976891295541594
3.927642811689134,6.269917317684544,0.0005235987755982988,-0.01117010721276371,-0.02181661564992912,0.003665191429188092,-0.0031447428814447955,17.90121480779147,-0.05629490341055752,-3.398330586558159,0.17243853009703977
4.142226673500093,2.4097295122436213,0.00034906585039886593,-0.012915436464758038,-0.02181661564992912,0.01064650843716541,-0.0034291992491035555,17.937231116390638,-0.06151058058484008,-3.3969343231565636,0.16964600329384885
3.9524061423401204,-1.9000801930270697,0.00034906585039886593,-0.010821041362364843,-0.02181661564992912,0.0013962634015954637,-0.003736720762619985,17.980464144065692,-0.06718828640748437,-3.39483992805417,0.1651081472386636
3.990936351084582,4.4180859887323125,0.00017453292519943296,-0.0153588974175501,-0.02181661564992912,0.01832595714594046,-0.0040318908379646055,18.01653344583274,-0.07264108975389438,-3.393443664652575,0.17034413499464657
4.05,0.024113096639837614,-0.0,-0.0322885911618951,-0.021642082724729686,0.011344640137963142,-0.0041796804606871645,18.05979795212313,-0.07548462419026228,-3.391523802475381,0.16545721308906244
4.007558850834007,5.891595819930473,-0.00017453292519943296,-0.0322885911618951,-0.021467549799530253,0.013613568165555772,-0.003950353217293193,18.09346137046741,-0.07147593513809435,-3.3901275390737857,0.17400932642383465
4.224752180060208,1.3937111578353785,-0.0005235987755982988,-0.02234021442552742,-0.02129301687433082,0.019547687622336492,-0.0041516298108295845,18.14645400209633,-0.07533779223793285,-3.3880331439713927,0.17034413499464657
4.074366656359454,3.412577592055577,-0.0006981317007977319,-0.017278759594743863,-0.02129301687433082,0.008726646259971648,-0.0046054932803038925,18.172944154371837,-0.0836959639334555,-3.386636880569797,0.16632987771505958
3.9221173196344523,-1.9181119319385533,-0.0008726646259971648,-0.027925268031909273,-0.02129301687433082,-0.0041887902047863905,-0.004291344383598328,18.223693336001315,-0.0782046241091034,-3.384542485467404,0.1708677337702449
3.9601676107703634,-4.561123787115446,-0.0010471975511965976,-0.030019663134302467,-0.02129301687433082,-0.004537856055185257,-0.0035580210493972265,18.25517505166065,-0.06495257118379451,-3.3831462220658084,0.15969762655748115
3.7444581385771056,2.887650131888996,-0.0013962634015954637,-0.021467549799530253,-0.02129301687433082,0.0066322511575784525,-0.003929142597078094,18.298688277837634,-0.07189852557717055,-3.3810518269634153,0.1726130630222392
3.987519112833298,6.2726357591392805,-0.0013962634015954637,-0.03700098014227979,-0.02111848394913139,0.012217304763960308,-0.00440133220569606,18.32532382907077,-0.08065635876697672,-3.37965556356182,0.17889624832941878
3.7119825058944538,7.683930689776106,-0.0015707963267948964,-0.017278759594743863,-0.02111848394913139,0.0041887902047863905,-0.0035984863753449714,18.374076617596383,-0.06611914976279806,-3.377561168459427,0.18343410438460403
3.6964869364525597,0.9947088520078702,-0.0017453292519943296,-0.029670597283903602,-0.02111848394913139,-0.0008726646259971648,-0.004080022543699438,18.40077154124661,-0.07507597929640904,-3.376164905057831,0.16807520696705394
3.5399787696501273,7.795959514927519,-0.0017453292519943296,-0.01815142422074103,-0.02111848394913139,0.003665191429188092,-0.003826074374460701,18.452048093601928,-0.07059925286475903,-3.3740705099554376,0.18203784098300857
3.6980852420898773,-0.797010883398931,-0.0017453292519943296,0.019896753472735357,-0.02111848394913139,-0.0022689280275926286,-0.00431620270664771,18.478826309565793,-0.07975885542564794,-3.3726742465538426,0.16441001553786586
4.021571355155235,-1.884715967364978,-0.0015707963267948964,0.005061454830783556,-0.020943951023931952,0.0019198621771937625,-0.005256249911306486,18.52509432914653,-0.09737342217576991,-3.370579851451449,0.16667894356545848
3.937174675782057,0.33106447980300163,-0.0015707963267948964,0.01937315469713706,-0.020943951023931952,-0.003141592653589793,-0.0038807755022528994,18.554896387185703,-0.07200774883553826,-3.3693581209750536,0.16964600329384885
3.7202874351312145,-0.38220905837473035,-0.0012217304763960308,0.016057029118347832,-0.02111848394913139,0.0,-0.0043114285161284455,18.599096551285438,-0.08018917210927994,-3.36726372587266,0.17121679962064373
3.4269372221559236,7.383407831701576,-0.0010471975511965976,0.03159045946109736,-0.02111848394913139,-0.005934119456780721,-0.005340587784576548,18.628292095647513,-0.09948697506712213,-3.3658674624710643,0.17208946424664087
3.7740700914325096,3.6901892707864925,-0.0006981317007977319,0.027925268031909273,-0.02111848394913139,-0.005235987755982988,-0.005086287094994825,18.670326881673393,-0.09496346159060239,-3.363947600293871,0.16441001553786586
4.197732226051875,-4.983921225293659,-0.00034906585039886593,0.0301941960595019,-0.02111848394913139,-0.0012217304763960308,-0.004090880093266511,18.70056696520653,-0.07650220389367952,-3.362376803967076,0.1583013631558857
4.15,9.494713985683847,-0.0,0.026179938779914945,-0.02111848394913139,-0.005934119456780721,-0.003737774069237411,18.7525674760859,-0.07009318686696242,-3.360456941789882,0.18099064343181198
3.9121835452726215,-1.326106361487702,0.00017453292519943296,0.023387411976724018,-0.02111848394913139,0.00017453292519943296,-0.004144961193735541,18.789415914146335,-0.07788184583923297,-3.359060678388287,0.16493361431346415
3.7061030243516893,3.3153420652169694,0.0006981317007977319,0.04136430327226561,-0.02111848394913139,-0.0013962634015954637,-0.0046198293329149575,18.833985561777645,-0.08701041797086312,-3.3569662832858933,0.1736602605734358
4.193995199621889,0.27062424477509484,0.0010471975511965976,0.056025068989017976,-0.02111848394913139,-0.016231562043547264,-0.004633964959680687,18.85905542779178,-0.08739282757307616,-3.355570019884298,0.1706932008450454
4.13910539316932,4.9145334724070215,0.0015707963267948964,0.04328416544945937,-0.02129301687433082,-0.02652900463031381,-0.0048334562502404055,18.91351160637841,-0.09141834280318238,-3.3536501577071043,0.17400932642383465
4.0182208652212354,-2.726901426562386,0.0019198621771937625,0.030019663134302467,-0.021467549799530253,-0.029845130209103034,-0.004403531845417785,18.946306106435145,-0.08343120156747268,-3.3520793613803095,0.16859880574265224
3.857106944139994,8.635431049250366,0.0020943951023931952,-0.002617993877991494,-0.021642082724729686,-0.010122909661567111,-0.0038780375283101916,18.986711877107854,-0.07363155031826585,-3.349984966277916,0.19041542139258136
4.172968526511473,9.426930971247756,0.0022689280275926286,0.011693705988362009,-0.02181661564992912,-0.013788101090755204,-0.005345075486878214,19.027915443674928,-0.10170661298650382,-3.348588702876321,0.19093902016817965
4.19445514007686,4.801246858797596,0.0024434609527920616,0.00942477796076938,-0.02199114857512855,-0.00942477796076938,-0.005349046782349714,19.070619607875198,-0.10201060937221254,-3.3464943077739275,0.17959438003021652
4.0617440943450145,4.766841069290545,0.0024434609527920616,0.0019198621771937625,-0.02199114857512855,-0.016057029118347832,-0.004946990906825526,19.103529306452423,-0.09450575670616314,-3.3449235114471327,0.18779742751458986
4.176289328754015,5.617943551757429,0.0024434609527920616,-0.009075712110370514,-0.02199114857512855,0.005934119456780721,-0.004524909068649122,19.154092897088656,-0.08667112017726883,-3.3426545834195402,0.19198621771937624
3.620282376998959,9.081797158513286,0.0024434609527920616,-0.024260076602721184,-0.02181661564992912,0.0020943951023931952,-0.006112132183006753,19.185364957548714,-0.11726494687094262,-3.3412583200179444,0.18919369091618532
3.7180230355991974,14.355299876866663,0.0020943951023931952,-0.02530727415391778,-0.02181661564992912,0.008552113334772215,-0.004180168714118672,19.229961784231545,-0.08038495283516486,-3.338989391990352,0.20490165418413428
3.946720920405785,0.21614546950626665,0.0020943951023931952,-0.026354471705114377,-0.021642082724729686,-0.00034906585039886593,-0.00526449611985208,19.259298224779897,-0.10139143746233073,-3.3375931285887566,0.18133970928221085
3.92008970244614,1.6541170422942426,0.0019198621771937625,-0.014835298641951801,-0.021642082724729686,-0.005235987755982988,-0.006000455008807698,19.3041871012084,-0.11583529642013331,-3.3353242005611636,0.18238690683340747
3.8296184490298186,0.6204229531451412,0.0015707963267948964,-0.032114058236695664,-0.021642082724729686,-0.013962634015954637,-0.00564030780342003,19.337365081874744,-0.10906984778697765,-3.333753404234369,0.18360863730980345
3.5859995406553793,2.183909824730813,0.0012217304763960308,-0.04241150082346221,-0.021642082724729686,0.00034906585039886593,-0.0058844929219817885,19.38034833127778,-0.11404483893729832,-3.3314844762067763,0.19128808601857852
3.6351109114494062,14.02555237565616,0.0010471975511965976,-0.04974188368183839,-0.021642082724729686,0.014311699866353503,-0.007154611770082227,19.409561104736927,-0.13887024385858499,-3.329913679879981,0.19914206765255302
3.6252753467158407,4.028974167463294,0.0005235987755982988,-0.03647738136668149,-0.021642082724729686,0.0033161255787892262,-0.005799662318797204,19.456855054684596,-0.11284445432093461,-3.3276447518523886,0.18622663118779495
3.6148532506960103,0.9110914246580887,0.00034906585039886593,-0.039793506945470715,-0.021642082724729686,0.003839724354387525,-0.005390579083418369,19.480597169470556,-0.10501271680139386,-3.3262484884507937,0.1858775653373961
3.7079749797981765,0.9392747797030938,-0.00017453292519943296,-0.039968039870670144,-0.021467549799530253,0.013439035240356337,-0.005841438454428549,19.523813449172533,-0.11404845186445689,-3.3238050274980013,0.18971728969178364
3.517664793122943,3.8044808157669374,-0.00034906585039886593,-0.03368485456349056,-0.021467549799530253,0.0015707963267948964,-0.00585093176414083,19.55932269154042,-0.11444156833208556,-3.322408764096406,0.18919369091618532
3.493366176187322,3.2830605753802447,-0.0006981317007977319,-0.026354471705114377,-0.02129301687433082,0.01117010721276371,-0.006142794761207309,19.602743119644646,-0.1204171423483614,-3.320139836068813,0.18308503853420519
3.59241539548365,3.344279529899598,-0.0008726646259971648,-0.024434609527920616,-0.02111848394913139,0.027401669256310976,-0.005755894501985529,19.626746285330515,-0.11297072862387483,-3.3187435726672176,0.18622663118779495
3.6302532922642023,3.0855966495493585,-0.0010471975511965976,-0.013613568165555772,-0.020943951023931952,0.030543261909900768,-0.007154861475561884,19.6640110486097,-0.14069567594793297,-3.316474644639625,0.1741838593490341
3.7426112721964806,2.687112127575483,-0.0010471975511965976,-0.002617993877991494,-0.02076941809873252,0.0010471975511965976,-0.006186263971593352,19.696290304857847,-0.12184800545973289,-3.3150783812380293,0.18500490071139894
3.517970435723688,-1.1657635003480429,-0.0012217304763960308,-0.024609142453120045,-0.02076941809873252,-0.0024434609527920616,-0.007005911079250625,19.74177859846213,-0.1383114083177554,-3.312809453210437,0.1706932008450454
3.4594690974976876,6.639397237464789,-0.0013962634015954637,-0.01937315469713706,-0.020943951023931952,-0.00767944870877505,-0.006141399157063928,19.764279180277995,-0.1213818535459406,-3.3114131898088415,0.19093902016817965
3.6917052441914966,0.9846282102931746,-0.0013962634015954637,0.0022689280275926286,-0.020943951023931952,0.0013962634015954637,-0.006974581303711124,19.80991728126901,-0.13816811909138793,-3.3091442617812485,0.1715658654710426
3.8351478572093525,5.5039730224932715,-0.0013962634015954637,0.003665191429188092,-0.020943951023931952,0.005061454830783556,-0.006532095412559507,19.844206341629015,-0.12962609285568055,-3.3077479983796536,0.18081611050661253
3.658584521937685,2.7862907171034053,-0.0012217304763960308,0.009948376736367679,-0.020943951023931952,-0.003665191429188092,-0.006708589775565786,19.888389236405835,-0.13342504629576202,-3.30565360327726,0.17662732030182618
3.610408620112345,1.9462155364506186,-0.0012217304763960308,0.010297442586766544,-0.02111848394913139,-0.005759586531581287,-0.006043718075993856,19.911313316132265,-0.1203398294077771,-3.3040828069504653,0.1790707812546182
3.370356196560655,2.5050275258652697,-0.0010471975511965976,0.0164060949687467,-0.02111848394913139,0.0041887902047863905,-0.006235866515953337,19.955628607436022,-0.12444224926382177,-3.3019884118480722,0.182212373908208
3.833410442381194,9.100133640162301,-0.0008726646259971648,0.027925268031909273,-0.020943951023931952,0.00034906585039886593,-0.0073831642822201355,19.9851161690497,-0.14755607703384382,-3.300592148446477,0.18343410438460403
4.118161841471191,4.304465002678682,-0.0005235987755982988,0.033335788713091695,-0.020943951023931952,0.009599310885968814,-0.006776415542875573,20.02644486597891,-0.1357095895174665,-3.298323220418884,0.17872171540421936
3.7283032967857985,7.675272814004662,-0.00017453292519943296,0.025830872929516076,-0.020943951023931952,0.0020943951023931952,-0.006864552832113031,20.062800365758005,-0.13772431636335264,-3.2969269570172886,0.18762289458939044
3.590695138614734,-1.5269243418552414,0.00017453292519943296,0.034732052114687155,-0.020943951023931952,0.0010471975511965976,-0.007575873358303952,20.108963572475467,-0.1523458759754541,-3.2948325619148955,0.1684242728174528
3.5633020553619903,2.978762137349629,0.00034906585039886593,0.028448866807507574,-0.020943951023931952,0.015184364492350668,-0.007262761287038015,20.133915395404106,-0.14623039240497787,-3.2934362985133,0.16964600329384885
3.806919722309462,6.277200809148822,0.0006981317007977319,0.01937315469713706,-0.02076941809873252,0.0024434609527920616,-0.006517569217168599,20.175671353707173,-0.1314981965137578,-3.291341903410907,0.18343410438460403
4.062641199993909,1.9811264502204464,0.0010471975511965976,0.029321531433504737,-0.02076941809873252,0.00820304748437335,-0.007291647838001875,20.213672626786,-0.14739359453028394,-3.289771107084112,0.17139133254584316
3.98697001130056,-1.5200322777820385,0.0013962634015954637,0.028623399732707007,-0.020594885173533087,0.016057029118347832,-0.007053001972477823,20.257081428366565,-0.14287560438664546,-3.2876767119817187,0.17941984710501707
3.564533934269257,7.561611825230049,0.0017453292519943296,0.02495820830351891,-0.020420352248333655,0.019722220547535925,-0.007174551265565732,20.293685532790736,-0.14560058545471552,-3.286280448580123,0.18867009214058703
3.729686793550423,7.580179410448761,0.0020943951023931952,0.026703537555513242,-0.020071286397934793,0.01832595714594046,-0.006641023410660334,20.33586415577171,-0.13505293536216934,-3.2840115205525304,0.18779742751458986
3.880215699366655,0.09883926828231437,0.0022689280275926286,0.028099800957108706,-0.020071286397934793,0.010122909661567111,-0.006847136634097385,20.362610581530138,-0.13942775582897393,-3.282615257150935,0.1764527873766267
3.8915264787433856,0.5096866183900085,0.002617993877991494,0.02129301687433082,-0.019896753472735357,0.0013962634015954637,-0.007301000272977864,20.407737604963962,-0.14899954528807888,-3.2803463291233426,0.1825614397586069
3.5412456113543938,5.674979273521817,0.0027925268031909274,0.010122909661567111,-0.019896753472735357,0.006981317007977318,-0.007999397426732967,20.43597551414081,-0.16347897698162414,-3.278950065721747,0.18605209826259553
3.42473269199931,8.337494126307389,0.0029670597283903604,0.0158824961931484,-0.019896753472735357,-0.003490658503988659,-0.007015360898848838,20.477080381595666,-0.14365646573750065,-3.2766811376941543,0.1970476725501598
3.708331969720075,4.446963021537753,0.003141592653589793,-0.003141592653589793,-0.019896753472735357,-0.0012217304763960308,-0.007896081612126649,20.505326655038985,-0.1619150977986542,-3.2751103413673595,0.18936822384138474
3.603696647584286,5.961249080044213,0.003141592653589793,0.0066322511575784525,-0.019896753472735357,-0.00017453292519943296,-0.007412934531790239,20.54793264240111,-0.15232326958768766,-3.272841413339767,0.1970476725501598
3.59990715505785,-2.157685766207196,0.003141592653589793,0.003490658503988659,-0.019896753472735357,0.011519173063162575,-0.006790319051587841,20.58206515963035,-0.13976093723365843,-3.271270617012972,0.18762289458939044
3.613206737622917,2.237409442675464,0.003141592653589793,0.0024434609527920616,-0.019896753472735357,0.013264502315156905,-0.00783422523874559,20.618923628613118,-0.1615365966746929,-3.2690016889853792,0.1916371518689774
3.416876937087762,5.016918672350108,0.003141592653589793,0.00820304748437335,-0.019722220547535925,0.007330382858376184,-0.00770466830322659,20.65453138069162,-0.1591394622002807,-3.2674308926585844,0.19931660057775244
3.551106744682678,7.485841214548228,0.0033161255787892262,0.00034906585039886593,-0.019547687622336492,0.027052603405912107,-0.007799870274142204,20.6889783229463,-0.16137461960522176,-3.265161964630992,0.19617500792416265
3.641958917212049,10.807141562284134,0.0033161255787892262,-0.008726646259971648,-0.01937315469713706,0.019547687622336492,-0.008161139593442925,20.725967884747746,-0.16915127252834813,-3.263591168304197,0.21170843826691219
3.4971836824194846,10.109232877343755,0.0033161255787892262,0.005061454830783556,-0.019198621771937627,0.0010471975511965976,-0.007904996342883214,20.76920519381239,-0.16418391101026739,-3.261147707351405,0.20263272615654165
3.640114544301575,8.355876892928181,0.0033161255787892262,-0.003665191429188092,-0.019198621771937627,0.008028514559173916,-0.008338464485504436,20.796325586118666,-0.17341344149241747,-3.2595769110246096,0.20961404316451898
3.6992992665749704,1.641007349525009,0.0033161255787892262,-0.00034906585039886593,-0.019024088846738195,0.026703537555513242,-0.009111303131031562,20.83214753028002,-0.18981326355062725,-3.257133450071818,0.19093902016817965
3.7524504137776176,7.1659677783652596,0.003141592653589793,-0.010821041362364843,-0.01884955592153876,0.008377580409572781,-0.009017361374593259,20.868022658582653,-0.18817960198378905,-3.255562653745023,0.20053833105414848
3.735689861516498,-0.3173519751565996,0.003141592653589793,-0.016057029118347832,-0.018675022996339326,0.011868238913561441,-0.009094662314385717,20.91280281527936,-0.19020012368138503,-3.2532937257174304,0.1911135530933791
3.589076383041532,3.8536718136687544,0.0029670597283903604,-0.01832595714594046,-0.018675022996339326,0.019722220547535925,-0.008770840730295446,20.93780270281156,-0.18364684194601133,-3.251548396465436,0.20141099568014564
3.3011885529494633,0.7247854168687813,0.0027925268031909274,-0.022514747350726852,-0.01832595714594046,0.019024088846738195,-0.009337908189455148,20.983723759533113,-0.1959497813528042,-3.2492794684378437,0.19250981649497453
3.652108355397528,-0.18675438282787388,0.002617993877991494,-0.019198621771937627,-0.01815142422074103,0.027227136331111543,-0.008552758311811008,21.0078030322368,-0.17967904317273922,-3.247534139185849,0.1923352835697751
3.846467426581448,7.865222561147253,0.002617993877991494,0.0024434609527920616,-0.01780235837034216,0.025830872929516076,-0.008365271803763346,21.0519726276581,-0.17610958097363244,-3.245090678233057,0.2139773662945048
3.7128088735768587,8.217957381397468,0.0024434609527920616,-0.024434609527920616,-0.017627825445142728,0.002617993877991494,-0.009305794072324574,21.080376873067564,-0.19617530896405982,-3.2435198819062623,0.21258110289290932
3.6290704951609793,13.038365176513564,0.0020943951023931952,-0.027052603405912107,-0.017627825445142728,0.006981317007977318,-0.008193058887838944,21.12245612151813,-0.173061399195557,-3.2410764209534704,0.21624629432209744
3.157538508930176,8.370707908971964,0.0019198621771937625,-0.02775073510670984,-0.017453292519943295,0.02303834612632515,-0.009611398021100831,21.15196776983561,-0.20330624161113722,-3.239505624626675,0.20769418098732523
3.36663784317014,7.883428394406612,0.0015707963267948964,-0.02111848394913139,-0.01710422666954443,0.04520402762665313,-0.008567093695709729,21.184431444902934,-0.1814934493434978,-3.2370621636738828,0.20839231268812294
3.8584043228099714,2.245340989456193,0.0012217304763960308,-0.04241150082346221,-0.016929693744344994,0.03159045946109736,-0.008536177934465981,21.220963461679155,-0.18115031999095882,-3.235491367347088,0.20193459445574394
3.454347960004706,0.04260464776190679,0.0008726646259971648,-0.04450589592585541,-0.016580627893946133,0.013962634015954637,-0.009336116750605443,21.26733491469996,-0.19856009080748363,-3.233047906394296,0.19949113350295186
3.4711360651859096,4.256558842692647,0.0005235987755982988,-0.030892327760299633,-0.016580627893946133,0.040491638646268445,-0.00907079742279259,21.29311904591283,-0.19315086683755467,-3.231302577142302,0.2059488517353309
3.4206420301886697,6.969962748084002,0.00017453292519943296,-0.027401669256310976,-0.016057029118347832,0.030019663134302467,-0.009463186371246034,21.328823758862153,-0.20184465953621736,-3.2288591161895095,0.19896753472735357
3.77,1.2311541773119705,-0.0,-0.05689773361501515,-0.0158824961931484,0.027925268031909273,-0.008567885321420337,21.35402127088185,-0.18296328245172636,-3.2272883198627147,0.20176006153054452
3.8286532379755265,7.847553819578595,-0.0005235987755982988,-0.046949356878647465,-0.015533430342749533,0.027227136331111543,-0.00893073207334606,21.399819615632463,-0.1911211365771343,-3.224844858909923,0.20891591146372127
3.2938254214732297,13.518992017575945,-0.0008726646259971648,-0.03769911184307752,-0.015184364492350668,0.02129301687433082,-0.010372740021504711,21.429270816674766,-0.22228822736255419,-3.223274062583128,0.20943951023931956
3.4363983599685297,-3.8866950983427966,-0.0012217304763960308,-0.03490658503988659,-0.014835298641951801,0.023212879051524585,-0.009820125369097593,21.47361524752213,-0.21088037264191054,-3.2208306016303356,0.1911135530933791
3.5771476732137626,1.8381532594298382,-0.0017453292519943296,-0.056548667764616284,-0.014660765716752368,0.024434609527920616,-0.009125095682056989,21.499118297688895,-0.19618695690055682,-3.2190852723783414,0.19792033717615698
3.7719132440722194,0.16717382007817763,-0.0022689280275926286,-0.05811946409141117,-0.014311699866353503,0.03682644721708035,-0.00951845701383,21.54524458344436,-0.20508367805445285,-3.2166418114255495,0.20263272615654165
3.4506511443999037,3.5770852405606375,-0.0027925268031909274,-0.06928957130417489,-0.013962634015954637,0.031939525311496235,-0.009298907234916944,21.571647529964835,-0.20059853121545004,-3.2148964821735553,0.20350539078253882
3.4578678890933467,4.843407158667574,-0.0033161255787892262,-0.05166174585903215,-0.013613568165555772,0.0301941960595019,-0.009283772792802162,21.60731661510891,-0.20060318137482996,-3.212453021220763,0.20786871391252465
3.216627765474224,0.7032132655840443,-0.003665191429188092,-0.05131268000863329,-0.013264502315156905,0.04310963252425994,-0.008900783111838402,21.633965617437028,-0.19256432107137433,-3.210882224893968,0.19931660057775244
3.6084631334076405,5.365030553658953,-0.0041887902047863905,-0.05166174585903215,-0.012566370614359171,0.06632251157578453,-0.009325044281858976,21.680565439731858,-0.2021780930450177,-3.208438763941176,0.20367992370773827
3.2577392313935993,10.54220012821769,-0.00471238898038469,-0.059341194567807204,-0.012217304763960308,0.05183627878423159,-0.010046829570757934,21.708664581866696,-0.21811059191815363,-3.2066934346891816,0.21083577364091502
3.2651352173286954,2.9639416663684575,-0.0054105206811824215,-0.05096361415823442,-0.011693705988362009,0.040491638646268445,-0.00960100912286841,21.74401973176162,-0.20877094664377036,-3.2042499737363896,0.20036379812894903
3.1566720652769242,-1.084728290871223,-0.005759586531581287,-0.04485496177625427,-0.011344640137963142,0.062482787221396996,-0.009240062290983031,21.77109106523732,-0.2011719628883637,-3.202679177409595,0.1949532774477666
3.329660990322085,4.477509944246604,-0.006283185307179586,-0.0635299847725936,-0.010821041362364843,0.03700098014227979,-0.00972529120400803,21.808109594766925,-0.21209690325969463,-3.200235716456803,0.20367992370773827
3.286107694997213,9.769838532106641,-0.0066322511575784525,-0.034033920413889425,-0.010471975511965976,0.029670597283903602,-0.009831819501581048,21.835862873947715,-0.21469318023131923,-3.198664920130008,0.21519909677090082
3.1788690419001844,8.16059992690246,-0.006981317007977318,-0.030368728984701335,-0.010297442586766544,0.013962634015954637,-0.009590887087212816,21.871701669546315,-0.2097754532303383,-3.1960469262520164,0.20263272615654165
3.1377019737272556,4.611203506243135,-0.007330382858376184,-0.0164060949687467,-0.009948376736367679,0.022514747350726852,-0.009707186041200567,21.899655094336005,-0.21259070371658995,-3.1944761299252216,0.20699604928652748
3.015683238631075,8.545331132229435,-0.007504915783575617,-0.035255650890285456,-0.009773843811168246,0.02530727415391778,-0.009762034447994906,21.936655807849693,-0.21415319245478034,-3.1920326689724297,0.2059488517353309
3.267699817633953,1.2157329014386375,-0.007504915783575617,0.00034906585039886593,-0.00942477796076938,0.019722220547535925,-0.009914337404162778,21.95465237284998,-0.21767296325060864,-3.1904618726456344,0.1881464933649887
3.2562755133133083,5.517355790476131,-0.00767944870877505,-0.00820304748437335,-0.009075712110370514,0.040491638646268445,-0.009502236742293533,22.001226207699,-0.20906715248302457,-3.1880184116928425,0.2066469834361286
3.2748215101082985,0.15919033221222917,-0.00767944870877505,0.004886921905584123,-0.00890117918517108,0.029670597283903602,-0.009662116848748384,22.019658394807326,-0.21276313336198757,-3.1864476153660473,0.19530234329816545
3.310187902714705,7.455745048190851,-0.00767944870877505,-0.0012217304763960308,-0.008552113334772215,0.034557519189487726,-0.009743635219289374,22.056838975627954,-0.2149205945199162,-3.1840041544132553,0.2059488517353309
3.2323198002216316,10.612651687590539,-0.00767944870877505,0.008028514559173916,-0.00820304748437335,0.041887902047863905,-0.010339486430950923,22.085631713114417,-0.22836222716114002,-3.1824333580864606,0.2132792345937071
3.4099613901174246,6.262782236229553,-0.007504915783575617,0.0008726646259971648,-0.00767944870877505,0.047647488579445195,-0.010156706727968924,22.122772583736175,-0.22470223985871632,-3.1798153642084688,0.20629791758572977
3.09682875123021,10.984984628105272,-0.007330382858376184,0.030543261909900768,-0.007504915783575617,0.02129301687433082,-0.010309557464822795,22.151112250464973,-0.22837625585371626,-3.178244567881674,0.22375121010567306
2.9384274529899828,-4.116993595420068,-0.006981317007977318,0.02495820830351891,-0.007155849933176752,0.03438298626428829,-0.01104252436158106,22.18918190026553,-0.24503454139861125,-3.175626574003683,0.19669860669976094
3.0661189252447762,7.655192741604805,-0.006806784082777886,0.031241393610698498,-0.006981317007977318,0.04293509959906051,-0.010773588949033866,22.20752371795315,-0.239263989325981,-3.174055777676888,0.2186897552748895
3.0211459328337944,10.969082763646913,-0.006457718232379019,0.017976891295541596,-0.006457718232379019,0.024609142453120045,-0.009446487669235882,22.2442699364883,-0.21013647229184634,-3.171263250873697,0.23160519173964753
3.225507596645493,13.296561060565919,-0.006283185307179586,0.013788101090755204,-0.006457718232379019,0.005235987755982988,-0.01096470976474733,22.273959622043353,-0.2442372904438916,-3.1696924545469023,0.23492131731843677
3.645750283604682,-5.6579649184427785,-0.005934119456780721,0.04590215932745086,-0.006283185307179586,0.019198621771937627,-0.011448398742055119,22.311791970430605,-0.2554454512818052,-3.166899927743711,0.2066469834361286
3.259406048028192,5.2431519695394995,-0.005759586531581287,0.03490658503988659,-0.006108652381980154,0.030019663134302467,-0.011355277608824803,22.340540805608537,-0.2536939468355313,-3.1651545984917164,0.21310470166850765
3.3353122115388474,-4.5850858426115915,-0.0054105206811824215,0.0466002910282486,-0.005759586531581287,0.029845130209103034,-0.011406294204345628,22.378448022422695,-0.25526623242389357,-3.1623620716885257,0.21467549799530256
3.1368415391185094,7.727627270301934,-0.005061454830783556,0.028448866807507574,-0.0054105206811824215,0.028099800957108706,-0.011338039806706482,22.397382418872414,-0.253953295520243,-3.1606167424365315,0.23125612588924865
3.069939421361207,8.864623010492023,-0.00471238898038469,0.029321531433504737,-0.005061454830783556,0.03752457891787808,-0.010958107195656123,22.435613169360387,-0.24586169522231416,-3.1578242156333407,0.23945917337362202
3.4546015158129832,0.0756069449019461,-0.004537856055185257,0.039793506945470715,-0.00471238898038469,0.03665191429188092,-0.011061909760769345,22.464627613208037,-0.2485118200024466,-3.1559043534561466,0.2288126649364566
3.4577953798010346,7.582271129900806,-0.0041887902047863905,0.025132741228718343,-0.0041887902047863905,0.03752457891787808,-0.011144208471266267,22.50317915023099,-0.25079050197596314,-3.153111826652956,0.24661502330679877
3.155007942615588,3.2650161190240605,-0.003839724354387525,0.023736477827122883,-0.003839724354387525,0.02234021442552742,-0.01214666798959761,22.532501126675424,-0.2737082714069551,-3.151191964475762,0.23300145514124299
2.987817518778407,8.910228078256283,-0.003665191429188092,0.014660765716752368,-0.003490658503988659,0.04276056667386108,-0.011808645629040162,22.561268358150613,-0.2664304071486797,-3.1483994376725715,0.2501056818107874
2.998990222797873,9.918957749787968,-0.003490658503988659,0.034033920413889425,-0.003141592653589793,0.023212879051524585,-0.012818770827355847,22.590639808619784,-0.28960009717194884,-3.1464795754953774,0.2504547476611863
3.3024678777331973,7.815481407468946,-0.003141592653589793,0.029321531433504737,-0.0029670597283903604,0.016231562043547264,-0.012220235167328253,22.629612743975187,-0.2765529558806379,-3.143512515766987,0.2504547476611863
2.8719298673390408,-0.6619324517245848,-0.0027925268031909274,0.0301941960595019,-0.0027925268031909274,0.023212879051524585,-0.012536415771011677,22.649080564880254,-0.28395316647105573,-3.1414181206645937,0.23823744289722598
2.8737021105266,9.316329813007643,-0.002617993877991494,0.026179938779914945,-0.002617993877991494,0.023212879051524585,-0.013108274134728027,22.678406988430467,-0.2972918035097889,-3.138625593861403,0.24748768793279594
3.0886001850613933,1.8714053987311157,-0.0024434609527920616,0.04136430327226561,-0.0024434609527920616,0.023911010752322315,-0.013428077107873615,22.70797103798689,-0.3049427146862486,-3.13653119875901,0.23945917337362202
3.0197969528482096,-1.5079636239665024,-0.0019198621771937625,0.032114058236695664,-0.0020943951023931952,0.02408554367752175,-0.014450572445340737,22.737521895145644,-0.3285930798560059,-3.133738671955819,0.2350958502436362
2.9532249180110672,2.3327293912623954,-0.0015707963267948964,0.02199114857512855,-0.0019198621771937625,0.02757620218151041,-0.013726702870613765,22.767517754590006,-0.3125425815700924,-3.131818809778625,0.23422318561763902
2.7553417553574286,6.920950884376124,-0.0012217304763960308,0.03508111796508603,-0.0017453292519943296,0.03159045946109736,-0.013354257561718867,22.797585725307087,-0.30446293069649494,-3.128677217125035,0.25865779514555964
2.9444136240731487,-1.081062854627961,-0.0008726646259971648,0.03543018381548489,-0.0013962634015954637,0.0328121899374934,-0.01422272222776393,22.817423715477503,-0.3245477635578665,-3.1269318878730408,0.2298598624876532
3.0826647034027403,0.5946709169902384,-0.0005235987755982988,0.030019663134302467,-0.0010471975511965976,0.04258603374866164,-0.01500326813760004,22.857340497024268,-0.3429605420257499,-3.1239648281446506,0.2357939819444339
3.0500000000000003,3.86936100468866,-0.0,0.03752457891787808,-0.0006981317007977319,0.034557519189487726,-0.01517708608122682,22.877583421143182,-0.34724171499771384,-3.1220449659674565,0.23387411976724015
3.0550784202662826,4.005078664326229,0.00034906585039886593,0.03246312408709453,-0.00034906585039886593,0.01832595714594046,-0.015097705439115965,22.918131991864314,-0.34603749843846304,-3.1190779062390663,0.24731315500759649
2.945325427954498,5.402663043397646,0.0006981317007977319,0.05183627878423159,-0.00034906585039886593,0.02129301687433082,-0.015280385951185268,22.93852867046405,-0.35053685396781337,-3.1171580440618727,0.2488839513343914
2.962872687942308,3.511609140101812,0.0013962634015954637,0.04468042885105484,-0.00017453292519943296,0.009075712110370514,-0.0156474115939861,22.969268763111547,-0.35943893801647075,-3.1141909843334825,0.24382249650360785
3.223870124655397,6.91,0.0015707963267948964,0.03647738136668149,0.0,0.0013962634015954637,-0.01601823461207343,22.999690795017862,-0.3684459561248893,-3.112096589231089,0.24940755010998972
3.047090249516805,17.19,0.0020943951023931952,0.03420845333908886,0.0,0.011693705988362009,-0.0146616643012046,23.031918831754172,-0.33771046104612135,-3.109129529502699,0.2698279023583234
3.1994052795221175,3.64,0.0022689280275926286,0.020943951023931952,0.0,0.0006981317007977319,-0.015729489030555908,23.051983923728745,-0.3626258353317799,-3.1072096673255047,0.2488839513343914
3.406206810455023,-1.48,0.002617993877991494,0.014486232791552936,0.0,-0.005235987755982988,-0.01630580928071386,23.093043891931543,-0.3765841453288415,-3.104068074671915,0.25028021473598683
3.615219247021052,0.17,0.0027925268031909274,0.030368728984701335,0.0,-0.010471975511965976,-0.01583382963696101,23.124668651332183,-0.36618266625292667,-3.1019736795695216,0.25115287936198405
3.0386933559424474,1.758900415770493,0.0029670597283903604,0.014835298641951801,0.00017453292519943296,0.017627825445142728,-0.016858813449124106,23.16559264036215,-0.3905814090928673,-3.0988320869159325,0.2541199390903744
3.0250193630766566,4.869409782027442,0.0029670597283903604,0.01064650843716541,0.00034906585039886593,0.021467549799530253,-0.017251180866982987,23.186437851262905,-0.40003311753802223,-3.096737691813539,0.2593559268463574
3.17914024177595,3.6357474912416166,0.003141592653589793,0.01117010721276371,0.0006981317007977319,0.022689280275926284,-0.016728601287423754,23.21946394312159,-0.3884653919300332,-3.09342156623475,0.27785641691749724
3.643386300994751,12.928763908447229,0.0033161255787892262,0.0008726646259971648,0.0006981317007977319,0.009773843811168246,-0.017144062336308538,23.25069941756338,-0.3986504979112136,-3.0913271711323564,0.2953097094374406
3.252626648841476,11.396155196182697,0.0033161255787892262,-0.010821041362364843,0.0008726646259971648,0.002617993877991494,-0.01706922018238363,23.283358210372143,-0.3974673704307911,-3.0880110455535674,0.28099800957108706
2.5188477647225334,-0.8575918576265578,0.0033161255787892262,0.003839724354387525,0.0008726646259971648,0.004886921905584123,-0.017654312285773598,23.304664338809587,-0.411470571168816,-3.085742117525975,0.26912977065752564
2.852774329490389,7.412812157641886,0.0033161255787892262,0.009250245035569947,0.0010471975511965976,0.011519173063162575,-0.018197007153301917,23.337217689769453,-0.4247143969846101,-3.082251459021986,0.2864085302522695
3.273227487142626,3.8976513992307553,0.003665191429188092,0.028972465583105872,0.0010471975511965976,-0.013962634015954637,-0.017934882458414042,23.360121909715044,-0.4190059674494393,-3.079982530994393,0.2909463863074548
3.3653159022221137,-0.1220252751350478,0.004014257279586958,0.01832595714594046,0.0008726646259971648,-0.019547687622336492,-0.018938958524401073,23.40235102907326,-0.4432691546537541,-3.0764918724904047,0.2907718533822553
2.6148426635339033,3.9508604917509467,0.0041887902047863905,0.01815142422074103,0.0006981317007977319,-0.01064650843716541,-0.018437097352361587,23.425980429165463,-0.43195602729821253,-3.0740484115376128,0.29635690698863715
2.4436473617654575,4.683017540634612,0.004363323129985824,0.02129301687433082,0.0006981317007977319,-0.0008726646259971648,-0.019414076928474435,23.448600572747164,-0.4552901374080188,-3.070557753033624,0.29426251188624397
2.6613258215692537,13.813880998947736,0.00471238898038469,0.03508111796508603,0.0006981317007977319,0.0012217304763960308,-0.019348787518892147,23.471939160024874,-0.4542102466196918,-3.068114292080832,0.32271137869375155
2.834739435479002,6.080036177342861,0.005235987755982988,0.04363323129985824,0.0006981317007977319,-0.008028514559173916,-0.019410070837507128,23.497151032048997,-0.4561386509919817,-3.0642745677264442,0.31119220563058897
2.7379282353568803,2.174191013468433,0.005759586531581287,0.06126105674500097,0.0006981317007977319,-0.013962634015954637,-0.019106294060297957,23.52170053341802,-0.44946722126137,-3.0616565738484534,0.3131120678077827
3.2091739170543465,1.4709518532256145,0.006108652381980154,0.02775073510670984,0.0006981317007977319,0.017278759594743863,-0.020481055405209808,23.554658724508673,-0.48249173646097093,-3.0578168494940656,0.3153809958353754
3.1178975976152317,8.17374274705266,0.006457718232379019,0.02495820830351891,0.0006981317007977319,0.007504915783575617,-0.02064111647747786,23.588491845729543,-0.48696196731905883,-3.055198855616074,0.33056536032772604
2.9730730169349306,12.706610964176377,0.006806784082777886,0.031415926535897934,0.0006981317007977319,-0.009075712110370514,-0.020311274191371926,23.615690961226054,-0.47973074677751093,-3.0513591312616866,0.34505159311927897
3.095097210225587,0.24961773864181924,0.006981317007977318,0.045029494701453704,0.0005235987755982988,-0.013264502315156905,-0.02080559863142557,23.639788859780367,-0.4919109391071865,-3.048392071533296,0.33265975543011916
3.117460886510658,2.5618053272462684,0.007504915783575617,0.018500490071139894,0.0005235987755982988,-0.007330382858376184,-0.021962340417608663,23.67460295179993,-0.5200333036846152,-3.0443778142537092,0.3427826650916863
3.18741880620408,10.951809413150743,0.007504915783575617,-0.016755160819145562,0.0005235987755982988,-0.009948376736367679,-0.022468592330483764,23.698705594005485,-0.5325661775858851,-3.0414107545253186,0.35779249665883756
2.9828941505806057,9.911223125109817,0.007330382858376184,-0.021467549799530253,0.0005235987755982988,-0.020071286397934793,-0.02255604157803414,23.736242533918222,-0.5354864906302789,-3.0372219643205325,0.35936329298563247
2.127756807480948,14.247726713200413,0.007330382858376184,0.0020943951023931952,0.00034906585039886593,-0.020594885173533087,-0.023459266757470724,23.750067828282084,-0.5572614076695126,-3.034254904592142,0.3775147172063735
2.2285660026938015,10.858327809177819,0.007155849933176752,-0.012740903539558606,0.00017453292519943296,-0.022863813201125717,-0.023702987622318674,23.77837280607813,-0.5637240529222113,-3.029891581462156,0.36704274169440754
2.147520871424549,7.777312074469398,0.006981317007977318,-0.040491638646268445,0.00017453292519943296,0.004014257279586958,-0.024613969325563572,23.792120902711556,-0.5857368279289381,-3.0269245217337657,0.35499996985564664
2.2755231427254117,8.394972940099075,0.0066322511575784525,-0.034557519189487726,0.00034906585039886593,0.02234021442552742,-0.024658846321420114,23.81099478419539,-0.5872706976551336,-3.022735731528979,0.3536037064540512
1.9746887377971711,6.350845944252643,0.006457718232379019,-0.02775073510670984,0.0006981317007977319,0.03665191429188092,-0.024984254085706464,23.82647673868377,-0.5954106416403764,-3.0199432047257884,0.34644785652087445
2.3974782686481473,5.073577894762995,0.006108652381980154,-0.00890117918517108,0.0010471975511965976,0.016580627893946133,-0.025040503884413156,23.84612610051555,-0.5972438477730536,-3.015754414521002,0.3501130479500625
2.07360295241897,7.39528483854726,0.006108652381980154,-0.017627825445142728,0.0012217304763960308,0.03543018381548489,-0.025833781961905267,23.87055235802461,-0.6168038661030281,-3.012961887717811,0.33737214441050395
1.5246375406731834,10.445111660397432,0.005759586531581287,-0.023387411976724018,0.0015707963267948964,0.027401669256310976,-0.026144662278911407,23.8894656605785,-0.6247243602703102,-3.0089476304382243,0.3310889591033243
1.7863334616996163,11.019330345283356,0.005585053606381855,-0.020943951023931952,0.0022689280275926286,0.0747000919853573,-0.026682722235485432,23.8942665596762,-0.637715429071637,-3.0063296365602326,0.3255039054969425
2.2230796647435924,5.397593139513594,0.0054105206811824215,0.004014257279586958,0.003141592653589793,0.056025068989017976,-0.026827255294573252,23.914188115289583,-0.6417059827313556,-3.0024899122058453,0.3078760800517997
2.639935353258926,7.8913799895880565,0.0054105206811824215,0.0020943951023931952,0.003490658503988659,0.034732052114687155,-0.026826878012619973,23.930804727183347,-0.642142832632241,-3.0000464512530534,0.30316369107141505
1.9379057886865976,1.543110421945274,0.0054105206811824215,0.0022689280275926286,0.003839724354387525,0.034033920413889425,-0.0268572613232063,23.961048533992585,-0.6436829150060919,-2.996381259823865,0.2965314399138366
1.639143603426764,10.669788815733819,0.0054105206811824215,0.009599310885968814,0.0041887902047863905,0.04380776422505767,-0.027105221940744138,23.976764922635944,-0.6500547393481377,-2.9941123317962726,0.2932153143350474
1.877612134645071,0.972413044709605,0.0054105206811824215,0.004537856055185257,0.00471238898038469,0.053232542185827056,-0.027750531320841713,23.994763607242742,-0.6660384180804348,-2.9906216732922837,0.2673844414055313
2.8596982601001955,3.2512525770813143,0.005585053606381855,0.032114058236695664,0.005061454830783556,0.019024088846738195,-0.026300054923381107,24.006926067304423,-0.6315290888864897,-2.988352745264691,0.2724458962363149
2.565717640390173,5.525786956705911,0.005759586531581287,0.030892327760299633,0.005235987755982988,0.011868238913561441,-0.026420732720213405,24.037094616404296,-0.6352254665720362,-2.9850366196859017,0.2762856205907024
2.272367471340304,22.141787583908446,0.005759586531581287,0.004886921905584123,0.005235987755982988,-0.0008726646259971648,-0.027387228425759667,24.059911528654233,-0.6590990891954558,-2.9829422245835087,0.29112091923265415
2.0867020359008905,7.116232511419698,0.005759586531581287,-0.0024434609527920616,0.0054105206811824215,0.007155849933176752,-0.02623106642391614,24.085258421673988,-0.6319269565621642,-2.979626099004719,0.26267205242514663
0.9242547521397214,5.337472554838336,0.005759586531581287,-0.003141592653589793,0.005585053606381855,0.03595378259108319,-0.02544787216638592,24.09525715236757,-0.6133054205563183,-2.977531703902326,0.2607521902479528
1.6425460084069605,7.265989629528514,0.005759586531581287,0.0020943951023931952,0.005934119456780721,0.030892327760299633,-0.025539519418428733,24.104968900009872,-0.6157632078086365,-2.974564644173936,0.2530727415391778
1.7937494305255075,5.46634680515593,0.005934119456780721,0.04153883619746504,0.005934119456780721,-0.01937315469713706,-0.025230334359636928,24.123865005912283,-0.6087823631116167,-2.972470249071543,0.2556907354171693
1.4263734404789639,2.6200343887452773,0.006283185307179586,0.033335788713091695,0.005759586531581287,0.0012217304763960308,-0.025152918817346447,24.14550020753991,-0.6074579185918562,-2.969328656417953,0.25621433419276757
1.679957292656937,8.022672062531049,0.006283185307179586,-0.0486946861306418,0.005759586531581287,0.0005235987755982988,-0.02520023785894425,24.152597343478586,-0.6087800724216416,-2.9672342613155593,0.24923301718479027
2.1100634852326254,1.9105582890022255,0.005934119456780721,-0.004014257279586958,0.005759586531581287,-0.007155849933176752,-0.024957096455647147,24.17455123783251,-0.6034519002296962,-2.964267201587169,0.24172810140121465
3.0450508714043134,3.9063752026807,0.005759586531581287,-0.004363323129985824,0.005585053606381855,-0.0322885911618951,-0.024489181695200313,24.193724496033646,-0.5926029850950352,-2.9623473394099755,0.23876104167282428
2.5055121061187737,1.7487770052387999,0.005585053606381855,0.003839724354387525,0.005061454830783556,-0.04258603374866164,-0.02391380572050568,24.227961794199302,-0.5794932405152335,-2.9593802796815853,0.24696408915719764
2.0728074328059063,9.463986247668137,0.005585053606381855,-0.00942477796076938,0.00471238898038469,-0.04782202150464463,-0.02397146595406272,24.23574640435701,-0.5810776758509197,-2.957285884579192,0.24940755010998972
1.5745116050818724,1.5641183668325584,0.0054105206811824215,-0.005934119456780721,0.004363323129985824,-0.030543261909900768,-0.023749505672227944,24.258644241510193,-0.5762391535441624,-2.9543188248508017,0.23701571242082994
1.4150233301865023,6.951010482305984,0.0054105206811824215,-0.019722220547535925,0.0041887902047863905,-0.014486232791552936,-0.023636752691014545,24.267004679502012,-0.5737000334602533,-2.952398962673608,0.23841197582242543
1.855965629498889,6.1044671846889145,0.0054105206811824215,0.010122909661567111,0.0041887902047863905,-0.010995574287564275,-0.023249412754922635,24.290280436157452,-0.5648365308017831,-2.949606435870417,0.2331759880664424
2.3646472124128,7.946938597965557,0.0054105206811824215,0.018675022996339326,0.004014257279586958,-0.03630284844148206,-0.023211071446736717,24.308598250392603,-0.5643299593771839,-2.9476865736932236,0.23631758072003223
2.87191469612504,3.956327366367903,0.005585053606381855,0.020245819323134222,0.003490658503988659,-0.04590215932745086,-0.023064089261987036,24.330615355963523,-0.5612630095986809,-2.945068579815232,0.22270401255447644
2.8497724515676386,10.256428482452787,0.005585053606381855,-0.002617993877991494,0.003141592653589793,-0.030368728984701335,-0.02270013540861526,24.360872783093118,-0.5530901158473442,-2.9431487176380378,0.24207716725161352
2.4682190664235724,12.210937959235435,0.005585053606381855,0.0033161255787892262,0.0027925268031909274,-0.033335788713091695,-0.021702467692761455,24.388982978277372,-0.5293842305683762,-2.9401816579096476,0.2441715623540067
2.437697658456493,10.79642870130662,0.005585053606381855,0.023212879051524585,0.002617993877991494,-0.013613568165555772,-0.0220832819294924,24.405736879368437,-0.539046396879445,-2.9382617957324535,0.24452062820440557
2.6655920968296396,11.415378431228888,0.005934119456780721,0.033161255787892266,0.0024434609527920616,-0.034557519189487726,-0.02140169327986075,24.442519704977855,-0.523191191671005,-2.9354692689292627,0.24329889772800953
2.5770370525226736,3.9736821409112153,0.006108652381980154,0.04380776422505767,0.0022689280275926286,-0.02356194490192345,-0.021387720662136345,24.461512190660585,-0.5232557772386971,-2.933549406752069,0.23911010752322318
2.3791384945136684,6.260537740233707,0.006457718232379019,0.010471975511965976,0.0019198621771937625,-0.02757620218151041,-0.021220604512297115,24.48641738406478,-0.5196945901651703,-2.9305823470236785,0.2488839513343914
2.698225807841962,10.023163514593643,0.0066322511575784525,-0.005061454830783556,0.0019198621771937625,-0.01064650843716541,-0.021214081661488995,24.505627183938536,-0.5199423764005779,-2.9286624848464853,0.25464353786597266
2.4471539354647334,6.308175247822311,0.006806784082777886,0.03420845333908886,0.0017453292519943296,-0.0024434609527920616,-0.02145728883684731,24.52918909138572,-0.5264106869157142,-2.9256954251180947,0.24644049038159935
2.8353275076256725,6.333058988563761,0.006981317007977318,0.02757620218151041,0.0015707963267948964,-0.03508111796508603,-0.020833385137871068,24.553054976071905,-0.5115972689462832,-2.923601030015701,0.2593559268463574
2.6331452458447155,1.1913492548038445,0.007504915783575617,0.054105206811824215,0.0012217304763960308,-0.03577924966588375,-0.020943702558790377,24.58883859627163,-0.515056631948558,-2.920459437362112,0.2621484536495483
1.7217020821967413,2.4729510019565093,0.00767944870877505,0.02129301687433082,0.0010471975511965976,0.0008726646259971648,-0.02082284292678035,24.6006484975107,-0.5123294888166129,-2.9181905093345195,0.26267205242514663
2.0075819191629645,5.7935146681372665,0.00767944870877505,0.0066322511575784525,0.0010471975511965976,0.010471975511965976,-0.021261868846931545,24.624307340730702,-0.5236377019566605,-2.9150489166809295,0.27296949501191314
2.633816014912438,4.410076252297954,0.007853981633974483,0.018500490071139894,0.0012217304763960308,-0.016580627893946133,-0.02074971406351487,24.63897981633691,-0.5113251719044203,-2.912779988653337,0.27977627909469105
2.494813528454528,8.514045183830781,0.008028514559173916,0.02757620218151041,0.0008726646259971648,-0.025656340004316644,-0.020754374149019737,24.667782087335123,-0.5120379000706357,-2.909289330149348,0.2916445180082525
2.9359809842094657,4.815023899192659,0.00820304748437335,-0.007330382858376184,0.0006981317007977319,-0.02757620218151041,-0.021128241039693893,24.68803624563451,-0.521692411182396,-2.907020402121755,0.28745572780346607
2.5827693127304623,-0.04517315018342275,0.008377580409572781,0.016231562043547264,0.0005235987755982988,-0.019722220547535925,-0.0220232306281285,24.721974765911803,-0.5445457937207178,-2.9035297436177667,0.28955012290585924
2.20403455021924,10.194937923852475,0.008552113334772215,0.006457718232379019,0.00034906585039886593,-0.01937315469713706,-0.022097414287682242,24.735081634539213,-0.5466703281415565,-2.9010862826649744,0.29914943379182807
2.2773605532706442,7.890000000000001,0.008552113334772215,0.028448866807507574,0.0,-0.0307177948351002,-0.021515049148558316,24.7692067812324,-0.5329929441457237,-2.8974210912357865,0.3129375348825833
3.1865692053180057,-1.318268613286062,0.008726646259971648,0.019547687622336492,-0.00017453292519943296,-0.05131268000863329,-0.021771958673894067,24.782347961402696,-0.5396455256165013,-2.894803097357795,0.2935643801854462
3.018119097966419,4.147660418048717,0.00890117918517108,0.0153588974175501,-0.0008726646259971648,-0.059341194567807204,-0.02247511794765631,24.81945486384218,-0.5579141185169134,-2.891137905928607,0.31468286413457763
2.704778569264614,5.209976939620104,0.00890117918517108,-0.02199114857512855,-0.0010471975511965976,-0.031241393610698498,-0.02226563706898185,24.84485716411285,-0.5532780064443507,-2.8886944449758145,0.3152064629101759
3.0962526038779266,4.085804476778937,0.008726646259971648,-0.0066322511575784525,-0.0013962634015954637,-0.02199114857512855,-0.023457205496168147,24.870215486140847,-0.5834927797693508,-2.8848547206214272,0.3063052837250049
3.2523252853244675,12.617634218004907,0.008726646259971648,0.01884955592153876,-0.0015707963267948964,-0.021467549799530253,-0.023432749702065544,24.896393849116876,-0.5834977677875737,-2.882236726743436,0.3323106895797203
3.310125461662866,11.692043176123022,0.008726646259971648,-0.009075712110370514,-0.0017453292519943296,-0.03874630939427412,-0.022862279363966127,24.934570489752907,-0.5701604577004764,-2.8782224694638487,0.3415609346152903
2.753966708868325,5.600564427297227,0.008726646259971648,-0.0054105206811824215,-0.0020943951023931952,-0.03490658503988659,-0.023241160333088547,24.95841157062904,-0.5801669080823741,-2.8756044755858574,0.33161255787892263
2.875689795816988,8.775019328913036,0.008377580409572781,-0.027401669256310976,-0.0024434609527920616,-0.030368728984701335,-0.023758769163167565,24.97970654388034,-0.5935987771133341,-2.8715902183062703,0.33859387488689996
2.900511504973263,11.249336166904355,0.008028514559173916,-0.05672320068981571,-0.002617993877991494,-0.014311699866353503,-0.024535160434034295,25.000903112574754,-0.6135242823789951,-2.868972224428279,0.34330626386728463
2.6030917418475976,2.039763187887209,0.007504915783575617,-0.03735004599267865,-0.0027925268031909274,-0.019198621771937627,-0.025162916875722714,25.03237441749452,-0.6300205328172057,-2.864957967148692,0.3267256359733385
2.376802040074199,15.001179158111142,0.007155849933176752,-0.033335788713091695,-0.0029670597283903604,-0.010821041362364843,-0.024963925123260303,25.06195013234153,-0.6257746456913563,-2.862165440345501,0.35657076618244155
2.609201749666822,15.309182584691904,0.006806784082777886,-0.031066860685499065,-0.0033161255787892262,-0.018500490071139894,-0.024423171512728877,25.083195743485664,-0.6127330265500411,-2.8579766501407144,0.3560471674068433
2.6342442368735064,7.430988362205064,0.006457718232379019,-0.06021385919380437,-0.003490658503988659,-0.01832595714594046,-0.025290483256984495,25.095208853439846,-0.634805307409206,-2.8551841233375237,0.34470252726888007
2.560583366442885,1.3849261457938533,0.005759586531581287,-0.05951572749300664,-0.003665191429188092,-0.010297442586766544,-0.026436203121813467,25.13414887612782,-0.6646062972930581,-2.851169866057937,0.32637657012293964
2.5739997512097634,9.889866284485404,0.005235987755982988,-0.0471238898038469,-0.003665191429188092,-0.01832595714594046,-0.02567142783987586,25.14838214152545,-0.6457367352846243,-2.8483773392547462,0.3506366467256608
2.767576075118731,8.799571405917677,0.00471238898038469,-0.07138396640656808,-0.003839724354387525,-0.020245819323134222,-0.026030500596348122,25.1745692491926,-0.6554546890588009,-2.8441885490499597,0.34487706019407954
2.6105213467451014,5.879297007752157,0.0041887902047863905,-0.05619960191421741,-0.004014257279586958,-0.0024434609527920616,-0.02576509784408934,25.196193525409903,-0.6493260807729582,-2.841396022246769,0.34243359924128747
2.699629169204758,13.047178635545137,0.003490658503988659,-0.06824237375297829,-0.004014257279586958,0.01064650843716541,-0.025964465352381384,25.22305632113162,-0.6550503800409897,-2.8373817649671813,0.3460987906704756
2.734382867000258,3.2586371300942134,0.0029670597283903604,-0.04520402762665313,-0.003839724354387525,0.012042771838760876,-0.026091462078826306,25.242126571306557,-0.6587534803133812,-2.8345892381639906,0.3319616237293215
2.4321832882496466,5.843314142683549,0.0024434609527920616,-0.054279739737023644,-0.003665191429188092,0.02199114857512855,-0.026795544632354104,25.276153765596067,-0.6774504508700617,-2.830574980884404,0.3378957431861022
3.1160082166971717,14.84919627686218,0.0019198621771937625,-0.05235987755982989,-0.003490658503988659,0.011519173063162575,-0.026932897527855052,25.295587274596187,-0.6814482378033015,-2.827782454081213,0.35395277230445005
2.938749029352276,16.220979332168397,0.0012217304763960308,-0.07103490055616922,-0.0033161255787892262,-0.0013962634015954637,-0.026291631950659002,25.320388620872293,-0.6658677725512769,-2.8237681968016255,0.34749505407207104
2.7093800825511254,1.234562103070361,0.0006981317007977319,-0.06719517620178168,-0.0033161255787892262,0.016580627893946133,-0.02606188068750312,25.343489531959264,-0.6606485827616494,-2.8209756699984347,0.33440508468211355
3.017596427581214,9.640903107677554,-0.00017453292519943296,-0.07016223593017205,-0.0029670597283903604,0.020594885173533087,-0.02717502949878181,25.375342080414356,-0.6897454661928368,-2.816961412718848,0.33283428835531864
2.395426140834903,19.554470129265614,-0.0005235987755982988,-0.05061454830783556,-0.0027925268031909274,0.018675022996339326,-0.028027106515958203,25.398879342002687,-0.7120435476424265,-2.8143434188408563,0.3534291735288517
2.5255941594972655,18.600933373756664,-0.0012217304763960308,-0.06667157742618339,-0.002617993877991494,0.006981317007977318,-0.02672388350337335,25.42212359422701,-0.6795396450682346,-2.8101546286360697,0.346273323595675
2.4665748064028965,10.845174932170966,-0.0017453292519943296,-0.05567600313861911,-0.002617993877991494,0.015533430342749533,-0.027467704475405502,25.436467489662622,-0.6988571374423531,-2.807536634758079,0.3361504139341079
2.7567879392103696,5.015781800796545,-0.0022689280275926286,-0.039968039870670144,-0.0024434609527920616,-0.0010471975511965976,-0.027565510162370462,25.466590853850317,-0.7021774295532511,-2.803696910403691,0.3204424506661589
2.2437286277777373,7.496293748463147,-0.0024434609527920616,-0.04468042885105484,-0.0024434609527920616,-0.0005235987755982988,-0.027942568269106238,25.48469304034493,-0.7122931678581479,-2.8010789165256997,0.31468286413457763
2.3069745254130374,7.235708094582824,-0.003141592653589793,-0.04450589592585541,-0.0024434609527920616,-0.0019198621771937625,-0.027188126292465475,25.512699300868018,-0.6938134533750013,-2.797239192171312,0.32079151651655774
2.9370734820450695,9.866396396758129,-0.0033161255787892262,-0.03717551306747922,-0.0024434609527920616,-0.008028514559173916,-0.027946148219341424,25.527642203071547,-0.713585049300121,-2.7946211982933207,0.3127630019573839
2.542923239030146,8.820337811996778,-0.003490658503988659,-0.008028514559173916,-0.002617993877991494,0.003490658503988659,-0.02715626348217397,25.566047190952908,-0.6944490321822882,-2.7909560068641324,0.31607912753617307
2.4734025346202597,8.251883620519065,-0.003665191429188092,-0.00820304748437335,-0.002617993877991494,-0.0008726646259971648,-0.027921824978352758,25.581524337909027,-0.714468528190784,-2.7883380129861406,0.30019663134302466
2.963646206628,13.089217448656079,-0.003839724354387525,-0.012566370614359171,-0.0027925268031909274,-0.009948376736367679,-0.026897925320252966,25.601865777904898,-0.68880319776683,-2.784672821556953,0.31171580440618724
2.8431849812367425,-0.7774360215228067,-0.004014257279586958,-0.008377580409572781,-0.0027925268031909274,0.004537856055185257,-0.026758146323202035,25.624667634692848,-0.6858322988079233,-2.782229360604161,0.290248254606657
2.8922882998857884,8.484188942681,-0.004014257279586958,-0.022165681500327987,-0.002617993877991494,0.020420352248333655,-0.02743028213700556,25.65998203648791,-0.704037133044634,-2.7787387021001724,0.2970550386894349
2.7128528886148717,1.4344718638875427,-0.0041887902047863905,0.012391837689159739,-0.002617993877991494,0.006108652381980154,-0.026804887712464014,25.677329567799227,-0.6884428262362822,-2.77629524114738,0.28955012290585924
2.996572212617284,9.764289560755103,-0.004014257279586958,0.010995574287564275,-0.0024434609527920616,0.009773843811168246,-0.0266283389094856,25.710751128447903,-0.6847964581679153,-2.7728045826433916,0.3066543495754037
3.1769429436643635,9.352323568299797,-0.004014257279586958,-0.013788101090755204,-0.0024434609527920616,0.011693705988362009,-0.027241643930535287,25.72725956310172,-0.7010262651109508,-2.7703611216905992,0.30700341542580256
3.0119621663754756,12.650212300574504,-0.004363323129985824,-0.023387411976724018,-0.0022689280275926286,0.015184364492350668,-0.026889121137917547,25.764819879163262,-0.6929603800664055,-2.7666959302614114,0.3097959422289935
2.5511918564730567,3.374988952700279,-0.004363323129985824,0.006806784082777886,-0.0022689280275926286,0.012391837689159739,-0.026782040828079806,25.788753682854203,-0.6908406368019754,-2.764252469308619,0.30246555937061737
2.3374323782754773,9.229527211527879,-0.0041887902047863905,0.003490658503988659,-0.0019198621771937625,0.023212879051524585,-0.02717483960883903,25.819525505053925,-0.7018142295795033,-2.760587277879431,0.3061307507998054
2.9283303815475334,11.466685353118791,-0.004363323129985824,-0.009075712110370514,-0.0017453292519943296,0.028623399732707007,-0.02748072041537531,25.830816488395904,-0.7100281904128162,-2.75796928400144,0.31730085801256913
2.7767881720189975,0.7314973361194685,-0.004537856055185257,-0.009773843811168246,-0.0015707963267948964,0.006457718232379019,-0.027523973140120537,25.865756674728054,-0.7121082247750594,-2.7543040925722515,0.30682888250060314
2.2621139214432593,8.198283195844851,-0.004537856055185257,-0.03508111796508603,-0.0012217304763960308,0.052708943410228755,-0.027475440667754734,25.881252029015442,-0.7112777947030373,-2.7516860986942597,0.31485739705977706
2.4204325752465743,2.7927960755670114,-0.004886921905584123,-0.039793506945470715,-0.0006981317007977319,0.056548667764616284,-0.02757062780634789,25.907557154738257,-0.7144686568129929,-2.7478463743398724,0.3164281933865719
2.123585697761965,6.680586328883474,-0.004886921905584123,0.012915436464758038,-0.00017453292519943296,0.05131268000863329,-0.027530613622975333,25.923153347470336,-0.7138606810692295,-2.7452283804618807,0.3249803067213442
2.3897819586886704,13.357849550888023,-0.004886921905584123,-0.009773843811168246,0.00017453292519943296,0.030892327760299633,-0.027454389853106748,25.953743725130213,-0.7127232775607223,-2.741214123182294,0.33737214441050395
2.403459092974919,6.80472170956023,-0.005061454830783556,-0.03420845333908886,0.00034906585039886593,0.027925268031909273,-0.027781190068672405,25.966118823522415,-0.7215553227490177,-2.7385961293043026,0.3340560188317147
2.355469027928493,4.694434745435171,-0.005585053606381855,-0.034732052114687155,0.0006981317007977319,0.03508111796508603,-0.028576037870810908,25.99865194016327,-0.7431407538663054,-2.7345818720247155,0.32916909692613056
2.3155359774106707,6.000100689598945,-0.005759586531581287,-0.019198621771937627,0.0010471975511965976,0.0466002910282486,-0.028227777133621502,26.009957039826528,-0.7343983389484641,-2.7317893452215247,0.34243359924128747
2.5009814172040103,10.433801931495449,-0.005934119456780721,-0.02530727415391778,0.0015707963267948964,0.040491638646268445,-0.028536345013336347,26.03786386051272,-0.7432272198234365,-2.7277750879419376,0.3440043955680824
2.3235738022094568,11.066752041650789,-0.006108652381980154,-0.033335788713091695,0.0017453292519943296,0.0024434609527920616,-0.029051533105277673,26.050651239925063,-0.7570243429509435,-2.724982561138747,0.3467969223712733
2.5241411660964084,3.6774540130269804,-0.006457718232379019,-0.031415926535897934,0.0019198621771937625,0.025830872929516076,-0.029901378375627303,26.074975348950538,-0.7799101551549434,-2.7207937709339607,0.33545228223331014
2.276895783235284,14.822134032362444,-0.0066322511575784525,-0.007330382858376184,0.0022689280275926286,0.05951572749300664,-0.030394812231553086,26.097513709652844,-0.7934733926717763,-2.718175777055969,0.3501130479500625
2.2510147271356886,8.87625132016702,-0.0066322511575784525,0.01710422666954443,0.0027925268031909274,0.047472955654245766,-0.0299018430596171,26.116093387203133,-0.7811521543181836,-2.7139869868511823,0.3452261260444784
2.497717760904606,12.273243339856656,-0.0066322511575784525,-0.003839724354387525,0.0029670597283903604,0.020943951023931952,-0.03043011224332798,26.129954797903544,-0.7953829785908196,-2.7111944600479916,0.3553490357060455
2.083592055020817,10.134909101654324,-0.0066322511575784525,-0.015707963267948967,0.003141592653589793,0.0010471975511965976,-0.03009798622686248,26.158909293380372,-0.7875683224197481,-2.707005669843205,0.35709436495803987
1.8154853741129413,8.361034278745562,-0.006806784082777886,-0.02949606435870417,0.003141592653589793,0.02495820830351891,-0.03113558703060939,26.17780584252106,-0.8153248344751313,-2.7042131430400143,0.34033920413889424
2.1068569423390624,11.692997622679,-0.007155849933176752,-0.0317649923862968,0.0033161255787892262,0.022514747350726852,-0.03101627030622325,26.19416689502391,-0.812705987742483,-2.700024352835228,0.3504621138004614
2.8241075039256565,12.662138692260648,-0.007330382858376184,0.0013962634015954637,0.003665191429188092,0.00820304748437335,-0.03153720482896697,26.21761534236247,-0.8271045347872785,-2.6974063589572363,0.3511602455012591
2.3833834083490864,11.18676676399545,-0.007330382858376184,0.02199114857512855,0.003665191429188092,-0.00017453292519943296,-0.03108076179507836,26.238612619780962,-0.8157787700914071,-2.6932175687524498,0.35325464060365236
2.5461305070753766,13.98443289095451,-0.007330382858376184,-0.0,0.003490658503988659,-0.0164060949687467,-0.0317856489422806,26.262612492975173,-0.8350554264339233,-2.690425041949259,0.36529741244241315
2.139863713494955,7.996650263990822,-0.007330382858376184,-0.00767944870877505,0.003490658503988659,-0.005585053606381855,-0.0318636677134038,26.28009758092056,-0.8376638074740231,-2.6860617188192735,0.3490658503988659
2.510256942553001,10.162971859622244,-0.007504915783575617,-0.020594885173533087,0.003490658503988659,0.012391837689159739,-0.03242100314591423,26.295334607746327,-0.8528199527618051,-2.6832691920160823,0.34976398209966364
2.73180867613275,13.158661635810965,-0.007853981633974483,-0.02234021442552742,0.003490658503988659,0.012740903539558606,-0.03214761305546645,26.327159317597683,-0.8466470118425733,-2.6790804018112957,0.35936329298563247
2.2894998830357487,6.7526563218886375,-0.008028514559173916,-0.017278759594743863,0.0033161255787892262,-0.02181661564992912,-0.03238419920278994,26.3379512309571,-0.8532317518326414,-2.6761133420829055,0.3558726344816438
2.0801156403880925,8.777586162342796,-0.008377580409572781,-0.04136430327226561,0.003141592653589793,-0.01815142422074103,-0.03246990136435977,26.366330984178482,-0.8564131581118061,-2.671924551878119,0.36145768808802564
2.4234216196580847,12.654094172731789,-0.008726646259971648,-0.03490658503988659,0.003141592653589793,0.017278759594743863,-0.033217364979845704,26.38216897373053,-0.8766685962435509,-2.668957492149729,0.3654719453676126
2.2929915357873454,3.90958425659469,-0.009250245035569947,-0.029845130209103034,0.0033161255787892262,0.031066860685499065,-0.033821800445170976,26.414868422038875,-0.8937392215383916,-2.6647687019449426,0.3466223894460738
2.885225627325201,12.102645331091328,-0.00942477796076938,-0.029670597283903602,0.0033161255787892262,0.007504915783575617,-0.03322758605703297,26.426980498578587,-0.8784280752948458,-2.661801642216552,0.37210419652519106
2.3591793245139367,7.312483747401701,-0.009599310885968814,-0.008377580409572781,0.0033161255787892262,0.008028514559173916,-0.03351709658149576,26.456247089840225,-0.8870687902146738,-2.657438319086566,0.36163222101322506
2.0430875731655416,11.926067816859504,-0.009948376736367679,-0.03595378259108319,0.003490658503988659,0.032114058236695664,-0.03428052361433718,26.473036244937983,-0.9078651992327232,-2.654471259358176,0.36320301734002
2.261748108091857,4.273203667182409,-0.010471975511965976,-0.05044001538263613,0.004014257279586958,0.034732052114687155,-0.0345815827435083,26.489894296868158,-0.9164278149789604,-2.6502824691533893,0.3492403833240654
2.700956704503925,4.469926983699873,-0.010995574287564275,-0.03438298626428829,0.0041887902047863905,0.03595378259108319,-0.03400393476891927,26.503315570537353,-0.9015645238858406,-2.647315409424999,0.3518583772020568
2.3835130049451743,10.814662563268417,-0.01117010721276371,-0.01832595714594046,0.004537856055185257,0.03560471674068432,-0.034658045694636104,26.52911694362562,-0.9198156648663063,-2.6429520862950135,0.35918876006043304
1.8389971708704203,8.009354914893372,-0.011344640137963142,-0.024434609527920616,0.004886921905584123,0.03246312408709453,-0.03442041372354504,26.54742350499003,-0.9141343402743094,-2.6401595594918223,0.35726889788323923
2.278978724771352,10.94969282119438,-0.011693705988362009,-0.003141592653589793,0.005235987755982988,0.03717551306747922,-0.03424683889774526,26.574743447851894,-0.9104569273556719,-2.635796236361837,0.3694862026471996
1.97689841592887,15.305867533621358,-0.011868238913561441,-0.031241393610698498,0.0054105206811824215,0.03630284844148206,-0.035022687733757794,26.579277061050995,-0.9312585088783037,-2.6330037095586456,0.3701843343479973
1.88237275435658,16.17767066478186,-0.012217304763960308,-0.04276056667386108,0.005759586531581287,0.023736477827122883,-0.03501948480425799,26.60347525511185,-0.9320210277000929,-2.628814919353859,0.3584906283596353
2.267822422171169,7.326206320393313,-0.012566370614359171,-0.006981317007977318,0.005759586531581287,0.010471975511965976,-0.035307771556796125,26.61750314357666,-0.9401954475668635,-2.6258478596254693,0.3494149162492648
2.3411774710014566,6.237346741940624,-0.012740903539558606,-0.018500490071139894,0.005759586531581287,-0.003839724354387525,-0.03564955714752818,26.63692988339986,-0.949997235836769,-2.6216590694206827,0.3529055747532534
2.2089528778703467,14.55517888567413,-0.012915436464758038,-0.028623399732707007,0.005759586531581287,0.023387411976724018,-0.0357696497387127,26.65212977467472,-0.9537441431846596,-2.6188665426174915,0.3604104905368291
2.1106348084394493,14.04474099644509,-0.013264502315156905,-0.013439035240356337,0.005934119456780721,0.01832595714594046,-0.034951812992439754,26.669407065194104,-0.9325238921069053,-2.614503219487506,0.3673918075448064
2.345372834417287,12.299807254570306,-0.013264502315156905,-0.005585053606381855,0.006108652381980154,0.005235987755982988,-0.03642456262256747,26.686782056644812,-0.972484483123922,-2.6117106926843148,0.34766958699727046
2.262915135534239,6.745390915640336,-0.013439035240356337,-0.015533430342749533,0.006283185307179586,0.021467549799530253,-0.03594971127625177,26.70961349559271,-0.9606167569783517,-2.6075219024795286,0.35255650890285456
1.6036467888947634,8.109718310733642,-0.013613568165555772,-0.003490658503988659,0.006457718232379019,0.03822271061867582,-0.03608565345880195,26.725394404069714,-0.9648221462704799,-2.6047293756763374,0.3485422516232676
1.8123031816268569,8.412342715401357,-0.013788101090755204,-0.022689280275926284,0.006806784082777886,0.03647738136668149,-0.03627797980508147,26.7385636900982,-0.9704468433081428,-2.600540585471551,0.3469714552964727
2.2659684621723244,7.4594562095972154,-0.013962634015954637,-0.010297442586766544,0.006806784082777886,0.010297442586766544,-0.03659520605532758,26.754778687639785,-0.9795339450096413,-2.5975735257431607,0.34348079679248406
2.5273086115729586,11.097107282729992,-0.014137166941154071,-0.018500490071139894,0.006806784082777886,0.007853981633974483,-0.03629548601279752,26.773896597868053,-0.9721985395435729,-2.5935592684635735,0.34889131747366653
1.647472185097781,1.0510279906994189,-0.014137166941154071,0.009075712110370514,0.006806784082777886,0.032637657012293965,-0.03611290721486697,26.786791899154334,-0.9677696700658879,-2.5905922087351834,0.3389429407372988
1.7182965518352387,7.773285273188799,-0.014137166941154071,-0.004886921905584123,0.007155849933176752,0.018675022996339326,-0.036830365747660576,26.804729436583575,-0.9876746148918369,-2.586403418530397,0.34749505407207104
1.2483961612229346,12.222954782378313,-0.014137166941154071,-0.019198621771937627,0.007155849933176752,0.023736477827122883,-0.03680287501901296,26.81347943774185,-0.9872589042960868,-2.583610891727206,0.35499996985564664
1.9526240969952449,3.387404912055535,-0.014486232791552936,-0.013439035240356337,0.007155849933176752,-0.009948376736367679,-0.03701918960862931,26.82891158812071,-0.9936385073748748,-2.5794221015224195,0.3452261260444784
2.1124279103566117,8.716448879229578,-0.014660765716752368,0.014486232791552936,0.007330382858376184,0.03944444109507185,-0.036674392370522474,26.843922657972666,-0.9849261707856847,-2.5766295747192287,0.35098571257605965
1.721933975561148,10.654312629118946,-0.014486232791552936,0.005061454830783556,0.007504915783575617,0.033510321638291124,-0.036579976443300785,26.86460160751334,-0.9831450468024905,-2.5724407845144426,0.35622170033204265
2.0100707579217274,12.728983048981076,-0.014660765716752368,0.00767944870877505,0.00767944870877505,0.02600540585471551,-0.037567260757270515,26.872072208981816,-1.0099853189231838,-2.569473724786052,0.3597123588360313
1.8432422257597563,13.3860780029116,-0.014660765716752368,0.006806784082777886,0.007853981633974483,0.0066322511575784525,-0.036972792373409474,26.890631794445323,-0.9946750235024867,-2.5652849345812654,0.35761796373363813
1.3395378266233215,7.116878718045928,-0.014660765716752368,-0.01884955592153876,0.008028514559173916,0.0291469985083053,-0.036961220785359426,26.901388302600342,-0.9947611853903832,-2.5624924077780746,0.35499996985564664
1.3233897042255902,9.925672893449038,-0.015009831567151233,-0.01815142422074103,0.00820304748437335,0.023736477827122883,-0.037185257420145494,26.910374796103795,-1.0011306922166419,-2.5581290846480886,0.3675663404700058
1.0652140279705784,9.322856184277747,-0.015184364492350668,-0.008552113334772215,0.008377580409572781,0.03246312408709453,-0.037670758601652185,26.91515977474575,-1.01439436963515,-2.5551620249196985,0.35622170033204265
1.1826918700370808,8.768224018495607,-0.0153588974175501,-0.013264502315156905,0.008726646259971648,0.04258603374866164,-0.037724581677062816,26.925249875001672,-1.0162259124534079,-2.550973234714912,0.35901422713523357
0.7774091024849862,8.104434389873823,-0.015533430342749533,-0.030892327760299633,0.009075712110370514,0.05358160803622592,-0.037701105385870286,26.928384820385503,-1.0157111545129622,-2.5480061749865217,0.35657076618244155
0.43800822179305726,8.885854128938936,-0.015707963267948967,-0.020245819323134222,0.009599310885968814,0.05288347633542819,-0.038074352667954434,26.933338405022518,-1.0259652385453035,-2.543817384781735,0.35709436495803987
0.40504992227206,7.501622512808403,-0.0158824961931484,-0.013439035240356337,0.010122909661567111,0.04293509959906051,-0.03805301753893823,26.936712419369673,-1.0255182323815792,-2.540850325053345,0.3548254369304472
0.266128399486705,12.825547891148158,-0.016057029118347832,-0.01117010721276371,0.01064650843716541,0.05375614096142535,-0.03757922646103888,26.93710938764995,-1.0127525145534377,-2.5364870019233594,0.36459928074161546
0.44981493829322694,6.141220756132817,-0.016057029118347832,-0.0029670597283903604,0.010995574287564275,0.04991641660703782,-0.03789698530646567,26.94397902055876,-1.0215846842113228,-2.5336944751201687,0.34993851502486306
0.3601458616606238,12.021865616816761,-0.016231562043547264,-0.013089969389957472,0.011519173063162575,0.0603883921190038,-0.03787258332092653,26.934177477825706,-1.0205548657339238,-2.529505684915382,0.36459928074161546
0.03135664864803694,9.785284042802402,-0.0164060949687467,-0.02303834612632515,0.011868238913561441,0.060039326268604934,-0.03850312577274385,26.935530478664067,-1.0376149199470408,-2.526713158112191,0.3520329101272563
0.34628281451663495,11.23113361343588,-0.016580627893946133,-0.008377580409572781,0.012391837689159739,0.027925268031909273,-0.038678921630443494,26.93444312202469,-1.0423150547914586,-2.5225243679074043,0.3480186528476693
0.06314809774319238,5.541557995688918,-0.016580627893946133,0.0006981317007977319,0.012566370614359171,0.006806784082777886,-0.03828207841233726,26.931566423605958,-1.031500280747158,-2.5197318411042136,0.3375466773357033
-0.25821966423546255,5.822196240051427,-0.016580627893946133,0.007155849933176752,0.012391837689159739,-0.009773843811168246,-0.03928094473152698,26.927343137653295,-1.0582758374910863,-2.515543050899427,0.3364994797845068
-0.242127450907359,13.67756189776212,-0.016580627893946133,0.00017453292519943296,0.012391837689159739,-0.009250245035569947,-0.039222702306994955,26.927577680772988,-1.0567143090815807,-2.5129250570214356,0.34365532971768353
0.21017935987367842,7.1116962512558395,-0.016580627893946133,0.014486232791552936,0.012042771838760876,-0.025132741228718343,-0.03901519239591738,26.92005241997728,-1.0508242616478278,-2.508910799741849,0.32655110304813906
-0.17402718339665654,8.703751705860364,-0.016580627893946133,0.006283185307179586,0.011693705988362009,-0.028448866807507574,-0.039130781707635766,26.920600708229962,-1.0539621533085166,-2.5061182729386577,0.3267256359733385
0.32512509317002164,11.322886615179188,-0.0164060949687467,0.006108652381980154,0.011344640137963142,-0.0322885911618951,-0.03874545461105421,26.914232198973714,-1.0433262983601563,-2.5022785485842705,0.3234095103945493
0.38746552037177057,13.656785090414283,-0.0164060949687467,0.029321531433504737,0.010821041362364843,-0.046774823953448036,-0.038686790668249454,26.914967328366593,-1.0417734883421688,-2.4996605547062787,0.33423055175691413
0.3349664276235587,7.674352344401368,-0.016057029118347832,0.03892084231947355,0.010297442586766544,-0.04380776422505767,-0.038474030759018084,26.908735312653107,-1.0357986412205311,-2.495646297426692,0.3220132469929538
0.2834835361997403,6.446169377121522,-0.016057029118347832,0.007504915783575617,0.009948376736367679,-0.024260076602721184,-0.03810976494030699,26.91681703029524,-1.0262904638285058,-2.4930283035487,0.31974431896536115
0.5316042434408113,7.926749848745795,-0.0158824961931484,0.01937315469713706,0.009773843811168246,0.014486232791552936,-0.037721135052573865,26.911553960759967,-1.0156161084419766,-2.489188579194313,0.3314380249537232
-0.06309853466918873,11.78865205372963,-0.0158824961931484,-0.020594885173533087,0.009773843811168246,0.008552113334772215,-0.03817968071715817,26.915787813147155,-1.0281358005907086,-2.486570585316321,0.33265975543011916
0.07670807658307473,12.506017171627779,-0.016231562043547264,-0.018675022996339326,0.009948376736367679,0.0019198621771937625,-0.03778887946602511,26.911844783635015,-1.0174528121884139,-2.482730860961934,0.3323106895797203
0.28006921110131905,7.203298079605397,-0.016231562043547264,-0.020071286397934793,0.009948376736367679,0.0054105206811824215,-0.037689015551236264,26.90582893471253,-1.0145346198908225,-2.479938334158743,0.3310889591033243
0.32924375394067484,12.604167149465958,-0.016580627893946133,-0.027925268031909273,0.009948376736367679,0.00890117918517108,-0.037169522776562436,26.90870097388602,-1.0006444374397352,-2.475924076879156,0.3469714552964727
0.2511407960888973,6.562824644161715,-0.016929693744344994,-0.041189770347066175,0.009773843811168246,-0.0033161255787892262,-0.03750494495519687,26.919750516049987,-1.0100974137736034,-2.473131550075965,0.34068826998929314
0.28657496697249185,8.208469116082405,-0.017453292519943295,-0.05637413483941684,0.009773843811168246,0.016929693744344994,-0.038105392414351215,26.912453500555387,-1.0260062437297297,-2.469117292796378,0.33510321638291124
0.31005377043660404,15.500961944469442,-0.01780235837034216,-0.04729842272904633,0.009773843811168246,0.012740903539558606,-0.03834759477024833,26.90949422717386,-1.0324205009174259,-2.4664992989183863,0.34487706019407954
0.12411738190492655,3.3112506757610234,-0.01832595714594046,-0.03944444109507185,0.009948376736367679,0.015707963267948967,-0.03830265853880873,26.907146397567615,-1.03111953968884,-2.4623105087136,0.3331833542057175
0.05448769900898084,10.819088367451325,-0.018675022996339326,-0.031066860685499065,0.009948376736367679,0.006981317007977318,-0.03802389854742045,26.903131862716855,-1.0234552470557694,-2.459692514835609,0.3361504139341079
0.47456625148406856,10.839484020333902,-0.01884955592153876,-0.015184364492350668,0.010122909661567111,0.01710422666954443,-0.03780286061285802,26.9018109046093,-1.017450118531491,-2.455678257556022,0.33283428835531864
0.03817312442437914,13.54935949271677,-0.019024088846738195,-0.005934119456780721,0.010297442586766544,0.031939525311496235,-0.03826745122857495,26.907829970158282,-1.0301969928951191,-2.4530602636780303,0.3279473664497345
0.552882935556777,11.203091256744049,-0.019198621771937627,-0.015707963267948967,0.010471975511965976,0.013089969389957472,-0.037820450028568486,26.89974017510699,-1.0178456295542173,-2.449046006398443,0.32812189937493397
0.5523677887599953,14.924519282713268,-0.019198621771937627,0.016057029118347832,0.01064650843716541,0.027401669256310976,-0.03840716637771326,26.899170207168016,-1.0336291946250293,-2.4466025454456513,0.32288591161895097
-0.01817559667785902,10.301389968799365,-0.019198621771937627,0.010821041362364843,0.010995574287564275,0.026703537555513242,-0.037836129929181506,26.899680455967037,-1.018265758329019,-2.442937354016463,0.31241393610698504
0.01316917888441142,9.95417271570205,-0.019024088846738195,0.01064650843716541,0.010995574287564275,-0.006108652381980154,-0.03790052096098271,26.899008154422425,-1.0199748499457242,-2.440493893063671,0.31154127148098787
0.3412865170145954,8.975932756109504,-0.019024088846738195,0.019896753472735357,0.010821041362364843,-0.0008726646259971648,-0.03785162549555502,26.90102093003494,-1.0187339450125996,-2.436828701634483,0.29949849964222697
0.4009660501105424,3.802994031725221,-0.01884955592153876,0.028099800957108706,0.010821041362364843,-0.0019198621771937625,-0.03791681154818149,26.900170369956918,-1.020457769549039,-2.434385240681691,0.28256880589788197
0.5257799869766498,8.967510538205449,-0.018500490071139894,0.03560471674068432,0.01064650843716541,-0.025656340004316644,-0.037636828812004405,26.89544369949482,-1.0127374467949908,-2.430720049252503,0.3029891581462156
0.27057890074209096,10.526074174225862,-0.01815142422074103,0.02757620218151041,0.010297442586766544,-0.02495820830351891,-0.038048934264779906,26.89641008044438,-1.0238738815126738,-2.4284511212249105,0.29740410453983374
0.24768489680068423,3.1412154205432605,-0.017976891295541596,0.014660765716752368,0.009773843811168246,-0.040317105721069016,-0.03800028661720569,26.900178196788467,-1.0227067992268881,-2.424785929795722,0.29007372168145756
0.12540584458780143,10.038602191598585,-0.01780235837034216,0.031241393610698498,0.00942477796076938,-0.013264502315156905,-0.03765615385783456,26.893295555305063,-1.013177010697891,-2.4225170017681297,0.2986258350162298
0.39054222287977347,13.309624155417621,-0.017453292519943295,0.013613568165555772,0.009075712110370514,-0.027401669256310976,-0.03656317103715974,26.895219054533978,-0.9838129419697429,-2.4188518103389414,0.3127630019573839
0.5609001068472783,3.735106095350028,-0.017453292519943295,0.039968039870670144,0.00890117918517108,-0.013439035240356337,-0.03686346326620603,26.903445967819074,-0.9922036730173505,-2.4164083493861495,0.2946115777366428
0.6616781255526565,4.266120897812199,-0.01710422666954443,0.04153883619746504,0.008726646259971648,-0.006457718232379019,-0.037105100892965905,26.900835310807317,-0.9986165449788297,-2.412743157956961,0.29949849964222697
0.7660375661863951,9.55347604088212,-0.016929693744344994,0.024434609527920616,0.008726646259971648,0.0022689280275926286,-0.03693130318719479,26.895357145394343,-0.9937324210407819,-2.410299697004169,0.30682888250060314
0.11656238365680553,2.563480402598612,-0.016929693744344994,0.0033161255787892262,0.008726646259971648,0.013962634015954637,-0.03717093137018874,26.89379261227257,-1.0001279802310123,-2.4066345055749814,0.29792770331543206
0.30275112426384926,10.470929322957423,-0.016929693744344994,-0.0008726646259971648,0.00890117918517108,0.020594885173533087,-0.03636321113925545,26.89358152268258,-0.9783682478262873,-2.4040165116969896,0.3234095103945493
0.32034543147473665,5.753681485600371,-0.01710422666954443,-0.020071286397934793,0.009075712110370514,0.020420352248333655,-0.0364927571608617,26.90007220606831,-0.982093799754441,-2.4001767873426023,0.31782445678816745
0.5591923685621267,6.808138125985839,-0.017278759594743863,-0.028099800957108706,0.009250245035569947,0.012217304763960308,-0.03649150604025775,26.894478283219357,-0.9818558783356183,-2.3975587934646105,0.3211405823669567
-0.08747151114943198,6.033728401674412,-0.017627825445142728,-0.04380776422505767,0.009599310885968814,0.05131268000863329,-0.03655501339236425,26.893761157064258,-0.9835399296071007,-2.393544536185024,0.3267256359733385
0.4726213608722569,11.037039648679796,-0.017976891295541596,-0.03438298626428829,0.009948376736367679,0.04729842272904633,-0.036796175088444065,26.89521810256689,-0.9900880407230808,-2.390926542307032,0.3375466773357033
0.2857334047328277,11.97042847938682,-0.018500490071139894,-0.033510321638291124,0.010297442586766544,0.05044001538263613,-0.036509778706927114,26.894739464349918,-0.9823575073947352,-2.3867377521022455,0.3427826650916863
0.22224740620135347,5.560626580869114,-0.018675022996339326,-0.03368485456349056,0.010471975511965976,0.039269908169872414,-0.03622615657662618,26.89714617408614,-0.9748066902031488,-2.384119758224254,0.3431317309420852
0.5613032781004534,10.634021655686647,-0.019198621771937627,-0.04223696789826278,0.010995574287564275,0.045553093477052,-0.036464703801007754,26.8975342985326,-0.9812455721766385,-2.379930968019468,0.3478441199224699
-0.031213259824762012,8.73825880210175,-0.019722220547535925,-0.06998770300497262,0.01117010721276371,0.056548667764616284,-0.03691053263639702,26.88703958477475,-0.9928658823767724,-2.377138441216277,0.3420845333908886
-0.12176987247820974,9.059614431146755,-0.020594885173533087,-0.04450589592585541,0.011693705988362009,0.03822271061867582,-0.03662348812826754,26.887449479143665,-0.9851526813463722,-2.3729496510114907,0.34871678454846705
0.5301309616088574,1.9022065178911443,-0.020943951023931952,-0.044156830075456545,0.012042771838760876,0.05113814708343386,-0.036790598813637804,26.883789217366147,-0.9895171970388934,-2.3701571242083,0.3244567079457459
0.4538344519699526,6.952481226710741,-0.021642082724729686,-0.04939281783143953,0.012391837689159739,0.031241393610698498,-0.03660241391205381,26.879067890899684,-0.984278365728612,-2.3661428669287123,0.3485422516232676
0.10715509722859543,3.7443758194366445,-0.02199114857512855,-0.04921828490624009,0.012566370614359171,0.05619960191421741,-0.03596868008527271,26.882603553315292,-0.9673489709903447,-2.3633503401255216,0.34470252726888007
0.32445655959194675,17.979938705965363,-0.022514747350726852,-0.03508111796508603,0.013264502315156905,0.06841690667817772,-0.03655726651560469,26.885244447154694,-0.9832891192070596,-2.359336082845935,0.3492403833240654
0.4280630552398085,11.64153716665592,-0.022863813201125717,-0.026354471705114377,0.013788101090755204,0.06073745796940267,-0.037520122657820495,26.875733861187918,-1.0088542835286327,-2.356543556042744,0.34086280291449256
-0.12456813808634902,11.466538700197942,-0.02356194490192345,-0.05044001538263613,0.014311699866353503,0.0619591884457987,-0.03705680178725889,26.879626546914615,-0.9965291816316554,-2.3525292987631565,0.34033920413889424
0.41712279400020275,9.129791418481615,-0.023911010752322315,-0.0301941960595019,0.014660765716752368,0.04799655442984406,-0.037572873964363956,26.876779740412257,-1.0103133293051714,-2.3499113048851656,0.32759830059933565
0.009862797877983909,10.649695140413796,-0.024260076602721184,-0.014660765716752368,0.015184364492350668,0.041887902047863905,-0.03773256947683385,26.87367137530548,-1.0144941789178004,-2.346071580530778,0.32271137869375155
0.31979744217313927,8.689353334949582,-0.024260076602721184,-0.011344640137963142,0.015184364492350668,0.024609142453120045,-0.03797773609175274,26.878803150416132,-1.0212871434154924,-2.3434535866527866,0.3206169835913584
0.2508867215575937,13.846179932465045,-0.024434609527920616,0.004014257279586958,0.0153588974175501,0.013439035240356337,-0.037611506257953245,26.876541843281853,-1.0113441577571873,-2.339613862298399,0.3216641811425549
0.6677306331037003,0.9883849782656815,-0.024260076602721184,0.02181661564992912,0.0153588974175501,0.011868238913561441,-0.03742580833947183,26.875354139386396,-1.0063017362605913,-2.3371704013456065,0.29914943379182807
0.05676292860653541,9.650806113304107,-0.024260076602721184,0.0066322511575784525,0.0153588974175501,0.024260076602721184,-0.03766803777728147,26.881123733119907,-1.0130383565851215,-2.333505209916418,0.3104940739297912
0.5056329617055493,10.985968576047096,-0.024434609527920616,0.005061454830783556,0.015533430342749533,0.008552113334772215,-0.037748371490503994,26.87333060059565,-1.014906572670116,-2.3310617489636267,0.31328660073298215
0.22404651282453597,11.592409104964297,-0.024260076602721184,0.04258603374866164,0.015533430342749533,0.018500490071139894,-0.03720750671224603,26.87148824785679,-1.0002827186083636,-2.3273965575344384,0.3129375348825833
0.39572979594778235,13.183915092248581,-0.023911010752322315,0.041887902047863905,0.015533430342749533,0.0164060949687467,-0.03780837861440392,26.877377708831435,-1.0166745551927665,-2.3249530965816465,0.318871654339364
0.20025544676103624,15.167617221839812,-0.02356194490192345,0.025132741228718343,0.015533430342749533,0.010122909661567111,-0.03779130426857303,26.877673876018434,-1.0162261830926138,-2.321287905152458,0.30316369107141505
0.5054932230633323,6.054894461200829,-0.023387411976724018,0.015707963267948967,0.015533430342749533,0.019722220547535925,-0.03786772228792914,26.88479916819211,-1.0185530114661958,-2.3188444441996663,0.2960078411382383
0.5328776707674087,5.001347811448452,-0.023387411976724018,0.015184364492350668,0.015707963267948967,0.0041887902047863905,-0.037852920007110984,26.884710713842388,-1.018151134285908,-2.3151792527704784,0.3028146252210162
0.29443751320038847,3.8094356254172186,-0.023212879051524585,0.009948376736367679,0.015533430342749533,0.009250245035569947,-0.03740323068600207,26.878472516531765,-1.0058107954346387,-2.312735791817686,0.3029891581462156
1.075341047476333,10.321965968722449,-0.023212879051524585,0.023387411976724018,0.0153588974175501,-0.0164060949687467,-0.037567621492025645,26.892751079806377,-1.0107722479714703,-2.3088960674632983,0.31991885189056063
0.32134624462933015,4.734781159699423,-0.02303834612632515,0.00890117918517108,0.0153588974175501,-0.0029670597283903604,-0.037642515624331636,26.886551070759946,-1.0125557139203252,-2.3064526065105064,0.3141592653589793
-0.15162653779636467,6.342374472338499,-0.02303834612632515,-0.0054105206811824215,0.015184364492350668,0.010297442586766544,-0.03780194408651318,26.88822715852505,-1.016911690304228,-2.302612882156119,0.31904618726456346
0.05695703646008866,3.281689365376824,-0.02303834612632515,0.00942477796076938,0.0153588974175501,-0.003665191429188092,-0.03779189799130964,26.889444265655825,-1.0166872010477146,-2.2999948882781274,0.30543261909900765
0.4293163404677772,6.05175518496146,-0.023212879051524585,-0.006806784082777886,0.0153588974175501,-0.0020943951023931952,-0.03820973936926485,26.88379043834715,-1.0277228276191457,-2.29615516392374,0.3192207201897629
0.8277872315528698,11.070140308106994,-0.023212879051524585,0.01832595714594046,0.0153588974175501,0.007504915783575617,-0.03855062685788614,26.884731009927346,-1.0369369658173027,-2.293711702970948,0.3186971214141646
0.28050250453490044,10.374883861496796,-0.02303834612632515,0.010995574287564275,0.0153588974175501,0.0010471975511965976,-0.03783584590450012,26.888358336042536,-1.0178295206892032,-2.289697445691361,0.32690016889853796
0.3722243642087435,2.516296417127173,-0.02303834612632515,0.006981317007977318,0.015184364492350668,0.008726646259971648,-0.03755544771878357,26.884150505769583,-1.0101212490362046,-2.2870794518133692,0.32009338481576005
0.07453335619806087,4.739594809362719,-0.023212879051524585,-0.013264502315156905,0.015184364492350668,0.008552113334772215,-0.03876691999907358,26.88567930786435,-1.0427974289404618,-2.283239727458982,0.3129375348825833
0.7021957537505039,17.23010202961618,-0.023212879051524585,0.02949606435870417,0.0153588974175501,0.033161255787892266,-0.039109099026559,26.887079612778024,-1.0520658996620682,-2.28079626650619,0.3284709652253328
0.24573901008385124,0.6558019352989288,-0.02303834612632515,0.026878070480712675,0.015707963267948967,0.04537856055185257,-0.038999743457735235,26.883509052082907,-1.048981837003848,-2.2769565421518023,0.30927234345339516
-0.1752276942084372,4.680455450286933,-0.022863813201125717,0.005585053606381855,0.0158824961931484,0.04136430327226561,-0.037941518621237534,26.88855018289358,-1.0206822518575664,-2.274338548273811,0.31381019950858047
0.21262712461353037,8.66847604248079,-0.022689280275926284,0.008377580409572781,0.016231562043547264,0.044156830075456545,-0.03807967841971808,26.879514946320025,-1.0240583157427778,-2.2704988239194233,0.3255039054969425
0.11225348472665644,9.130970417597155,-0.022689280275926284,-0.0027925268031909274,0.016580627893946133,0.03298672286269283,-0.03859640704680493,26.881957461990776,-1.0380624848366309,-2.267880830041432,0.32148964821735554
0.1516931874846807,12.142301281945654,-0.022863813201125717,-0.0006981317007977319,0.016929693744344994,0.01884955592153876,-0.03848387553306919,26.880712807221045,-1.0349849969542413,-2.264041105687044,0.32148964821735554
0.5646422960804204,8.532653475576353,-0.022863813201125717,0.019198621771937627,0.01710422666954443,0.02530727415391778,-0.03847751324060034,26.884144196223456,-1.034945817015449,-2.261423111809053,0.3255039054969425
0.917498396615786,9.72577448136106,-0.022689280275926284,0.010471975511965976,0.017278759594743863,0.031939525311496235,-0.038365044582856604,26.883615728277654,-1.031897440897091,-2.257583387454665,0.3310889591033243
0.2990305966147761,5.463924028899161,-0.022689280275926284,-0.005235987755982988,0.017453292519943295,0.04241150082346221,-0.038605501188181346,26.87999243687628,-1.0382314192973237,-2.2549653935766734,0.324107642095347
-0.022356401673614232,7.442858390731335,-0.022863813201125717,-0.006108652381980154,0.017976891295541596,0.039793506945470715,-0.03894658779938823,26.886223718450534,-1.0476564341275767,-2.2509511362970867,0.3286454981505323
0.08942169086382556,2.322644834583506,-0.02303834612632515,-0.024434609527920616,0.017976891295541596,0.010122909661567111,-0.038661312779431016,26.885183425019292,-1.039934666276113,-2.2483331424190953,0.32375857624494814
0.4553393896823784,14.370382787172103,-0.023387411976724018,-0.026878070480712675,0.01815142422074103,0.02303834612632515,-0.03844207024919729,26.879589542111106,-1.0338163750792466,-2.2443188851395086,0.3483677186980682
-0.14542150893912473,7.45215504841219,-0.02356194490192345,-0.008726646259971648,0.01815142422074103,0.029670597283903602,-0.039137657690672324,26.882590900794543,-1.0526591678264448,-2.2415263583363174,0.3310889591033243
0.43343592784338586,11.068186106649785,-0.023736477827122883,-0.004014257279586958,0.01832595714594046,0.014486232791552936,-0.03920010322443015,26.88367425290556,-1.0543829329416394,-2.2375121010567303,0.33719761148530447
0.35121280616035583,6.698646730842284,-0.023911010752322315,-0.0054105206811824215,0.018500490071139894,0.034033920413889425,-0.03943855998980755,26.88149158997434,-1.0607173223002966,-2.2348941071787394,0.33039082740252657
-0.21172401799769971,6.639874981830798,-0.023911010752322315,-0.00034906585039886593,0.018675022996339326,0.023911010752322315,-0.04009007593904352,26.87378207370853,-1.0779495245815882,-2.2310543828243516,0.3221877799181532
0.40185283642738723,7.58441902720687,-0.02408554367752175,-0.0033161255787892262,0.018675022996339326,0.003141592653589793,-0.03980286859603832,26.874233335290356,-1.0702368185383704,-2.22843638894636,0.31974431896536115
0.5208401193967178,5.104242403854266,-0.024260076602721184,-0.007330382858376184,0.018500490071139894,-0.020943951023931952,-0.03986470140391324,26.87687852225769,-1.0720066728059847,-2.224422131666773,0.31852258848896514
0.20162079702436386,4.843783478109515,-0.024260076602721184,0.012915436464758038,0.018500490071139894,0.003665191429188092,-0.039928096524707406,26.875202447473285,-1.073646292662578,-2.221978670713981,0.3090978105281958
0.7167547715877876,11.659263406130085,-0.02408554367752175,0.009075712110370514,0.01832595714594046,-0.027401669256310976,-0.039292801609166865,26.88091312582262,-1.056770300280127,-2.2181389463595935,0.32690016889853796
0.34663302832686094,0.9556799980766371,-0.02408554367752175,0.023212879051524585,0.017976891295541596,-0.019198621771937627,-0.039818402126056,26.88574358784355,-1.071113494803224,-2.2155209524816017,0.29670597283903605
0.8352686229057426,12.420480202744663,-0.023911010752322315,0.027925268031909273,0.017627825445142728,-0.0328121899374934,-0.03924672016407345,26.883447538142217,-1.0556291952304373,-2.211855761052414,0.3274237676741362
0.29459423124709305,6.032328711012948,-0.023736477827122883,0.026703537555513242,0.017278759594743863,-0.007155849933176752,-0.04000680200521828,26.880857809655225,-1.0759912745845621,-2.209237767174422,0.3063052837250049
0.36293923105646614,4.985220354335216,-0.02356194490192345,0.012042771838760876,0.01710422666954443,-0.01064650843716541,-0.04042055231014493,26.883357461860946,-1.087232335421715,-2.205398042820035,0.3113667385557884
0.9928935221601268,11.686695175173451,-0.02356194490192345,-0.0015707963267948964,0.01710422666954443,0.009250245035569947,-0.04100448367900458,26.882130742406833,-1.1029060908009678,-2.202954581867243,0.30839967882739805
0.902326380420648,10.86700288588444,-0.02356194490192345,0.005235987755982988,0.016929693744344994,0.0066322511575784525,-0.039854231190338374,26.891021327147637,-1.0722887678133453,-2.199114857512855,0.3270747018237374
1.4281741864335455,6.652157377483824,-0.02356194490192345,0.02757620218151041,0.016929693744344994,-0.00890117918517108,-0.03991832441835632,26.891212957287117,-1.0740226986998493,-2.1966713965600633,0.3193952531149623
0.6792240956630053,13.712707345043526,-0.02356194490192345,0.01064650843716541,0.016755160819145562,-0.007155849933176752,-0.04033548145420428,26.894627530644808,-1.085396442800528,-2.1928316722056755,0.32306044454415045
0.5235049408389767,10.96877861989812,-0.02356194490192345,-0.02076941809873252,0.016580627893946133,-0.03508111796508603,-0.040867360295050656,26.9012738836574,-1.0999965035317418,-2.190213678327684,0.32532937257174305
-0.17939901995314414,8.841239446621953,-0.023736477827122883,-0.00034906585039886593,0.016057029118347832,-0.02076941809873252,-0.040471818459334265,26.90178492671936,-1.089358999171096,-2.1863739539732965,0.3277728335245351
0.8936605367033088,6.011680398500901,-0.023736477827122883,-0.020245819323134222,0.015707963267948967,-0.03438298626428829,-0.04071118780766476,26.903031299486813,-1.095859853072092,-2.183755960095305,0.3164281933865719
0.15054289320660466,5.021076894753812,-0.023911010752322315,-0.00767944870877505,0.0153588974175501,-0.02548180707911721,-0.041131431401988015,26.908009489410578,-1.1073895088050694,-2.179916235740918,0.31450833120937816
1.4881540589679945,3.087527619628078,-0.02408554367752175,-0.00471238898038469,0.014835298641951801,-0.059166661642607775,-0.04003562882738478,26.908705565405743,-1.0778829052273438,-2.177298241862926,0.3150319299849765
0.3146652620196875,8.77766499341452,-0.024260076602721184,-0.007330382858376184,0.014311699866353503,-0.03787364476827695,-0.040161193771413126,26.908439025616506,-1.0812564235514885,-2.173458517508539,0.324107642095347
0.6067064807775175,9.837901678979305,-0.024260076602721184,-0.005061454830783556,0.013962634015954637,-0.015009831567151233,-0.0412198749934617,26.913091047099915,-1.1099829691182712,-2.1708405236305475,0.3077015471266003
0.5925357960985004,8.615817618187673,-0.024434609527920616,-0.007155849933176752,0.013788101090755204,-0.006981317007977318,-0.041171462065065896,26.91378180231972,-1.1087062693463556,-2.167175332201359,0.30194196059501904
1.1300031514246234,10.409676492577319,-0.024434609527920616,0.01815142422074103,0.013613568165555772,-0.005759586531581287,-0.04072047336044252,26.918606181943137,-1.0967446445385234,-2.164731871248567,0.31450833120937816
0.9548544196941346,4.924811680823759,-0.024260076602721184,0.028274333882308142,0.013264502315156905,-0.02600540585471551,-0.040929619155526155,26.93269068367339,-1.1029607469929965,-2.1608921468941795,0.3066543495754037
1.1452456333620553,11.899528977779713,-0.024434609527920616,-0.017627825445142728,0.013089969389957472,-0.01937315469713706,-0.04069849723966961,26.930654107291073,-1.0966426998925753,-2.158448685941387,0.31450833120937816
0.5884320667521343,11.685179455268338,-0.024609142453120045,-0.013089969389957472,0.012915436464758038,0.0022689280275926286,-0.041296881249921764,26.93575575583888,-1.1129954916319158,-2.1549580274373987,0.29426251188624397
0.832599321727791,7.857737224502473,-0.024783675378319478,-0.0,0.012740903539558606,-0.013439035240356337,-0.04033383095498593,26.943865489657497,-1.087339014089699,-2.152514566484607,0.3073524812762014
0.22893684509561613,4.153592747055194,-0.024609142453120045,-0.0015707963267948964,0.012566370614359171,-0.015184364492350668,-0.040807398660169955,26.943838740023285,-1.1001186919745491,-2.1488493750554185,0.2953097094374406
0.7287999723748156,-0.7612361658651483,-0.024609142453120045,0.010122909661567111,0.012391837689159739,0.0,-0.04014921584891192,26.958490513817647,-1.0829442045531557,-2.1464059141026266,0.27872908154349446
1.1292923215700863,10.860473894970468,-0.024783675378319478,-0.008552113334772215,0.012391837689159739,0.011519173063162575,-0.04045047783534673,26.958915919238816,-1.0910961946146076,-2.1429152555986377,0.29548424236264
1.0221621609662144,12.732054916351213,-0.024783675378319478,0.02600540585471551,0.012391837689159739,0.004886921905584123,-0.04117066511164034,26.965195393665343,-1.1108027124503614,-2.1406463275710452,0.28588493147667116
1.360720010859183,11.296516359034513,-0.024609142453120045,0.03159045946109736,0.012217304763960308,-0.01064650843716541,-0.04013872053352768,26.965845706295934,-1.0829561969039907,-2.137155669067057,0.2953097094374406
1.3960531441556996,7.348568951047822,-0.024434609527920616,0.01884955592153876,0.012217304763960308,-0.016231562043547264,-0.04034459149265557,26.976243125582947,-1.0889363885565655,-2.134886741039464,0.28379053637427804
1.428892827070508,15.252253334841809,-0.024260076602721184,0.01780235837034216,0.011868238913561441,-0.015009831567151233,-0.03975052376647115,26.98898596796013,-1.0733917446292451,-2.1315706154606744,0.28483773392547457
0.6066181407885244,7.994661349757378,-0.024260076602721184,0.02234021442552742,0.011868238913561441,0.0005235987755982988,-0.0398631165747804,26.98591274626748,-1.0763127574964422,-2.129301687433082,0.2768092193663007
0.929851264078427,5.639426713079121,-0.02408554367752175,0.014835298641951801,0.011519173063162575,-0.02199114857512855,-0.039787513839013945,26.995815661865482,-1.074663529791597,-2.125985561854293,0.2726204291615143
0.8375510360385287,-0.11463078236322996,-0.023911010752322315,0.010471975511965976,0.011519173063162575,-0.02548180707911721,-0.039180678255360576,27.004122648933514,-1.0585815817316997,-2.1237166338267004,0.26389378290154264
1.4128200116382565,3.9239163615862807,-0.023736477827122883,0.02757620218151041,0.01117010721276371,-0.017627825445142728,-0.03996084944846361,27.00866122321738,-1.079863906721798,-2.1205750411731104,0.2593559268463574
0.8066461872591261,12.808979314538187,-0.02356194490192345,0.023387411976724018,0.010821041362364843,-0.038397243543875255,-0.03986947481592926,27.01428206250265,-1.0776162828541886,-2.118306113145518,0.27611108766550296
1.6210964058113548,7.592028172691161,-0.023212879051524585,0.02775073510670984,0.010471975511965976,-0.029670597283903602,-0.039114822332823644,27.02901086166524,-1.057774466879999,-2.115164520491928,0.268082573106329
0.8725887097497169,10.086644037658731,-0.02303834612632515,0.0019198621771937625,0.010122909661567111,-0.015707963267948967,-0.03936389150645127,27.03180477045129,-1.0646269725129347,-2.1130701253895348,0.2642428487519415
1.85153512493286,8.30765974090797,-0.02303834612632515,0.016057029118347832,0.009948376736367679,-0.003665191429188092,-0.03827815466670046,27.050358164863223,-1.0359438039212507,-2.1097539998107453,0.2750638901143063
1.197005073073035,5.549885443311165,-0.02303834612632515,0.010122909661567111,0.009948376736367679,0.0010471975511965976,-0.03850232837203064,27.062320275487977,-1.0424775257457808,-2.107485071783153,0.2631956512007449
1.1112023749776179,12.80107330660972,-0.022863813201125717,0.0066322511575784525,0.009948376736367679,0.002617993877991494,-0.037961055389785725,27.069439910486672,-1.0280783898806363,-2.104343479129563,0.2738421596379103
1.5006834307882355,4.633874476283352,-0.022863813201125717,0.0022689280275926286,0.009948376736367679,0.019722220547535925,-0.038214981635129236,27.0723599330491,-1.0350736553424644,-2.10224908402717,0.2595304597715568
2.2173842837169198,4.89291187570831,-0.022863813201125717,-0.0033161255787892262,0.009948376736367679,-0.003490658503988659,-0.03809983203798952,27.099865069889876,-1.0330001891866518,-2.09910749137358,0.2630211182755455
1.3548999519980984,7.6606732668460635,-0.02303834612632515,-0.016929693744344994,0.009948376736367679,0.005061454830783556,-0.03802108902320718,27.10738064222895,-1.0311490579394782,-2.0968385633459876,0.26389378290154264
1.2255281259823188,8.407458489816419,-0.023212879051524585,-0.01832595714594046,0.009773843811168246,0.0054105206811824215,-0.037801489910740865,27.120318828203075,-1.0256770530849406,-2.093696970692398,0.2712241657599188
1.3661930314006685,10.893395310053915,-0.023387411976724018,-0.015009831567151233,0.009948376736367679,0.005585053606381855,-0.03823333521474313,27.124730881602126,-1.037574548996561,-2.091428042664805,0.26878070480712674
1.7235416331086804,10.144291472636104,-0.023736477827122883,-0.023911010752322315,0.009773843811168246,-0.0010471975511965976,-0.03751130805430487,27.142085023318053,-1.0186129201821137,-2.0882864500112155,0.26162485487395
1.0902378175915652,1.2152540957122415,-0.023911010752322315,-0.02303834612632515,0.009773843811168246,0.0024434609527920616,-0.03726577164674483,27.14979036294713,-1.012226503691092,-2.086192054908822,0.2530727415391778
1.4037161375044434,5.568626756117847,-0.024260076602721184,-0.02757620218151041,0.009599310885968814,-0.004014257279586958,-0.0375616260691845,27.16108512657065,-1.0206945927312783,-2.0830504622552324,0.25761059759436306
1.4588339957006116,11.55976947106769,-0.024434609527920616,-0.02548180707911721,0.00942477796076938,-0.01937315469713706,-0.03782481267201829,27.16526834412083,-1.0280114973910945,-2.0809560671528393,0.26145032194875056
1.5941452068970317,16.06399936752908,-0.024783675378319478,-0.02757620218151041,0.009075712110370514,-0.03647738136668149,-0.03629537002723095,27.183477097822912,-0.9870678371800315,-2.0778144744992493,0.26912977065752564
1.121983768573618,13.527872983801581,-0.02495820830351891,-0.02181661564992912,0.00890117918517108,-0.014835298641951801,-0.03752179650833343,27.19317027232094,-1.0208157101262063,-2.0758946123220556,0.25603980126756815
0.5177049140917726,8.522569740656085,-0.025132741228718343,-0.02775073510670984,0.008552113334772215,-0.019198621771937627,-0.03683235376629028,27.205081871907662,-1.0024805699121826,-2.072927552593665,0.24609142453120045
1.4323486372805163,6.618107316727539,-0.02530727415391778,-0.014486232791552936,0.008377580409572781,-0.03892084231947355,-0.03673777976003613,27.218991967684243,-1.0004154477597944,-2.0710076904164714,0.23544491609403506
1.3504362761248196,9.963837550769501,-0.02548180707911721,-0.02199114857512855,0.00767944870877505,-0.05811946409141117,-0.0358803402578016,27.230873119025198,-0.9774724946778046,-2.0682151636132806,0.24050637092481864
2.1378153825469917,13.769739735906207,-0.025656340004316644,-0.02356194490192345,0.007330382858376184,-0.034732052114687155,-0.03679458484212035,27.23726053528238,-1.0026362046347985,-2.066295301436087,0.2389355745980237
2.6292337182613137,12.064118953487863,-0.025830872929516076,0.0017453292519943296,0.0066322511575784525,-0.03420845333908886,-0.03525715940302873,27.260943471086797,-0.9615418828791229,-2.0635027746328958,0.23771384412162772
1.5826682504590524,11.725906981808592,-0.025830872929516076,0.01117010721276371,0.006457718232379019,-0.04241150082346221,-0.035314672050563246,27.280348268664753,-0.9637972447359568,-2.0617574453809016,0.23561944901923448
1.4703510266435795,8.485480378607189,-0.025830872929516076,-0.009773843811168246,0.005759586531581287,-0.0466002910282486,-0.035104174640931636,27.302652458558825,-0.9588309692110681,-2.0589649185777104,0.2249729405820691
1.881549216881067,6.207121070814403,-0.02600540585471551,-0.0066322511575784525,0.0054105206811824215,-0.03595378259108319,-0.03534995435454315,27.313397320321773,-0.9659297301993623,-2.057219589325716,0.20961404316451898
2.133619881838688,5.309668039540701,-0.026179938779914945,-0.023212879051524585,0.004886921905584123,-0.04537856055185257,-0.03433704130981055,27.32690032351667,-0.9386938511018094,-2.054601595447725,0.22270401255447644
1.8778806030692132,6.625262327023357,-0.026354471705114377,0.0013962634015954637,0.004537856055185257,-0.04223696789826278,-0.03408847705943401,27.34155275113373,-0.9323930761681197,-2.0528562661957306,0.22305307840487534
1.8082753156612223,9.669825092983611,-0.026354471705114377,0.013264502315156905,0.003665191429188092,-0.05113814708343386,-0.03421690637947055,27.35978294433252,-0.936532656542522,-2.050238272317739,0.2124065699677099
2.7389449071190093,5.782482438321351,-0.026354471705114377,-0.0024434609527920616,0.003141592653589793,-0.058643062867009474,-0.03347460802983878,27.38030647702904,-0.9168875252254444,-2.0484929430657446,0.2139773662945048
2.1506950868549572,7.294883828961434,-0.026179938779914945,0.011868238913561441,0.0024434609527920616,-0.054279739737023644,-0.03343571084325401,27.398807901007594,-0.9164401543169891,-2.0460494821129527,0.20490165418413428
2.151372612418769,-2.2992474992381546,-0.026179938779914945,0.0054105206811824215,0.0017453292519943296,-0.07120943348136864,-0.032382488713298276,27.414299426555434,-0.8880536753980482,-2.044304152860958,0.1884955592153876
1.3830851100008807,7.257746860403787,-0.026179938779914945,-0.013788101090755204,0.0012217304763960308,-0.02234021442552742,-0.03217374479254274,27.435105048474842,-0.8829947665152875,-2.0420352248333655,0.2012364627549462
2.4812029281172845,11.885501134691298,-0.026179938779914945,0.010122909661567111,0.0006981317007977319,-0.030892327760299633,-0.032580148836790224,27.45085483512081,-0.894669512413879,-2.0404644285065707,0.20106192982974674
2.8837813729031168,10.346561070885341,-0.02600540585471551,0.007330382858376184,0.00034906585039886593,-0.02530727415391778,-0.031072866266076915,27.483744517041778,-0.8542736758673414,-2.0380209675537784,0.205599785884932
2.9774443200371823,8.788909035343686,-0.02600540585471551,0.009948376736367679,0.00017453292519943296,-0.03787364476827695,-0.03131055012814065,27.509121126751037,-0.861607293484879,-2.036450171226984,0.20525072003453315
2.7272812790875194,2.9208237509286157,-0.02600540585471551,0.005061454830783556,-0.00017453292519943296,-0.0027925268031909274,-0.031120775239751028,27.53774004319755,-0.857272593292573,-2.0340067102741917,0.1907644872429802
2.0432762891867724,6.823581000054205,-0.02600540585471551,-0.01117010721276371,-0.00034906585039886593,-0.010471975511965976,-0.03072569615650979,27.554350125022758,-0.8468931148503693,-2.032435913947397,0.19530234329816545
2.264289473446957,7.994954787558554,-0.026179938779914945,-0.007155849933176752,-0.0006981317007977319,-0.025656340004316644,-0.030050236881661255,27.5794841895673,-0.8290195875152224,-2.0301669859198044,0.20001473227855018
2.0277041037871824,6.729413491333223,-0.026179938779914945,-0.019722220547535925,-0.0008726646259971648,-0.02949606435870417,-0.030004647516904508,27.587756524587395,-0.8280094050083313,-2.0284216566678097,0.20420352248333656
2.424846458834455,5.089752178600771,-0.02652900463031381,-0.03682644721708035,-0.0013962634015954637,-0.03682644721708035,-0.02983114191837734,27.618001327865226,-0.8241209925584208,-2.025978195715018,0.20036379812894903
2.175621511036121,3.6946726065981035,-0.026703537555513242,-0.02949606435870417,-0.0017453292519943296,-0.01780235837034216,-0.029447276456040256,27.635055352073486,-0.8140124165764058,-2.024407399388223,0.19565140914856435
1.9133251875860209,0.45821866997779953,-0.027052603405912107,-0.02199114857512855,-0.0019198621771937625,-0.019547687622336492,-0.029771731739347787,27.659912056228713,-0.8237268678076431,-2.021963938435431,0.19355701404617115
2.023449190430512,5.875663195484299,-0.027052603405912107,0.0008726646259971648,-0.0022689280275926286,-0.019198621771937627,-0.029073320227994377,27.672333072590956,-0.8047533550433155,-2.020393142108636,0.20141099568014564
1.9610249459020757,5.486183800683237,-0.027052603405912107,0.006283185307179586,-0.0024434609527920616,-0.007330382858376184,-0.029404726776170714,27.697521748281986,-0.8146728719499521,-2.017949681155844,0.19512781037296603
2.067213275382929,5.473517061233005,-0.027052603405912107,0.013962634015954637,-0.002617993877991494,-0.02129301687433082,-0.028710578501481978,27.71101875606067,-0.7958180549318515,-2.016378884829049,0.2012364627549462
1.8543632293315828,11.834139930355416,-0.026878070480712675,0.023212879051524585,-0.0027925268031909274,-0.006457718232379019,-0.028406620359878374,27.728208700027622,-0.7878766312293864,-2.013935423876257,0.20699604928652748
2.153398225599456,3.387281505796443,-0.026878070480712675,0.0307177948351002,-0.003141592653589793,-0.026354471705114377,-0.02852212021428412,27.74230892904602,-0.7914841090368432,-2.012364627549462,0.19530234329816545
2.398254723732715,6.445881758222749,-0.02652900463031381,0.01937315469713706,-0.003665191429188092,-0.028972465583105872,-0.029176002926130512,27.763430491544657,-0.8102558494748353,-2.0100956995218695,0.18936822384138474
2.132762101232381,-1.192095602796984,-0.026179938779914945,0.04276056667386108,-0.004014257279586958,-0.044156830075456545,-0.02833024135942518,27.785509914975727,-0.7873808647614252,-2.0085249031950743,0.18081611050661253
1.9249300364652306,-1.3329067562121981,-0.02548180707911721,0.05969026041820607,-0.004363323129985824,-0.018500490071139894,-0.029311418698706442,27.810896508987533,-0.815410367795684,-2.0062559751674818,0.18011797880581482
2.2747610600821018,10.499430318164162,-0.02495820830351891,0.07400196028455958,-0.00471238898038469,-0.01710422666954443,-0.029114340049946945,27.81988034871436,-0.8101863863165548,-2.004685178840687,0.19861846887695472
2.496292406059517,1.7039190597826488,-0.02408554367752175,0.07731808586334879,-0.005061454830783556,-0.026878070480712675,-0.02897583601525106,27.841976320396995,-0.8069703967081704,-2.0024162508130945,0.18657569703819382
1.9235476573693757,-1.5930033444227554,-0.023387411976724018,0.07278022980816354,-0.0054105206811824215,-0.030892327760299633,-0.027995403666083035,27.860928031184173,-0.7801817579617001,-2.0006709215611,0.19058995431778078
2.606104574630145,3.8543647635854748,-0.022689280275926284,0.05567600313861911,-0.005759586531581287,-0.03804817769347639,-0.0288397747461158,27.88331486364173,-0.8043715395549009,-1.9982274606083081,0.20350539078253882
2.5830330862461963,-0.12949671477078215,-0.022165681500327987,0.07417649320975901,-0.006108652381980154,-0.01832595714594046,-0.028815097141547102,27.905509146727038,-0.8043225814842212,-1.9966566642815131,0.19250981649497453
2.3253834192963274,9.367263371822492,-0.02111848394913139,0.08307767239493008,-0.006283185307179586,-0.013439035240356337,-0.02838717357092851,27.932924271807185,-0.7931498294985675,-1.994213203328721,0.21851522234969006
2.2302649141002773,4.3333157163597225,-0.020594885173533087,0.07819075048934597,-0.006457718232379019,-0.01780235837034216,-0.02917649707385353,27.941494790482153,-0.8154663475904157,-1.9924678740767265,0.21275563581810877
2.2357185454325994,-0.1325131433045052,-0.019547687622336492,0.07260569688296412,-0.006457718232379019,0.00017453292519943296,-0.0300512314934712,27.97260724814968,-0.840864432770929,-1.9898498801987352,0.20612338466053032
2.1098751718108733,1.5975345656182527,-0.019198621771937627,0.04066617157146788,-0.006457718232379019,-0.00820304748437335,-0.02924523874536823,27.98362774692833,-0.8186212722846734,-1.9881045509467408,0.21642082724729686
2.0182746400220783,7.9654461339338685,-0.018500490071139894,0.04520402762665313,-0.006806784082777886,-0.02181661564992912,-0.029483060626735374,28.006982249214442,-0.8259708948001802,-1.9854865570687494,0.23177972466484698
2.4581435046216833,5.761625098297637,-0.01815142422074103,0.04223696789826278,-0.006981317007977318,-0.04276056667386108,-0.030298915363865444,28.024880794372464,-0.8493834253802235,-1.9835666948915556,0.23282692221604356
2.2540617780278005,8.650916360152204,-0.01780235837034216,0.015184364492350668,-0.007330382858376184,-0.0164060949687467,-0.03024363591397099,28.053407613832736,-0.848695822794124,-1.9807741680883648,0.24050637092481864
2.487472708559406,7.3392402046594825,-0.017627825445142728,0.022165681500327987,-0.00767944870877505,-0.029845130209103034,-0.03106439284796295,28.071011074680044,-0.8722895191611719,-1.9788543059111707,0.23876104167282428
2.1680941975555905,10.222027741116444,-0.017278759594743863,0.014486232791552936,-0.008028514559173916,-0.0153588974175501,-0.03069588538860156,28.095568898039538,-0.8626893325555194,-1.97606177910798,0.24766222085799536
2.0043278011842887,8.116805226906488,-0.01710422666954443,0.006457718232379019,-0.008028514559173916,-0.004363323129985824,-0.03167081198899826,28.10427956170011,-0.890383070703834,-1.9741419169307861,0.24068090385001806
1.7032084826078986,6.266248281909318,-0.01710422666954443,0.007155849933176752,-0.008028514559173916,0.0027925268031909274,-0.03210347822717149,28.12822594928619,-0.9033242426758972,-1.9713493901275954,0.2324778563656447
2.2411630822341606,6.627601512516121,-0.016929693744344994,0.014660765716752368,-0.008028514559173916,0.003839724354387525,-0.03228646436002882,28.138775961663477,-0.9088173977012239,-1.9694295279504015,0.2357939819444339
2.312298395741442,0.6800685198563217,-0.016929693744344994,0.002617993877991494,-0.008028514559173916,0.011519173063162575,-0.0330485604306609,28.166665317868794,-0.9312067892080689,-1.9666370011472107,0.2218313479284793
2.598719975264924,-0.5791125290051526,-0.016929693744344994,-0.009773843811168246,-0.007853981633974483,0.023736477827122883,-0.032738025204190724,28.17366714207214,-0.9226798846381343,-1.964891671895216,0.2066469834361286
2.021867664355162,0.8063940441829412,-0.016929693744344994,0.006806784082777886,-0.00767944870877505,0.03647738136668149,-0.03365557003273095,28.205413221048563,-0.9496278340320842,-1.9622736780172247,0.20943951023931956
2.517202291123209,7.387015091907045,-0.016929693744344994,0.015533430342749533,-0.007504915783575617,0.018500490071139894,-0.03349704634950929,28.216768008580022,-0.9455320576882613,-1.96070288169043,0.2064724505109292
2.0994132645195434,12.159551295929726,-0.016929693744344994,0.01064650843716541,-0.007330382858376184,0.026179938779914945,-0.03313363299640482,28.246573668220297,-0.9362542487908887,-1.9582594207376378,0.20629791758572977
2.0527813233408208,-0.7520173717943774,-0.016929693744344994,0.004014257279586958,-0.007155849933176752,0.033161255787892266,-0.033769699766394455,28.25623762259518,-0.9545675492297185,-1.9566886244108428,0.17505652397503124
1.8396776145310583,6.749979093328901,-0.016755160819145562,-0.005759586531581287,-0.006806784082777886,0.026703537555513242,-0.033381806665565596,28.278123947923714,-0.9443256607536367,-1.9544196963832503,0.18570303241219668
2.1105341180874158,0.653239248835112,-0.016755160819145562,-0.0164060949687467,-0.006806784082777886,0.012566370614359171,-0.03305695971089565,28.28952426400316,-0.93550645081221,-1.953023432981655,0.17505652397503124
2.312631708444026,5.853122086262346,-0.016929693744344994,-0.012217304763960308,-0.0066322511575784525,0.01710422666954443,-0.03393583808016668,28.31734021213381,-0.9613417408584937,-1.9509290378792616,0.1647590813882647
2.5366825068815166,5.994947857913352,-0.01710422666954443,0.019896753472735357,-0.006457718232379019,0.028972465583105872,-0.03329837317608229,28.33862793420608,-0.9439791229552904,-1.9497073074028657,0.16074482410867777
1.9101574599339248,6.364187851474201,-0.016929693744344994,0.011868238913561441,-0.006108652381980154,0.032637657012293965,-0.03303962139180309,28.354748623577546,-0.9371711945408044,-1.9477874452256718,0.15533430342749532
1.9130180873591864,6.212793015038559,-0.016755160819145562,0.020943951023931952,-0.005934119456780721,0.031415926535897934,-0.0331944144522398,28.37386885401183,-0.9422000481661134,-1.9465657147492759,0.14381513036433277
1.9064771305574795,6.118575335347191,-0.0164060949687467,0.00890117918517108,-0.005759586531581287,0.005235987755982988,-0.032625133697770155,28.400899587243128,-0.9269120376993639,-1.9448203854972814,0.14259339988793673
2.059322259266744,4.220959707312811,-0.0164060949687467,0.0153588974175501,-0.005934119456780721,-0.016057029118347832,-0.03242463252034569,28.407605709218206,-0.9214291154602015,-1.943773187946085,0.13596114873035828
2.200474096940926,4.980023113039277,-0.016231562043547264,0.012566370614359171,-0.006108652381980154,-0.02234021442552742,-0.03201050201610891,28.43824784702361,-0.9106336449630615,-1.9422023916192899,0.12897983172238095
2.4390877961922492,8.056965469199351,-0.016231562043547264,0.016057029118347832,-0.006283185307179586,-0.006108652381980154,-0.03196111953601281,28.448841377579335,-0.9095665524252217,-1.9413297269932928,0.12042771838760874
2.3807748704493026,12.70259528476432,-0.0158824961931484,0.03665191429188092,-0.0066322511575784525,-0.02548180707911721,-0.030595861693124976,28.48132100805298,-0.8716825713563143,-1.9399334635916974,0.12409290981679684
2.4046767618620315,8.008112756936567,-0.0153588974175501,0.06667157742618339,-0.006806784082777886,-0.015184364492350668,-0.031195583104208224,28.49922821889356,-0.8893385519009259,-1.9390607989657003,0.11239920382843482
2.117975451416535,2.4133656838251065,-0.014835298641951801,0.046774823953448036,-0.006981317007977318,-0.02495820830351891,-0.03058087944040604,28.52097568507979,-0.8724685105695084,-1.937839068489304,0.10192722831646885
1.8821438917894808,8.500230161749998,-0.014486232791552936,0.03577924966588375,-0.007330382858376184,-0.05235987755982989,-0.030226324465347416,28.541320743189896,-0.8629620469990034,-1.9371409367885066,0.10140362954087055
2.226631610172896,5.652369869002158,-0.013962634015954637,0.045029494701453704,-0.008028514559173916,-0.062482787221396996,-0.02883567608639749,28.565553998792705,-0.8239354413981466,-1.9359192063121105,0.10245082709206714
2.578300917316554,-5.259137454552845,-0.013613568165555772,0.028099800957108706,-0.008377580409572781,-0.041887902047863905,-0.028336476011032063,28.582552152076943,-0.8101456520693591,-1.9350465416861133,0.07400196028455958
2.5495965562104903,-2.1627086426155273,-0.013264502315156905,0.041887902047863905,-0.00890117918517108,-0.025656340004316644,-0.028808481273320998,28.609577678972567,-0.8244265671492286,-1.9341738770601162,0.07522369076095561
2.436716188807684,-0.8819439454512068,-0.012740903539558606,0.07766715171374766,-0.009075712110370514,-0.02495820830351891,-0.02735974400490123,28.62843370762748,-0.7834621155741749,-1.9334757453593183,0.08307767239493008
1.9575017399804002,-0.25849009456621785,-0.012042771838760876,0.04834562028024293,-0.00942477796076938,-0.03665191429188092,-0.02800912191012368,28.655641100312994,-0.8028292987536917,-1.9324285478081216,0.06998770300497262
1.509915223194576,10.839246014714895,-0.011693705988362009,0.04729842272904633,-0.009773843811168246,-0.047647488579445195,-0.02762282798747904,28.66674128784311,-0.7920579259820533,-1.9319049490325233,0.08726646259971647
2.004773068935433,3.424600221390235,-0.01117010721276371,0.040491638646268445,-0.010122909661567111,-0.039793506945470715,-0.02639775405119418,28.695360067661316,-0.7576690573800255,-1.9308577514813268,0.0788888821901437
2.241159325425714,-1.4112393454013052,-0.01064650843716541,0.059341194567807204,-0.01064650843716541,-0.04939281783143953,-0.026013821863385852,28.70659411417874,-0.7469367219317925,-1.9303341527057287,0.06544984694978735
2.261267705684957,0.5054282883330304,-0.009948376736367679,0.0471238898038469,-0.011344640137963142,-0.055326937288220246,-0.025718454121762546,28.736484900427158,-0.7392209588813371,-1.9294614880797312,0.06597344572538566
2.520755973962046,-1.3944711084006076,-0.009599310885968814,0.060039326268604934,-0.011693705988362009,-0.03700098014227979,-0.02488404081813676,28.75368610575913,-0.7156556198402825,-1.928937889304133,0.059864793343405505
2.272068126762806,1.113187015481757,-0.008726646259971648,0.07016223593017205,-0.012217304763960308,-0.03630284844148206,-0.0245934742020532,28.783270616033484,-0.708023375812958,-1.9280652246781358,0.07033676885537149
1.8098447280235672,1.5329102027854027,-0.00820304748437335,0.06876597252857658,-0.012566370614359171,-0.03543018381548489,-0.0242139832513147,28.79466768802261,-0.6973698997249747,-1.9275416259025375,0.0619591884457987
1.9634113324782112,6.31730398577362,-0.007330382858376184,0.06422811647339133,-0.013089969389957472,-0.05480333851262195,-0.02375217452306736,28.824992736952815,-0.6847850403901089,-1.9268434942017398,0.06702064327658225
2.5417293637527636,13.887825889680727,-0.006806784082777886,0.06859143960337716,-0.013613568165555772,-0.06579891280018622,-0.02414718073577024,28.834106120247395,-0.6963977304358213,-1.9263198954261416,0.07958701389094143
2.4168435153674173,1.2659760314601847,-0.005934119456780721,0.07801621756414652,-0.014311699866353503,-0.054628805587422516,-0.023688441272554935,28.864267864533694,-0.683877436477677,-1.9256217637253437,0.05131268000863329
2.6437198449891497,5.7538759291715635,-0.005585053606381855,0.05515240436302082,-0.014835298641951801,-0.06300638599699529,-0.022863194663942498,28.88185974154466,-0.6604466630129432,-1.9250981649497454,0.06789330790257943
2.803499516510634,9.011748659032811,-0.004886921905584123,0.05846852994181004,-0.015533430342749533,-0.06056292504420324,-0.021960529561900723,28.917819417432064,-0.6351527354131702,-1.924400033248948,0.06963863715457375
2.4316440715025083,11.675715832546182,-0.004537856055185257,0.05201081170943102,-0.0158824961931484,-0.045029494701453704,-0.022825666136118507,28.934014745646365,-0.6605528829934728,-1.924050967398549,0.07208209810736581
2.6120054776405204,-3.1562678207329355,-0.003839724354387525,0.05777039824101231,-0.0164060949687467,-0.03577924966588375,-0.02237462397025728,28.964212331166454,-0.6481715264783936,-1.9233528356977512,0.041887902047863905
2.1146570354772263,9.931032581211195,-0.003490658503988659,0.046251225177849735,-0.016755160819145562,-0.05009094953223726,-0.022324448586198198,28.97931861774298,-0.6470548053912002,-1.922829236922153,0.06422811647339133
2.501328168871128,0.8578155126035525,-0.003141592653589793,0.027227136331111543,-0.017278759594743863,-0.03665191429188092,-0.021381386654519424,29.006352650815508,-0.6202905691216829,-1.9223056381465546,0.04520402762665313
2.643542091124027,-0.17136669538800223,-0.0027925268031909274,0.015184364492350668,-0.01780235837034216,-0.044156830075456545,-0.02056604402278775,29.023993961001235,-0.5969929083638628,-1.9217820393709562,0.05201081170943102
2.3740775935306213,0.10145623813134026,-0.002617993877991494,0.0010471975511965976,-0.01832595714594046,-0.039968039870670144,-0.020590004081416414,29.06130142811898,-0.5984568889938059,-1.9212584405953579,0.046774823953448036
2.528164871788702,0.055758076145594235,-0.002617993877991494,0.006457718232379019,-0.018675022996339326,-0.046774823953448036,-0.020098934641805087,29.08223049419419,-0.584600571874411,-1.9207348418197596,0.04939281783143953
2.2765012018096864,4.935531798278796,-0.0024434609527920616,0.009075712110370514,-0.019198621771937627,-0.04939281783143953,-0.019929618982349663,29.106695152727568,-0.5801621577435235,-1.9202112430441614,0.04520402762665313
2.1137495601861374,1.6584848258486689,-0.0022689280275926286,0.004886921905584123,-0.019722220547535925,-0.041189770347066175,-0.019710638296634667,29.121881682392054,-0.5740852240936183,-1.9198621771937625,0.050265482457436686
2.1548044196247367,8.176060351141553,-0.0022689280275926286,0.007155849933176752,-0.020071286397934793,-0.04886921905584123,-0.018779837700336647,29.148926051096364,-0.5474764636455761,-1.9193385784181642,0.05393067388662478
2.3687444992811924,5.843397355494513,-0.0022689280275926286,0.0019198621771937625,-0.020594885173533087,-0.06283185307179587,-0.019645643562154418,29.16502510323164,-0.5730394113269919,-1.9189895125677654,0.04468042885105484
2.250602472444003,6.7035443306803115,-0.0022689280275926286,0.0019198621771937625,-0.02129301687433082,-0.06824237375297829,-0.018398066395333083,29.188654083191597,-0.5370753951909023,-1.9184659137921671,0.05096361415823442
2.0417029371189392,6.023499207144947,-0.0022689280275926286,0.006981317007977318,-0.02181661564992912,-0.06649704450098395,-0.01896676643612145,29.214107215027916,-0.5541636010584521,-1.9182913808669675,0.039968039870670144
2.118975225453563,-5.113567184741218,-0.0020943951023931952,0.016057029118347832,-0.022689280275926284,-0.0603883921190038,-0.018484151547054347,29.235271961026495,-0.5404507496784603,-1.9177677820913692,0.026179938779914945
1.99880885352181,6.9636931343882305,-0.0017453292519943296,0.03438298626428829,-0.023212879051524585,-0.07347836150896127,-0.01853646464929443,29.244650299114785,-0.5421545227319038,-1.91759324916617,0.035255650890285456
2.0326343767125796,2.0829219719210186,-0.0012217304763960308,0.03490658503988659,-0.02408554367752175,-0.07906341511534314,-0.01744018576841925,29.272129777388493,-0.510563146513706,-1.9172441833157712,0.0317649923862968
2.133621648148566,4.882438287958202,-0.0010471975511965976,0.044331363000655974,-0.024783675378319478,-0.09791297103688189,-0.017052624489537118,29.287539992341017,-0.49947783737038376,-1.9170696503905715,0.03769911184307752
2.33787136142278,2.08819835798277,-0.00034906585039886593,0.05480333851262195,-0.025830872929516076,-0.09930923443847736,-0.017037917565309174,29.315841859703276,-0.49952923411824524,-1.916720584540173,0.020245819323134222
2.43,5.975566735215484,-0.0,0.04799655442984406,-0.026703537555513242,-0.091106186954104,-0.016970340482795693,29.334708583281937,-0.4978677875951853,-1.9165460516149733,0.030368728984701335
2.6478776640152777,-2.8680072720093976,0.0006981317007977319,0.052534410485029326,-0.02775073510670984,-0.08464846872172499,-0.016343216953765744,29.36916213331555,-0.48002932798579273,-1.9163715186897738,0.019198621771937627
1.8866226973980706,4.910628942577678,0.0013962634015954637,0.04939281783143953,-0.028448866807507574,-0.0841248699461267,-0.016276640048528336,29.388217297636142,-0.4783836812729499,-1.9161969857645744,0.022514747350726852
2.329234497620742,3.123213526328511,0.0019198621771937625,0.050789081233034994,-0.02949606435870417,-0.06300638599699529,-0.015508746745250407,29.4191604193501,-0.45629089153635627,-1.9158479199141756,0.025656340004316644
2.4281425945999797,-3.718814029103245,0.0024434609527920616,0.06719517620178168,-0.030019663134302467,-0.079412480965742,-0.015443476128803134,29.438163973060796,-0.45466372907967967,-1.9156733869889762,0.007853981633974483
2.600956491758429,2.715374150302684,0.0033161255787892262,0.07243116395776468,-0.0307177948351002,-0.05009094953223726,-0.014941233368551615,29.46339325746064,-0.4402521956768042,-1.9154988540637767,0.022863813201125717
2.3126408125988376,3.9474612683517356,0.003839724354387525,0.052185344634630454,-0.031241393610698498,-0.054279739737023644,-0.015019844195610555,29.485812857299937,-0.44290562146930273,-1.9154988540637767,0.017278759594743863
2.4549781800488235,0.8478148706266256,0.004363323129985824,0.040317105721069016,-0.0317649923862968,-0.0460766922526503,-0.014519288954525521,29.510846979425445,-0.42850662613541335,-1.9153243211385773,0.014660765716752368
2.5049201653464883,-2.6135044931979503,0.004537856055185257,0.03595378259108319,-0.032114058236695664,-0.04852015320544237,-0.014019909258685204,29.53579475871989,-0.41411629535961597,-1.915149788213378,0.012042771838760876
2.554109728994989,-2.9885101838495567,0.005061454830783556,0.06754424205218056,-0.032637657012293965,-0.033510321638291124,-0.014415912620756605,29.561838899895744,-0.4261904103212977,-1.915149788213378,0.006108652381980154
2.3123373326244674,2.606689440614709,0.005585053606381855,0.040317105721069016,-0.03298672286269283,-0.030543261909900768,-0.01435294160332894,29.580822595731053,-0.42460097661033713,-1.9149752552881785,0.010471975511965976
2.2864468498547206,3.9077119382299603,0.005934119456780721,0.028448866807507574,-0.033335788713091695,-0.03647738136668149,-0.0135628857500081,29.615073814332312,-0.40169049349636926,-1.9149752552881785,0.011693705988362009
2.3106680739642367,1.4843380427056918,0.006283185307179586,0.02879793265790644,-0.033510321638291124,-0.022514747350726852,-0.01381705634665648,29.637402300780607,-0.40952771901185453,-1.914800722362979,0.009250245035569947
2.488666183770066,-1.4026832168814944,0.006457718232379019,0.022165681500327987,-0.03368485456349056,-0.02356194490192345,-0.013462846495443851,29.66577691773552,-0.39940993188497026,-1.914800722362979,0.006108652381980154
2.447513913882762,4.996669763831333,0.0066322511575784525,0.006981317007977318,-0.034033920413889425,-0.038397243543875255,-0.01366057344692913,29.678566115595984,-0.405451453138522,-1.914800722362979,0.012566370614359171
2.4014237200571715,-3.7420017757709405,0.006806784082777886,0.013089969389957472,-0.03438298626428829,-0.033510321638291124,-0.013481453278612481,29.707008989098455,-0.4005179186826982,-1.9146261894377796,0.00017453292519943296
1.9840530334269686,0.5324099857049155,0.006806784082777886,0.01884955592153876,-0.034557519189487726,-0.03298672286269283,-0.013246152488789966,29.72583796379133,-0.39377601351423674,-1.9146261894377796,0.0013962634015954637
2.008346924325919,-1.859406140062456,0.006981317007977318,0.027401669256310976,-0.03490658503988659,-0.019547687622336492,-0.01289360533949568,29.754431341981608,-0.3836631557615451,-1.9146261894377796,0.004014257279586958
2.074596575557905,-2.4238875209262085,0.007155849933176752,0.008726646259971648,-0.03508111796508603,-0.028972465583105872,-0.012973800413447282,29.776493203918964,-0.38633595604120324,-1.9146261894377796,-0.00942477796076938
2.26105993144934,3.0856556407765257,0.007155849933176752,0.02199114857512855,-0.035255650890285456,-0.02129301687433082,-0.012167732471747994,29.798146709089757,-0.3625937719382035,-1.91445165651258,0.0164060949687467
2.3981835946874934,-5.809186645713224,0.007330382858376184,0.0024434609527920616,-0.03543018381548489,-0.024783675378319478,-0.01193408145014986,29.816979266264536,-0.35585515322457395,-1.91445165651258,-0.008377580409572781
2.3302309320403887,1.8238911679482253,0.007330382858376184,0.005235987755982988,-0.03577924966588375,-0.01117010721276371,-0.011840384098790725,29.83924068598956,-0.3533245825034677,-1.9146261894377796,0.0029670597283903604
2.131201256821024,-4.11438611715177,0.00767944870877505,0.025656340004316644,-0.03577924966588375,0.005759586531581287,-0.011920926679579842,29.861816012673174,-0.35599738278312587,-1.9146261894377796,-0.010297442586766544
2.1702890880759793,-1.232833329370311,0.007853981633974483,0.02757620218151041,-0.03577924966588375,0.011519173063162575,-0.012140565138916405,29.887526786487204,-0.36286929413786806,-1.914800722362979,-0.010297442586766544
1.972257121315878,2.075941767792956,0.008028514559173916,0.041189770347066175,-0.03577924966588375,0.012740903539558606,-0.011907413495614895,29.90634964476114,-0.3561241027199448,-1.914800722362979,-0.005585053606381855
2.084866388210194,7.3597872539897065,0.008377580409572781,0.015707963267948967,-0.03577924966588375,-0.00942477796076938,-0.01107048754498315,29.931421570908913,-0.3313689668662794,-1.9149752552881785,0.006457718232379019
2.6054138693002713,-4.67533553285891,0.008726646259971648,0.038397243543875255,-0.03560471674068432,-0.024609142453120045,-0.01083805610612121,29.950738008530337,-0.3246204894043647,-1.9149752552881785,-0.010821041362364843
2.243774352110697,-0.9992298926095918,0.009075712110370514,0.03944444109507185,-0.03595378259108319,-0.0301941960595019,-0.01136976066831516,29.980079342831925,-0.34088101580028846,-1.915149788213378,-0.007155849933176752
2.262747306449365,-2.8246628055645937,0.00942477796076938,0.05585053606381855,-0.03612831551628262,-0.0029670597283903604,-0.01113753060314745,29.99905891611789,-0.3341292524999527,-1.915149788213378,-0.012566370614359171
2.3150790120102154,-4.149346862133422,0.010122909661567111,0.04363323129985824,-0.03612831551628262,0.013439035240356337,-0.011355442110795012,30.02519564030579,-0.34096402640800283,-1.9153243211385773,-0.013613568165555772
2.2684838436797508,2.848136214636627,0.01064650843716541,0.06684611035138283,-0.03612831551628262,-0.005585053606381855,-0.011688708168102885,30.042073937450088,-0.3511690280931079,-1.9154988540637767,-0.014835298641951801
2.0585222928968534,-2.766271029667444,0.011344640137963142,0.06230825429619757,-0.03612831551628262,-0.009773843811168246,-0.010854290128719102,30.067413263621617,-0.32637324437220006,-1.9156733869889762,-0.012915436464758038
2.4407444399736944,-2.092135058333059,0.011868238913561441,0.05515240436302082,-0.03612831551628262,-0.0013962634015954637,-0.0106226617165034,30.086583896870543,-0.3196116247910243,-1.9156733869889762,-0.016057029118347832
2.4648182449204707,-3.774203631159435,0.012566370614359171,0.053407075111026485,-0.03630284844148206,-0.018500490071139894,-0.01086050560976475,30.125374759224243,-0.32718966574048675,-1.916022452839375,-0.019722220547535925
2.594485567190301,6.14444628090631,0.013089969389957472,0.07679448708775051,-0.03647738136668149,-0.00767944870877505,-0.011055686789951214,30.138515198426614,-0.33321556057249774,-1.916022452839375,-0.011868238913561441
2.501698325256512,4.332999417550654,0.013962634015954637,0.07417649320975901,-0.03647738136668149,0.0029670597283903604,-0.01010788643717778,30.17387066570246,-0.3050044455002635,-1.9161969857645744,-0.004537856055185257
2.431171888350925,-2.7005015435518915,0.014486232791552936,0.053407075111026485,-0.03647738136668149,-0.00471238898038469,-0.010264524961841747,30.19053029413521,-0.30990233571069903,-1.9165460516149733,-0.02129301687433082
2.229633321048232,-0.916462832649612,0.0153588974175501,0.08569566627292158,-0.03647738136668149,-0.007853981633974483,-0.010053827797095221,30.2233277578175,-0.30387037115159576,-1.916720584540173,-0.015707963267948967
2.3933748360425633,0.1212326921007181,0.015707963267948967,0.054279739737023644,-0.03665191429188092,-0.0066322511575784525,-0.010074184283723489,30.235864155048347,-0.3046119724859904,-1.9168951174653721,-0.017976891295541596
2.2629683357905,3.4680244814540697,0.0164060949687467,0.05113814708343386,-0.03665191429188092,-0.004363323129985824,-0.009689087717674627,30.268188059711232,-0.29328030678707045,-1.9172441833157712,-0.017453292519943295
2.516091704268972,4.00782428320356,0.016755160819145562,0.04206243497306335,-0.03665191429188092,0.0041887902047863905,-0.009593675972677896,30.29092098294326,-0.29061019666607846,-1.9174187162409704,-0.007504915783575617
2.0866056186644943,1.880982504499317,0.017278759594743863,0.047647488579445195,-0.03665191429188092,0.0020943951023931952,-0.009807240496636926,30.31713713506658,-0.2973369879329501,-1.91759324916617,-0.01832595714594046
2.240400491082621,-3.0115208088364818,0.017627825445142728,0.04782202150464463,-0.03647738136668149,-0.0008726646259971648,-0.009711412271117473,30.339716971312143,-0.2946507627435891,-1.9177677820913692,-0.025830872929516076
2.4079954063596327,-4.649644269375728,0.01832595714594046,0.04921828490624009,-0.03647738136668149,0.0033161255787892262,-0.009749470779023264,30.366083011714508,-0.2960626195213953,-1.9181168479417683,-0.0291469985083053
2.355102265557718,8.405694734668595,0.01884955592153876,0.05235987755982989,-0.03647738136668149,0.0005235987755982988,-0.009902108012050569,30.38280358271976,-0.30086363625060897,-1.9184659137921671,-0.008726646259971648
2.1375106211397323,4.181594933843587,0.01937315469713706,0.04904375198104066,-0.03665191429188092,0.0008726646259971648,-0.00889967436978426,30.408295058288694,-0.27063106923627944,-1.9188149796425658,-0.01832595714594046
2.036630436231688,-3.2712277544837955,0.019722220547535925,0.04921828490624009,-0.03665191429188092,0.009599310885968814,-0.009111303601307824,30.43410575929439,-0.2773020509385055,-1.9189895125677654,-0.030892327760299633
2.3699928875712026,-1.5502157879231133,0.020071286397934793,0.04310963252425994,-0.03665191429188092,0.00767944870877505,-0.009147707255340651,30.460366137864053,-0.27865028489921567,-1.9193385784181642,-0.030019663134302467
2.3779225751880135,1.4513325121087326,0.020420352248333655,0.06230825429619757,-0.03682644721708035,-0.006806784082777886,-0.009165702679947974,30.473370980964226,-0.27931767994701157,-1.9195131113433637,-0.027052603405912107
2.3266726370543473,-1.2902746421525217,0.02111848394913139,0.05445427266222309,-0.03682644721708035,0.0,-0.008911585611941778,30.509659867221387,-0.2718966436164824,-1.920036710118962,-0.0328121899374934
2.2037583973199957,5.283207835455463,0.021642082724729686,0.04904375198104066,-0.03700098014227979,-0.003665191429188092,-0.009235697606576061,30.52659732461103,-0.2819424382791381,-1.9202112430441614,-0.025656340004316644
1.9956111373077285,-2.8119879041171516,0.022165681500327987,0.04921828490624009,-0.03700098014227979,-0.004014257279586958,-0.008788900932451327,30.54961552560829,-0.2685044579372091,-1.9207348418197596,-0.033161255787892266
2.3318125499370637,-1.1897164236919837,0.022514747350726852,0.06300638599699529,-0.03682644721708035,0.0153588974175501,-0.008997174596247746,30.575676586288058,-0.2751021237797244,-1.920909374744959,-0.04084070449666731
2.353249183012191,-2.315437384739925,0.023387411976724018,0.0651007810993885,-0.03665191429188092,0.004886921905584123,-0.008549765889221196,30.599328922428604,-0.26162347344598097,-1.9214329735205575,-0.03543018381548489
2.4048933473680987,-6.42446276693248,0.023736477827122883,0.04974188368183839,-0.03665191429188092,0.015184364492350668,-0.00827701307718463,30.62178433224756,-0.2534626975452191,-1.9217820393709562,-0.052534410485029326
2.2199787392317196,-6.65070098894977,0.024434609527920616,0.05881759579220891,-0.03647738136668149,0.013439035240356337,-0.008440361055710126,30.651794369303406,-0.25871835518369835,-1.9223056381465546,-0.0460766922526503
2.2538776808177103,-3.7477789613675063,0.02495820830351891,0.06283185307179587,-0.03630284844148206,0.02129301687433082,-0.008281664166681047,30.66543326281638,-0.25396662601669756,-1.9226547039969533,-0.052708943410228755
2.184608079937172,-0.7797315318557934,0.025656340004316644,0.06405358354819189,-0.03595378259108319,0.026878070480712675,-0.007849081210299563,30.70146144450288,-0.24098321301046496,-1.9233528356977512,-0.04293509959906051
2.4710750081878823,-12.565617478953337,0.026179938779914945,0.04886921905584123,-0.03577924966588375,0.02408554367752175,-0.007140315993622414,30.71729584891661,-0.21933492637570673,-1.9235273686229508,-0.06579891280018622
2.4304021974176173,-8.899177057963609,0.026878070480712675,0.07522369076095561,-0.03543018381548489,0.03944444109507185,-0.00815410247436512,30.748944442185465,-0.2507356010702578,-1.9242255003237483,-0.059864793343405505
2.2534879523398144,2.2402056730753444,0.027401669256310976,0.07923794804054256,-0.035255650890285456,0.029845130209103034,-0.007819892374865885,30.762140978850535,-0.2405615351984866,-1.9247490990993465,-0.04450589592585541
2.1508635523795374,-1.7894701463893212,0.028274333882308142,0.0757472895365539,-0.034732052114687155,0.04223696789826278,-0.007558920519866047,30.798817518875197,-0.23281024779598616,-1.925272697874945,-0.053407075111026485
2.4384051925577666,2.7320557578267457,0.02879793265790644,0.06318091892219473,-0.03438298626428829,0.03822271061867582,-0.007224249485041831,30.812008077208322,-0.2225975059366844,-1.9257962966505433,-0.044156830075456545
2.2662172486054852,0.7903705430334224,0.029670597283903602,0.09337511498169664,-0.03385938748868999,0.05009094953223726,-0.00720590841197556,30.843772500307892,-0.2222612467106885,-1.9264944283513408,-0.054105206811824215
1.8764167603624777,0.7597438099203332,0.0301941960595019,0.07400196028455958,-0.033510321638291124,0.0582939970166106,-0.00705868464865072,30.868623771349842,-0.21789549963501645,-1.9270180271269393,-0.055326937288220246
2.523937150928813,-2.2124306371841045,0.031066860685499065,0.07103490055616922,-0.0328121899374934,0.04834562028024293,-0.006735808853634265,30.896380862639347,-0.2081152632436002,-1.927716158827737,-0.059166661642607775
2.5279356646912787,-1.2956237951458363,0.03159045946109736,0.06789330790257943,-0.03246312408709453,0.041713369122664476,-0.00670216966547402,30.913379964924765,-0.20718981972605438,-1.9282397576033354,-0.0619591884457987
2.334042890194781,-6.352590659043404,0.0322885911618951,0.053407075111026485,-0.031939525311496235,0.04223696789826278,-0.006807796744148418,30.9469007032984,-0.21068346464485085,-1.9291124222293325,-0.07312929565856241
2.5649378815929165,3.3962104401764917,0.032637657012293965,0.050265482457436686,-0.03159045946109736,0.028972465583105872,-0.006772538173355732,30.96417907853352,-0.20970929109025205,-1.9296360210049308,-0.06161012259539984
2.2945622784526094,-5.106874740522679,0.033161255787892266,0.03874630939427412,-0.031241393610698498,0.03298672286269283,-0.006458339237949105,31.003516178159238,-0.20023400898543406,-1.930508685630928,-0.07714355293814937
2.4421272939066787,-2.8766212507979785,0.033335788713091695,0.023212879051524585,-0.031066860685499065,0.026354471705114377,-0.006120710086355103,31.01723072844778,-0.18984984776377015,-1.9310322844065262,-0.07173303225696695
2.1737679896220423,-1.4257971528942341,0.033510321638291124,0.0164060949687467,-0.030892327760299633,0.01117010721276371,-0.005619636912030313,31.043220349303343,-0.17445346337911136,-1.9319049490325233,-0.06719517620178168
2.8167255396402573,1.984821244484621,0.033510321638291124,-0.01064650843716541,-0.030892327760299633,-0.012042771838760876,-0.0054665538660831564,31.06974543811116,-0.16984612889554204,-1.9324285478081216,-0.060039326268604934
2.29147612259824,-2.484613458274244,0.033510321638291124,0.004886921905584123,-0.031066860685499065,-0.01117010721276371,-0.005564423209775555,31.102413186528455,-0.17306877605046142,-1.9333012124341187,-0.07452555906015788
2.5311966579383216,2.445082083677439,0.033510321638291124,-0.028448866807507574,-0.031241393610698498,-0.00017453292519943296,-0.005051224195455638,31.115419471523275,-0.15717229643193775,-1.9339993441349166,-0.05689773361501515
2.257636291287953,1.1689877101845927,0.033335788713091695,-0.019024088846738195,-0.031415926535897934,-0.014486232791552936,-0.005021303894459165,31.144798107559488,-0.15638881040122393,-1.9346974758357145,-0.06440264939859076
2.099132864066562,-2.6931990379910067,0.033161255787892266,-0.013788101090755204,-0.031415926535897934,-0.020943951023931952,-0.004681913964260288,31.15736853830314,-0.14587718474208738,-1.9352210746113125,-0.06475171524898962
2.1650346077227662,0.5211789024438876,0.0328121899374934,-0.01832595714594046,-0.031939525311496235,-0.03577924966588375,-0.004475883273546932,31.187042308070176,-0.13959049318283126,-1.9360937392373099,-0.0619591884457987
2.009933288413424,-8.03420785524709,0.032637657012293965,0.006981317007977318,-0.032114058236695664,-0.04904375198104066,-0.004310193916248729,31.199918182456845,-0.13447853030898854,-1.9364428050877087,-0.07330382858376185
2.12702749656787,3.2187419733223885,0.032637657012293965,-0.0033161255787892262,-0.032637657012293965,-0.02530727415391778,-0.004400820830309392,31.233664998704505,-0.1374546509060203,-1.9373154697137058,-0.06213372137099813
2.467221869737579,7.803866959136931,0.032637657012293965,-0.01884955592153876,-0.0328121899374934,-0.01064650843716541,-0.005368849864049148,31.251665937123562,-0.16778711455022713,-1.937839068489304,-0.05044001538263613
2.59330331442874,-1.2194060734529908,0.03246312408709453,-0.013962634015954637,-0.03298672286269283,-0.014660765716752368,-0.004148161238431673,31.27937086679104,-0.12975261802122334,-1.9387117331153012,-0.061086523819801536
2.142309589868963,0.6591549915981831,0.03246312408709453,-0.005235987755982988,-0.03298672286269283,-0.003141592653589793,-0.004815729265176921,31.294482431530525,-0.15070691991309065,-1.9392353318908995,-0.06230825429619757
2.204077703883954,3.640782780079259,0.0322885911618951,0.0012217304763960308,-0.033161255787892266,-0.02129301687433082,-0.0037690788892083544,31.3224595217626,-0.11805737998139038,-1.9399334635916974,-0.04729842272904633
2.6003542100771044,1.3077454263121917,0.03246312408709453,0.01710422666954443,-0.033161255787892266,0.00017453292519943296,-0.004318093659406206,31.346690409969693,-0.1353587864006526,-1.9404570623672956,-0.054279739737023644
2.3778627223309066,2.954804656147601,0.032637657012293965,0.01815142422074103,-0.033335788713091695,0.0027925268031909274,-0.003981174676408157,31.37305825242493,-0.1249022849268013,-1.9411551940680933,-0.056548667764616284
2.4909754766075403,-1.3497034161316483,0.032637657012293965,0.00767944870877505,-0.033335788713091695,0.02129301687433082,-0.004231039109903096,31.393628106873347,-0.13282846094094347,-1.9416787928436916,-0.060039326268604934
2.407636232864233,-2.0061272948561983,0.032637657012293965,-0.0010471975511965976,-0.033161255787892266,0.005585053606381855,-0.004188905986661613,31.422246220429802,-0.13162560518325533,-1.9423769245444895,-0.059341194567807204
2.5881758718089096,-10.87610184855532,0.0328121899374934,0.006981317007977318,-0.03298672286269283,0.007330382858376184,-0.0037282071674281047,31.444976335559122,-0.11723392931979638,-1.9429005233200878,-0.07068583470577035
2.587171900215455,2.8515282176884935,0.03298672286269283,0.0029670597283903604,-0.033161255787892266,-0.021467549799530253,-0.003684175130861274,31.47467047874121,-0.11595872287188039,-1.9435986550208855,-0.046251225177849735
2.371021160311116,-2.928994322308265,0.0328121899374934,0.006457718232379019,-0.033335788713091695,-0.012217304763960308,-0.0043425171285794775,31.488568553070635,-0.1367405078232304,-1.9441222537964837,-0.06091199089460211
2.36533554934417,-3.4311109182532453,0.03298672286269283,0.011868238913561441,-0.033510321638291124,-0.010821041362364843,-0.004295656094377866,31.519616981712343,-0.13539826760042992,-1.9448203854972814,-0.05515240436302082
2.5876349253890805,-9.220756077207076,0.03298672286269283,-0.0054105206811824215,-0.033510321638291124,-0.013788101090755204,-0.004007419266389706,31.541592010616704,-0.12640106015878858,-1.9451694513476803,-0.0661479786505851
2.592263123394794,1.872425037580887,0.0328121899374934,-0.019198621771937627,-0.03368485456349056,-0.01832595714594046,-0.003959143134085443,31.57018795143863,-0.1249915459435006,-1.9458675830484782,-0.04537856055185257
2.1595454367530746,0.471715838718258,0.0328121899374934,0.009250245035569947,-0.03385938748868999,-0.040491638646268445,-0.004612603105347204,31.584914181931275,-0.14568970647578108,-1.9463911818240762,-0.053232542185827056
2.5209875661443486,2.4158324394620396,0.032637657012293965,-0.01780235837034216,-0.03438298626428829,-0.029670597283903602,-0.0041504268694028176,31.62016015550858,-0.1312379158951114,-1.9470893135248741,-0.0471238898038469
2.4272950708132934,2.1845480930112395,0.03246312408709453,-0.020594885173533087,-0.034557519189487726,-0.024609142453120045,-0.004801471382605646,31.63420560412471,-0.15189190016653634,-1.9476129123004724,-0.053407075111026485
2.2673165165445304,-10.133948660824833,0.0322885911618951,-0.008552113334772215,-0.03490658503988659,-0.026878070480712675,-0.005040921003497601,31.668513249236693,-0.15963982578630492,-1.94831104400127,-0.06998770300497262
1.931825891599559,2.9975577102629125,0.032114058236695664,-0.022863813201125717,-0.035255650890285456,-0.020245819323134222,-0.005160245455184343,31.68354236900287,-0.16349630671683918,-1.948660109851669,-0.053232542185827056
2.257559060731518,0.8689646984470838,0.0317649923862968,-0.024260076602721184,-0.03543018381548489,-0.027925268031909273,-0.004109206491517183,31.711675145633155,-0.13031055482249096,-1.9493582415524666,-0.05113814708343386
2.531227401388168,-5.672714123142922,0.03159045946109736,-0.03159045946109736,-0.03577924966588375,-0.05951572749300664,-0.0042274691677642905,31.728951356888388,-0.13413396264586347,-1.9497073074028657,-0.0635299847725936
2.480974424445554,-4.3698867157522985,0.031241393610698498,-0.01710422666954443,-0.03647738136668149,-0.03385938748868999,-0.00469834937256236,31.756072600197314,-0.1492022216319561,-1.9505799720288628,-0.06265732014659643
2.1413479906271005,0.17214267644338505,0.031066860685499065,-0.006108652381980154,-0.03647738136668149,0.0015707963267948964,-0.00469702731327967,31.781399911885554,-0.1492792012445145,-1.9509290378792616,-0.05096361415823442
1.696128643558405,-6.6111596496623415,0.030892327760299633,0.012740903539558606,-0.03630284844148206,0.01832595714594046,-0.004638603319350317,31.799645337202527,-0.14750699836852557,-1.95145263665486,-0.05672320068981571
2.306366432548706,3.443041153432572,0.030892327760299633,-0.005934119456780721,-0.03630284844148206,-0.0012217304763960308,-0.004871073301235797,31.820151170149654,-0.15499951471765114,-1.9519762354304582,-0.0466002910282486
2.042612556767112,-0.7171361497317207,0.030892327760299633,0.012391837689159739,-0.03630284844148206,0.0041887902047863905,-0.004519075654651883,31.845325157168375,-0.1439124132954824,-1.9526743671312559,-0.04904375198104066
1.9374497852865085,-2.513663008353853,0.031066860685499065,0.027227136331111543,-0.03612831551628262,0.00767944870877505,-0.004633516385764286,31.861875551969135,-0.14763357899117704,-1.953023432981655,-0.05497787143782138
2.3012954046027376,-7.9833488081767525,0.031241393610698498,0.0153588974175501,-0.03612831551628262,0.005759586531581287,-0.004979492525470019,31.88594770039151,-0.1587771505552484,-1.9537215646824524,-0.06161012259539984
2.378885814894078,-6.694670286826984,0.031415926535897934,0.028623399732707007,-0.03612831551628262,0.033161255787892266,-0.004683628420029712,31.90929802164513,-0.1494523878935238,-1.9540706305328515,-0.06073745796940267
2.551206077391638,-0.03196242072573052,0.032114058236695664,0.05375614096142535,-0.03560471674068432,0.04782202150464463,-0.004852585529240238,31.935268901320438,-0.15496984013341533,-1.9549432951588486,-0.05480333851262195
2.0515995564934864,-4.622702653541573,0.032637657012293965,0.06963863715457375,-0.035255650890285456,0.016580627893946133,-0.004555924728093156,31.958501954457702,-0.14560153671886644,-1.9552923610092474,-0.05777039824101231
2.4202189407187107,2.3304489008025895,0.033335788713091695,0.05585053606381855,-0.03508111796508603,0.016231562043547264,-0.004199854270482789,31.984963067350172,-0.13433297355364554,-1.9559904927100453,-0.041713369122664476
2.484094149649714,-8.132183569288197,0.03385938748868999,0.04729842272904633,-0.03490658503988659,0.005235987755982988,-0.004425220889800708,32.006484955014116,-0.14163669037049728,-1.9565140914856436,-0.06318091892219473
2.334468045600769,1.1076115327912042,0.034557519189487726,0.06300638599699529,-0.03490658503988659,0.0010471975511965976,-0.004878223443164568,32.03501121976023,-0.15627518236641105,-1.9573867561116407,-0.06126105674500097
2.5095594847675278,-7.543534321526453,0.03490658503988659,0.05777039824101231,-0.03508111796508603,0.013962634015954637,-0.004579765033023422,32.05784696353863,-0.14681843302779551,-1.9577358219620395,-0.07208209810736581
2.9723293452747312,-2.6265481710466663,0.03577924966588375,0.0762708883121522,-0.03508111796508603,0.0013962634015954637,-0.004741227667999925,32.08449278371364,-0.1521210247565933,-1.9586084865880367,-0.06213372137099813
2.1653345670514175,1.7197364709587009,0.03647738136668149,0.07086036763096978,-0.03508111796508603,-0.005934119456780721,-0.004962149170147423,32.106943037016364,-0.15932074839682822,-1.959132085363635,-0.05881759579220891
2.1940658741544965,2.024268257759881,0.03735004599267865,0.06702064327658225,-0.035255650890285456,-0.013788101090755204,-0.004139360707740343,32.13013252041448,-0.13299896770541242,-1.960004749989632,-0.057944931166211744
2.397315319148349,-0.25545876566458964,0.03787364476827695,0.06771877497737998,-0.035255650890285456,0.01117010721276371,-0.004765677584868044,32.145621169072776,-0.15319682604477441,-1.9605283487652303,-0.0715584993317675
2.3563320370892527,-12.112498399040268,0.038571776469074684,0.06754424205218056,-0.03508111796508603,0.015707963267948967,-0.005034878420958932,32.174721574963215,-0.16199718023666904,-1.961575546316427,-0.0942477796076938
1.7325363480266827,-4.766314781972821,0.039095375244672985,0.05358160803622592,-0.03508111796508603,0.0013962634015954637,-0.004152827675537291,32.201951942413096,-0.1337299260014328,-1.9620991450920253,-0.08552113334772216
1.9938463228205145,-12.320475139405593,0.039793506945470715,0.07051130178057091,-0.03543018381548489,-0.02408554367752175,-0.004538607237523926,32.223431904972735,-0.14625050546570662,-1.9631463426432219,-0.096342174710087
2.1699540942815334,-2.3542300382419303,0.040317105721069016,0.07539822368615504,-0.03543018381548489,-0.0020943951023931952,-0.0036014066340850264,32.24381288958991,-0.11612358369518179,-1.9638444743440195,-0.0825540736193318
2.2916365078379703,-1.3197362421967567,0.041189770347066175,0.07487462491055674,-0.03543018381548489,-0.004363323129985824,-0.0035790868010862503,32.27009593437132,-0.11549796759993806,-1.964891671895216,-0.08744099552491591
2.4414214049225884,-4.923155055900943,0.041713369122664476,0.04136430327226561,-0.035255650890285456,0.015009831567151233,-0.003333158232694672,32.286469788634705,-0.10761631111798706,-1.965589803596014,-0.0947713783832921
1.9788478216788201,-7.574616938075551,0.04241150082346221,0.07312929565856241,-0.03508111796508603,0.030543261909900768,-0.003704232843585441,32.32088885858243,-0.11972464563856473,-1.96681153407241,-0.09983283321407564
2.0316425928669926,4.754278229084228,0.04276056667386108,0.051487212933832724,-0.03490658503988659,0.022165681500327987,-0.0036875262951600275,32.332711506938466,-0.11922826429217362,-1.9676841986984073,-0.09093165402890457
2.8902407969457085,-6.184256535273879,0.04328416544945937,0.039269908169872414,-0.034732052114687155,0.01710422666954443,-0.0027957146389137903,32.358774482611956,-0.0904661352135221,-1.9689059291748032,-0.10297442586766545
2.6914969851123143,-1.14902460701003,0.04363323129985824,0.04974188368183839,-0.034732052114687155,0.0158824961931484,-0.0024260447089565888,32.38687717903898,-0.07857216617044253,-1.9696040608756011,-0.0932005820564972
2.4537102242107,0.5199614961707605,0.044331363000655974,0.044156830075456545,-0.034557519189487726,0.021642082724729686,-0.002047437942402183,32.41244489087287,-0.06636256220628613,-1.9710003242771965,-0.1033234917180643
1.5082235724078699,-9.20979402019661,0.04468042885105484,0.05096361415823442,-0.03438298626428829,0.045029494701453704,-0.001622824945800644,32.4305169196513,-0.052629098063071394,-1.9718729889031936,-0.1165879940332212
2.415823290304366,0.45570622249646675,0.045029494701453704,0.030892327760299633,-0.03385938748868999,0.02129301687433082,-0.0014161023762192873,32.45553311996898,-0.04596038829481532,-1.9730947193795896,-0.09878563566287905
2.5791527079761725,-3.3120365829541627,0.04520402762665313,0.039793506945470715,-0.03368485456349056,0.021467549799530253,-0.0016775697018259566,32.47220956110389,-0.05447444601245083,-1.973967384005587,-0.10943214410004447
2.176126806403112,-8.825784870111054,0.045553093477052,0.019198621771937627,-0.033510321638291124,0.0153588974175501,-0.0018590068005579848,32.50471326219694,-0.06042655261412844,-1.9753636474071823,-0.12461650859239513
1.5024095055525761,-5.049351503616809,0.045553093477052,0.022689280275926284,-0.033510321638291124,-0.0022689280275926286,-0.0010270560081060347,32.52614250136422,-0.03340618182264397,-1.9762363120331794,-0.11484266478122689
2.488009051892018,-6.902274014456846,0.045727626402251434,0.006108652381980154,-0.033510321638291124,0.009599310885968814,-0.0013260008208939057,32.551765669658245,-0.04316369329744251,-1.9776325754347748,-0.1239183768915974
2.1902425061677215,-0.2967093300512332,0.04590215932745086,0.011693705988362009,-0.033335788713091695,0.00767944870877505,-0.0007222176030940808,32.56987368096608,-0.02352254019271651,-1.9786797729859715,-0.11239920382843482
2.6799148308439427,-4.657882187894868,0.045727626402251434,-0.014835298641951801,-0.033335788713091695,0.017278759594743863,-0.0006138884896376794,32.59747325196226,-0.020011216134454647,-1.980076036387567,-0.12322024519079967
2.380666955289739,-6.770789380994934,0.045727626402251434,0.003665191429188092,-0.033335788713091695,-0.0020943951023931952,-0.00046394844108178047,32.61950353284166,-0.015133768898762152,-1.980948701013564,-0.13212142437597074
2.0309445899500376,-9.233038917272058,0.045553093477052,-0.013962634015954637,-0.033510321638291124,-0.011693705988362009,-7.110785273391303e-05,32.64410744660693,-0.0023212523888556966,-1.9823449644151594,-0.11746065865921838
1.5215305733888311,-3.019650613916895,0.04537856055185257,0.009773843811168246,-0.033510321638291124,-0.00942477796076938,0.0002552173413854229,32.66519145614512,0.008336723500289828,-1.9833921619663561,-0.11152653920243767
1.8679387329377164,0.52695028130038,0.04537856055185257,-0.0022689280275926286,-0.03368485456349056,0.0012217304763960308,0.0006338654956114709,32.67856866551448,0.02071381989721049,-1.9846138924427523,-0.1075122819228507
2.1738019433417666,-14.3709174848428,0.04520402762665313,-0.019547687622336492,-0.03385938748868999,0.0017453292519943296,0.0010677151719119976,32.695204065289566,0.03490917869493996,-1.9854865570687494,-0.1303760951239764
2.541768783311199,-3.3050554353474886,0.045029494701453704,-0.010821041362364843,-0.034033920413889425,-0.006806784082777886,0.0006263387802956828,32.73200082392457,0.020501324153585923,-1.9868828204703448,-0.1090830782496456
2.50610577328058,-4.653736739038815,0.04485496177625427,-0.030892327760299633,-0.034033920413889425,-0.006108652381980154,0.00038009007450861903,32.74763182640554,0.0124470504202814,-1.987755485096342,-0.11676252695842065
2.6649303747504045,-1.6771464629256152,0.04450589592585541,-0.02076941809873252,-0.034033920413889425,-0.010471975511965976,0.0007815063404302166,32.772354670995824,0.025611808180367,-1.9891517484979373,-0.10541788682045751
2.340010220409527,-4.222803942107596,0.044331363000655974,-0.016929693744344994,-0.034033920413889425,0.006283185307179586,0.0009402940490345565,32.79312899087136,0.030835193127014594,-1.9900244131239344,-0.1075122819228507
1.9188101913793214,-2.8323461145366893,0.044156830075456545,-0.005061454830783556,-0.034033920413889425,0.028274333882308142,0.0011701367753530665,32.819750749684815,0.038403614837795946,-1.9912461436003306,-0.10053096491487337
2.045328687315073,-10.485525296145028,0.0439822971502571,-0.007155849933176752,-0.03385938748868999,0.012915436464758038,0.0014348808810415636,32.836044673516504,0.04711584504639965,-1.9919442753011283,-0.10524335389525807
2.1243987121944206,-1.7499996960283248,0.04380776422505767,-0.02548180707911721,-0.03368485456349056,0.0307177948351002,0.0012650978352301428,32.855050427357604,0.041564875346510086,-1.9931660057775245,-0.09337511498169664
2.1987814993110124,-6.989067310145312,0.04363323129985824,-0.010995574287564275,-0.033510321638291124,0.051487212933832724,0.0012537200965794108,32.87679378892216,0.041218318680115676,-1.9938641374783221,-0.0926769832808989
2.5260850615354005,-8.91284587050183,0.04345869837465881,-0.017278759594743863,-0.0328121899374934,0.0645771823237902,0.0005327764120545125,32.90543576930092,0.017531241665010164,-1.995085867954718,-0.10245082709206714
1.8508538779043415,-5.979974051073495,0.04328416544945937,-0.013264502315156905,-0.03246312408709453,0.053407075111026485,0.0014796676621560915,32.92311269808119,0.04871530074956916,-1.995783999655516,-0.08360127117052839
2.0165653018167853,-0.649925845701219,0.04310963252425994,0.008726646259971648,-0.031939525311496235,0.04450589592585541,0.0005886635815795239,32.953165100196834,0.019398330432930894,-1.9968311972067123,-0.08447393579652555
2.603666739344259,1.6239405737394703,0.04328416544945937,-0.0,-0.03159045946109736,0.04380776422505767,0.0004568082806487418,32.966492395640415,0.015059367757770859,-1.9975293289075102,-0.07278022980816354
2.5486869004275716,-1.5149707616987969,0.04293509959906051,-0.023736477827122883,-0.031066860685499065,0.06283185307179587,0.0003495780489368082,32.98853270262663,0.011532067369230355,-1.9984019935335073,-0.0788888821901437
2.9547221858814052,-11.070679357818985,0.04293509959906051,-0.010821041362364843,-0.030543261909900768,0.05689773361501515,0.0007463739969111595,33.016279873720016,0.024642497348385417,-1.9991001252343052,-0.08761552845011535
2.3745239751122584,-2.1640609639387773,0.04276056667386108,-0.01780235837034216,-0.029845130209103034,0.06300638599699529,-3.469471686359235e-05,33.03983354701238,-0.0011463076705937603,-1.9999727898603024,-0.07801621756414652
2.338631973889393,1.0088750218103544,0.04258603374866164,-0.014311699866353503,-0.02949606435870417,0.039968039870670144,-0.00043784697044490064,33.05683723772425,-0.014473836961954034,-2.0006709215611,-0.07347836150896127
2.5394410234933282,-6.878967029074069,0.04241150082346221,-0.017976891295541596,-0.02879793265790644,0.05131268000863329,-0.0004128882952554449,33.091184434624736,-0.013662963505601575,-2.0015435861870974,-0.07278022980816354
2.3284589361607315,-1.0840152201426387,0.04223696789826278,-0.018675022996339326,-0.028448866807507574,0.07051130178057091,-0.0007133303294587952,33.10406728689754,-0.023614139229463003,-2.0020671849626956,-0.06475171524898962
2.3092205829141768,-3.504065629273215,0.041887902047863905,-0.02495820830351891,-0.02757620218151041,0.06719517620178168,-0.0008120407572986108,33.12806151969235,-0.02690134207729258,-2.0029398495886928,-0.06981317007977318
2.4338525039357144,-3.9612725808965297,0.04153883619746504,-0.016057029118347832,-0.027227136331111543,0.039793506945470715,-0.0008573847516085278,33.157810602721696,-0.02842900817363374,-2.003463448364291,-0.06736970912698112
1.9229436736449566,-3.0717129153448184,0.04136430327226561,-0.01064650843716541,-0.026703537555513242,0.03822271061867582,-0.0013534184568524752,33.17998226849552,-0.04490642781921249,-2.004336112990288,-0.07068583470577035
2.1416650830279185,-0.14319490040366598,0.041015237421866746,-0.04799655442984406,-0.02652900463031381,0.04241150082346221,-0.0016974471301845848,33.20069502331791,-0.056356478614618316,-2.004685178840687,-0.059864793343405505
2.1985142366853587,-4.946077111255081,0.04066617157146788,-0.03700098014227979,-0.02600540585471551,0.052185344634630454,-0.0015176793473277823,33.22146124512553,-0.05041956433109455,-2.005557843466684,-0.06387905062299247
2.2963758718131877,-5.768665674534178,0.040317105721069016,-0.03752457891787808,-0.02548180707911721,0.06126105674500097,-0.0018599422359791608,33.24182198508552,-0.061827940006529546,-2.005906909317083,-0.06876597252857658
2.301094754799104,0.8982237636347821,0.039968039870670144,-0.031241393610698498,-0.02495820830351891,0.03298672286269283,-0.001452993116891375,33.2678748566208,-0.04833802719718218,-2.0066050410178806,-0.045727626402251434
2.729357521952823,-0.4495057300873251,0.03961897402027128,-0.04206243497306335,-0.02495820830351891,0.008552113334772215,-0.0020187414108797513,33.28465203719103,-0.06719319669208174,-2.007128639793479,-0.0486946861306418
2.341259676784031,3.0342245214883232,0.039269908169872414,-0.021642082724729686,-0.02495820830351891,0.009773843811168246,-0.0020563694812444845,33.31494195017295,-0.06850792646126654,-2.007652238569077,-0.04258603374866164
1.8167014538700426,-2.569668736073419,0.039095375244672985,0.0008726646259971648,-0.02495820830351891,0.016755160819145562,-0.00234819572186944,33.32838325991077,-0.0782617108334288,-2.0081758373446754,-0.0439822971502571
2.25425640059928,-5.061620744621442,0.03892084231947355,-0.023212879051524585,-0.024609142453120045,0.031415926535897934,-0.002829346326326294,33.36221090595359,-0.09439350074465458,-2.0085249031950743,-0.04345869837465881
2.234438269832398,-3.626517914468412,0.038571776469074684,-0.0066322511575784525,-0.024434609527920616,0.018500490071139894,-0.002623985375312852,33.37500505669642,-0.08757572616488339,-2.0088739690454736,-0.041015237421866746
2.255095088829671,-2.933348210346591,0.03874630939427412,0.01064650843716541,-0.024260076602721184,0.003839724354387525,-0.00332702217053971,33.40576621839163,-0.11114213491302351,-2.0093975678210714,-0.04537856055185257
2.6209950783748575,-11.112353321710621,0.03874630939427412,0.012391837689159739,-0.024260076602721184,0.006806784082777886,-0.0027225605989037362,33.42273123310975,-0.09099563599320769,-2.0097466336714707,-0.05305800926062762
2.332570804099517,-0.024101707241702096,0.03892084231947355,0.014311699866353503,-0.024260076602721184,0.003490658503988659,-0.0034228710780435756,33.45430486177404,-0.11451021975011817,-2.010270232447069,-0.03298672286269283
2.111437420077611,-2.8820102648620116,0.03892084231947355,0.0029670597283903604,-0.024260076602721184,-0.011519173063162575,-0.0036603343025802125,33.47226157520604,-0.12252021440635845,-2.0104447653722683,-0.03892084231947355
1.939352104293083,-3.909854932105421,0.039095375244672985,0.016057029118347832,-0.024260076602721184,0.016755160819145562,-0.004216311800589495,33.48942080930986,-0.14120267688761157,-2.0109683641478666,-0.044331363000655974
2.1388925598903494,-7.6481962938150225,0.039269908169872414,0.028274333882308142,-0.02408554367752175,0.02199114857512855,-0.0033877263141161565,33.51237067282433,-0.11353117429775553,-2.011142897073066,-0.03577924966588375
2.3415848382795605,-5.769061111952281,0.03961897402027128,0.02652900463031381,-0.023911010752322315,0.02757620218151041,-0.004480492582717899,33.53814120140466,-0.15026839842909023,-2.0116664958486643,-0.038571776469074684
2.73455236321348,-4.271042455060392,0.039793506945470715,0.011868238913561441,-0.023736477827122883,0.016057029118347832,-0.004318254827711789,33.56136422505836,-0.14492742392681862,-2.0118410287738637,-0.039095375244672985
1.9211915056642448,-0.08446221829526385,0.039968039870670144,0.030543261909900768,-0.02356194490192345,0.02949606435870417,-0.004344714933087749,33.59277944613655,-0.14595196886114967,-2.012364627549462,-0.031939525311496235
1.9641277398135126,4.0600582665441065,0.04014257279586959,0.0328121899374934,-0.023387411976724018,0.030019663134302467,-0.004801486966109025,33.60571538847789,-0.16135864442875153,-2.012713693399861,-0.024434609527920616
2.1167368801680086,0.4491487702258054,0.040491638646268445,0.034033920413889425,-0.02303834612632515,0.023212879051524585,-0.00473213818077762,33.633324034730705,-0.15915872483375373,-2.0130627592502597,-0.03682644721708035
2.4508223306110253,-4.544355189887878,0.04084070449666731,0.044156830075456545,-0.022863813201125717,0.028623399732707007,-0.004697288897853065,33.647200701291865,-0.15805178474546813,-2.013237292175459,-0.03752457891787808
2.4719564283160507,-2.8458590964238533,0.041189770347066175,0.020594885173533087,-0.02234021442552742,0.040491638646268445,-0.005384911538824499,33.6762045319727,-0.1813451352095097,-2.0137608909510574,-0.04310963252425994
2.207158063170884,-1.3337505913460466,0.04153883619746504,0.031415926535897934,-0.022165681500327987,0.020943951023931952,-0.005046357942061526,33.69913215563059,-0.17005932675814503,-2.014109956801456,-0.039095375244672985
2.325810669366868,-1.0183126607166535,0.04153883619746504,0.0022689280275926286,-0.02199114857512855,0.010471975511965976,-0.004975133325208911,33.725399880017186,-0.16778974522590562,-2.014459022651855,-0.03682644721708035
2.676965961445589,2.198452415577524,0.041713369122664476,0.010122909661567111,-0.022165681500327987,0.015533430342749533,-0.0052985583627579436,33.74991198175569,-0.17882755188760066,-2.014808088502254,-0.03420845333908886
2.1550870749445226,0.682211013363538,0.041887902047863905,0.023911010752322315,-0.02181661564992912,0.014660765716752368,-0.005051751951813402,33.7771178426522,-0.17063507253765242,-2.015331687277852,-0.03717551306747922
2.42569549423271,-3.851127551124566,0.04206243497306335,0.007155849933176752,-0.02181661564992912,0.02495820830351891,-0.004841063819374622,33.79055873973526,-0.16358352926239988,-2.0156807531282515,-0.039968039870670144
2.560909739934831,-1.766896392844103,0.04206243497306335,-0.013962634015954637,-0.021642082724729686,0.016580627893946133,-0.004860211074206287,33.81948328001068,-0.16437112140260607,-2.0162043519038493,-0.039095375244672985
2.029962588892192,-1.062615564129686,0.041887902047863905,-0.017278759594743863,-0.021467549799530253,0.013264502315156905,-0.005576046694773513,33.835875507821214,-0.1886723772133876,-2.0165534177542486,-0.05113814708343386
2.0713243116936417,-5.379438276045665,0.04136430327226561,-0.03874630939427412,-0.02129301687433082,0.009948376736367679,-0.005198159555526501,33.87146960009754,-0.17607088922677408,-2.017077016529847,-0.04729842272904633
2.4675370191112953,-0.5715101570775156,0.041189770347066175,-0.03769911184307752,-0.02129301687433082,-0.0033161255787892262,-0.004986143337756125,33.88603504498757,-0.1689620281084052,-2.0174260823802457,-0.041015237421866746
2.4600318746490157,2.3965114101608176,0.04084070449666731,-0.027052603405912107,-0.02129301687433082,0.0022689280275926286,-0.004910785928086119,33.91262371079005,-0.16653897404679976,-2.0177751482306445,-0.038397243543875255
2.39947551589641,-0.42764957465801434,0.04066617157146788,-0.0328121899374934,-0.020943951023931952,0.01832595714594046,-0.0053576901627517114,33.925581403364234,-0.1817644929275626,-2.0181242140810434,-0.041189770347066175
2.502103600980389,-4.432796996689626,0.04014257279586959,-0.0603883921190038,-0.02076941809873252,0.025830872929516076,-0.0051071713315387285,33.950133018204795,-0.17339065358276462,-2.0186478128566416,-0.041713369122664476
2.4933292502098965,2.7246612877995324,0.03961897402027128,-0.06667157742618339,-0.020594885173533087,0.033510321638291124,-0.005423750737675937,33.972005254880614,-0.1842574953370391,-2.0189968787070405,-0.034732052114687155
2.0684369215646115,-1.2284006300253303,0.03892084231947355,-0.053407075111026485,-0.020420352248333655,0.020245819323134222,-0.0050817947193397515,33.99376364518352,-0.17275081566087222,-2.0193459445574393,-0.03735004599267865
2.2645856109449882,-2.159266781891138,0.038397243543875255,-0.05742133239061344,-0.020245819323134222,0.02600540585471551,-0.004739807059877897,34.01558261820121,-0.161228506015648,-2.019695010407838,-0.0291469985083053
2.048810705628665,4.963436557984437,0.03769911184307752,-0.050789081233034994,-0.019896753472735357,0.024783675378319478,-0.004661746421003024,34.04242622662121,-0.15869830823005712,-2.020044076258237,-0.022514747350726852
2.242960562710878,-5.366006605210406,0.03717551306747922,-0.07243116395776468,-0.019722220547535925,0.034033920413889425,-0.0049761111718955205,34.06280401436046,-0.16950169865333203,-2.020393142108636,-0.03961897402027128
2.194672757304132,-2.169755242959675,0.03630284844148206,-0.06335545184739416,-0.01937315469713706,0.04084070449666731,-0.005289490827216311,34.08418750733147,-0.18028967860069106,-2.0207422079590347,-0.03246312408709453
2.221565325631226,0.32556700648189585,0.03577924966588375,-0.07260569688296412,-0.019198621771937627,0.019198621771937627,-0.005120858397995879,34.105273832201796,-0.17464980454729387,-2.020916740884234,-0.022165681500327987
1.966837496279245,0.374903642459075,0.034732052114687155,-0.07243116395776468,-0.01884955592153876,0.03612831551628262,-0.005040920296289233,34.13125457678522,-0.1720543912874165,-2.021265806734633,-0.019547687622336492
2.0785124018841517,-2.5270716557649147,0.034033920413889425,-0.06387905062299247,-0.018500490071139894,0.03769911184307752,-0.005263893684420797,34.14766749627481,-0.179751351492447,-2.021440339659833,-0.026878070480712675
2.2965992174446073,1.6902386845812576,0.033161255787892266,-0.08499753457212385,-0.01815142422074103,0.029845130209103034,-0.005357538310862035,34.17303555759547,-0.18308509891204633,-2.021614872585032,-0.0164060949687467
2.2410797739826216,3.8119807102299337,0.032637657012293965,-0.06370451769779303,-0.017976891295541596,0.026179938779914945,-0.005841979578838341,34.194913252094985,-0.1997682575360599,-2.0217894055102312,-0.009250245035569947
1.9677772391225155,1.982861460111743,0.031939525311496235,-0.05881759579220891,-0.01780235837034216,0.006108652381980154,-0.005672167326115605,34.21667116651525,-0.19408476566453045,-2.021963938435431,-0.012566370614359171
2.419973527824258,2.9608203793583394,0.031415926535897934,-0.0747000919853573,-0.017627825445142728,0.015009831567151233,-0.005893329892431767,34.233869961464656,-0.2017538249096393,-2.02213847136063,-0.004363323129985824
2.120242801555062,-0.5204320431518872,0.030892327760299633,-0.039095375244672985,-0.017453292519943295,0.025656340004316644,-0.006159507860137542,34.26003141578521,-0.21102760156400963,-2.02213847136063,-0.01064650843716541
2.3515193669553507,3.3436200076084903,0.030368728984701335,-0.03892084231947355,-0.017278759594743863,0.019896753472735357,-0.0059893939852717305,34.280960502238244,-0.2053246338399157,-2.02231300428583,0.007330382858376184
2.168963639876295,2.02970306435075,0.029845130209103034,-0.022165681500327987,-0.01710422666954443,0.014835298641951801,-0.00625488443466018,34.30773987639458,-0.21459374670701836,-2.02231300428583,-0.008028514559173916
2.371058960148139,-7.727896685530562,0.029670597283903602,-0.032114058236695664,-0.016929693744344994,0.008377580409572781,-0.005997608083508657,34.324460847584994,-0.20586713228378378,-2.02231300428583,-0.011868238913561441
2.4340505065498785,-1.1752971453449534,0.029321531433504737,-0.013089969389957472,-0.01710422666954443,-0.011868238913561441,-0.006523895366244192,34.35538376969957,-0.2241341087960533,-2.02231300428583,0.003839724354387525
1.958182661055774,9.975415598022996,0.029321531433504737,-0.0024434609527920616,-0.01710422666954443,0.005061454830783556,-0.007306791506498985,34.36846806469307,-0.25112769973156096,-2.02231300428583,0.015184364492350668
2.1833659888582675,-2.0698822824429786,0.0291469985083053,-0.020420352248333655,-0.016929693744344994,0.02181661564992912,-0.007310132043360684,34.38986729078745,-0.25139894895349346,-2.02231300428583,-0.005934119456780721
2.226913562671108,0.5055559127427425,0.02879793265790644,-0.009948376736367679,-0.016755160819145562,0.02652900463031381,-0.007313480704705535,34.41120873806909,-0.2516701981754275,-2.02231300428583,0.0015707963267948964
2.3396922667564874,-0.24117427019357782,0.028623399732707007,-0.012740903539558606,-0.016580627893946133,0.010995574287564275,-0.007187977988229884,34.44277051222512,-0.247578140185745,-2.02231300428583,0.004886921905584123
2.240670056644211,-4.264333659855734,0.028623399732707007,-0.005235987755982988,-0.016580627893946133,-0.0012217304763960308,-0.00710552616827521,34.46014428360986,-0.24486157788169846,-2.02213847136063,0.003839724354387525
2.191968783949036,-6.661590825418203,0.028448866807507574,-0.010297442586766544,-0.016580627893946133,0.005934119456780721,-0.007757356714237106,34.482151650291186,-0.26749571630666297,-2.02213847136063,0.00034906585039886593
1.809774401123703,-3.3340678264083885,0.028448866807507574,0.002617993877991494,-0.0164060949687467,0.01710422666954443,-0.007674942910037752,34.49981149678111,-0.26478928278066055,-2.021963938435431,0.004886921905584123
2.1428680095755,-2.8366781092420967,0.028274333882308142,-0.011519173063162575,-0.016231562043547264,0.02199114857512855,-0.008112213471968454,34.52612223681361,-0.2800894180134302,-2.0217894055102312,0.008377580409572781
2.254985478929226,-3.8576338780056947,0.028099800957108706,-0.028972465583105872,-0.016057029118347832,-0.013089969389957472,-0.007855925306115832,34.54292576619333,-0.2713722273267657,-2.0217894055102312,0.006457718232379019
2.3085137831856755,-3.4608529297383606,0.02775073510670984,-0.023387411976724018,-0.016057029118347832,0.002617993877991494,-0.00816466441367695,34.57846026372778,-0.2823277975107612,-2.021614872585032,0.012042771838760876
2.3228104720591274,-1.494741400000751,0.02757620218151041,-0.028972465583105872,-0.016057029118347832,0.018500490071139894,-0.0082110089297625,34.587346994400036,-0.28400339762272786,-2.021440339659833,0.012217304763960308
2.139090759986482,-10.797225909697104,0.027227136331111543,-0.03787364476827695,-0.015707963267948967,0.035255650890285456,-0.008906644570016093,34.617680893287016,-0.30833553284421217,-2.021265806734633,0.003490658503988659
1.9710069453223567,-0.7103333955796611,0.026878070480712675,-0.04642575810304917,-0.015533430342749533,0.05113814708343386,-0.00856629879696132,34.630883474655036,-0.29666575207230944,-2.0210912738094335,0.015707963267948967
2.2568206025678053,5.1733699806638045,0.026354471705114377,-0.0619591884457987,-0.014835298641951801,0.03769911184307752,-0.008357636344068439,34.65659188575812,-0.28965393605474116,-2.020916740884234,0.025656340004316644
2.291972037027336,2.804141055620262,0.025830872929516076,-0.06894050545377602,-0.014660765716752368,0.02408554367752175,-0.00866316068167065,34.669456064968166,-0.3003545825803509,-2.0207422079590347,0.024434609527920616
2.2667915070116442,8.051232636169775,0.025132741228718343,-0.06841690667817772,-0.014311699866353503,0.03246312408709453,-0.008243646132287527,34.69977071572644,-0.2860591106545429,-2.020393142108636,0.03438298626428829
2.224953378536671,-1.4236696758807543,0.024609142453120045,-0.06876597252857658,-0.014137166941154071,0.04084070449666731,-0.008807607630512663,34.71699342978007,-0.30578156317626626,-2.0202186091834364,0.02303834612632515
1.6362879149876308,0.6082264876171765,0.023736477827122883,-0.057944931166211744,-0.013613568165555772,0.06702064327658225,-0.009243734050368721,34.743335708811955,-0.3211673029204556,-2.020044076258237,0.019198621771937627
2.0853725695165353,-3.560125667264453,0.023212879051524585,-0.06824237375297829,-0.013089969389957472,0.04974188368183839,-0.008905805404814709,34.755831814884935,-0.30953685833955275,-2.0198695433330376,0.016929693744344994
2.0868655890896552,-1.2399773956349078,0.02234021442552742,-0.06702064327658225,-0.012566370614359171,0.052534410485029326,-0.00951635203847397,34.781883823006865,-0.3310066431740589,-2.0195204774826387,0.024434609527920616
2.121635879295447,3.841055880419184,0.021642082724729686,-0.0778416846389471,-0.012217304763960308,0.03682644721708035,-0.009821784309348562,34.79383275230833,-0.34174850986148375,-2.0193459445574393,0.02600540585471551
2.1960611188110923,1.5678654066223212,0.02076941809873252,-0.06841690667817772,-0.011868238913561441,0.020245819323134222,-0.009789631718874923,34.82023598837529,-0.340888176647557,-2.0189968787070405,0.02775073510670984
2.160807783448721,2.504731764877244,0.020071286397934793,-0.056025068989017976,-0.011693705988362009,0.01780235837034216,-0.009710513155943772,34.837345635522205,-0.338299136379079,-2.018822345781841,0.03438298626428829
1.9202621186142212,-1.4810186110767831,0.01937315469713706,-0.0645771823237902,-0.011519173063162575,0.028099800957108706,-0.010063359965921548,34.85913888859675,-0.35081190520044264,-2.018473279931442,0.021467549799530253
2.0317114832603513,-2.5824611781293108,0.01884955592153876,-0.07138396640656808,-0.011344640137963142,0.0,-0.00972727210884804,34.87239914310849,-0.3392240147262399,-2.018298747006243,0.026703537555513242
2.101767025268114,5.906490422030973,0.01815142422074103,-0.0582939970166106,-0.011344640137963142,-0.023212879051524585,-0.009313517536011314,34.903028879740255,-0.3250793708882743,-2.017949681155844,0.04380776422505767
2.0394602036532974,1.3891586688778272,0.01780235837034216,-0.0614355896702004,-0.011519173063162575,-0.015009831567151233,-0.010176850893715445,34.91089650541226,-0.35529525416066265,-2.017600615305445,0.032114058236695664
2.224702257183722,-0.4419824236333445,0.016929693744344994,-0.06073745796940267,-0.011519173063162575,-0.004363323129985824,-0.010147129527959965,34.93718737865823,-0.35452433353328805,-2.0172515494550463,0.031939525311496235
1.943137783108074,-1.758461295201389,0.016580627893946133,-0.038571776469074684,-0.011519173063162575,-0.003141592653589793,-0.010243918884013386,34.95481559372368,-0.3580868212586356,-2.0169024836046474,0.031241393610698498
1.844817571547782,3.877194687813908,0.016057029118347832,-0.04328416544945937,-0.011519173063162575,-0.00017453292519943296,-0.010215036551039228,34.98157045398626,-0.35735045036580476,-2.0165534177542486,0.033510321638291124
2.1339507483780844,-3.505332727672085,0.015707963267948967,-0.03682644721708035,-0.011519173063162575,-0.0010471975511965976,-0.010312473999620177,34.99920577347527,-0.36094119465588137,-2.0162043519038493,0.02495820830351891
2.0566161293276335,3.887694448602737,0.015184364492350668,-0.05445427266222309,-0.011519173063162575,0.006457718232379019,-0.009771847704763663,35.01659023228806,-0.34218767867998306,-2.0158552860534504,0.05061454830783556
2.0941064629942736,2.964211320916752,0.014835298641951801,-0.05619960191421741,-0.011519173063162575,0.014137166941154071,-0.01050836665228912,35.03368455647434,-0.3681603540633245,-2.015506220203052,0.04136430327226561
2.202958436422335,8.35342424186466,0.014311699866353503,-0.03543018381548489,-0.011519173063162575,-0.005934119456780721,-0.010225022037430097,35.05602371678356,-0.35846110763398764,-2.015157154352653,0.04328416544945937
2.185616215324381,3.202396557086549,0.014137166941154071,-0.0164060949687467,-0.011693705988362009,-0.019722220547535925,-0.010961085043599883,35.073599903534,-0.3844601084871196,-2.014808088502254,0.03787364476827695
1.8987325557983379,2.456413580072778,0.013788101090755204,-0.024783675378319478,-0.012042771838760876,-0.030543261909900768,-0.010472099486554507,35.10067959062212,-0.3675912460986941,-2.0142844897266556,0.0466002910282486
2.013352239096815,-3.8903923324952605,0.013613568165555772,-0.02495820830351891,-0.012042771838760876,0.0019198621771937625,-0.010571376440714332,35.11855474343141,-0.3712652924768334,-2.013935423876257,0.028972465583105872
1.892477684219144,-1.2770531301935644,0.013264502315156905,-0.017453292519943295,-0.012042771838760876,-0.007155849933176752,-0.010671009317246183,35.13610234683227,-0.3749519076023508,-2.013586358025858,0.040491638646268445
2.0073603300303544,8.877015804574782,0.013089969389957472,-0.010471975511965976,-0.012042771838760876,-0.006108652381980154,-0.011406894204648662,35.15324549014495,-0.4010067450366798,-2.013237292175459,0.05044001538263613
2.2732420882194813,4.462025752820909,0.013089969389957472,0.004363323129985824,-0.012217304763960308,-0.018500490071139894,-0.010920973142896924,35.1807631195627,-0.38422344443981266,-2.012713693399861,0.044331363000655974
1.9340110888496915,1.6011337730588013,0.012915436464758038,0.006108652381980154,-0.012391837689159739,-0.013788101090755204,-0.011482185494399146,35.197966359161555,-0.4041673408036768,-2.0125391604746614,0.029670597283903602
1.952401830261912,-0.8830332839715905,0.012915436464758038,-0.0029670597283903604,-0.012391837689159739,-0.006108652381980154,-0.010742705318085884,35.22110598292101,-0.37838451857587446,-2.012015561699063,0.0466002910282486
1.9091687342714736,-6.506567079096477,0.012915436464758038,0.006108652381980154,-0.012391837689159739,0.01884955592153876,-0.010588478873475863,35.234920113483184,-0.37309815074421543,-2.0116664958486643,0.035255650890285456
2.0628674787698116,2.925472939832489,0.013089969389957472,0.005934119456780721,-0.012391837689159739,-0.0015707963267948964,-0.011119723175924535,35.25699967263579,-0.3920642358579475,-2.011142897073066,0.04485496177625427
2.2585499253714936,1.352960610907478,0.013264502315156905,0.0015707963267948964,-0.012391837689159739,0.009773843811168246,-0.011476377542937188,35.27940083877801,-0.4048974996481057,-2.010793831222667,0.03682644721708035
1.9697475341906998,-4.313185308671002,0.013264502315156905,0.00942477796076938,-0.012217304763960308,0.0010471975511965976,-0.011629260089011492,35.306065617037675,-0.4106019298397222,-2.010270232447069,0.03630284844148206
1.7807430009956458,2.0914955800182167,0.013439035240356337,0.0033161255787892262,-0.012391837689159739,-0.009250245035569947,-0.011854798473259164,35.31502269883618,-0.41867209022510543,-2.0099211665966696,0.03892084231947355
1.8161753995711956,-7.594175820662638,0.013439035240356337,0.010995574287564275,-0.012566370614359171,-0.013613568165555772,-0.012008258549262256,35.342225379860565,-0.42441898042516785,-2.0093975678210714,0.03700098014227979
2.3490137488941234,3.0256811168782667,0.013439035240356337,-0.008028514559173916,-0.012566370614359171,-0.023736477827122883,-0.011478678104379962,35.36075109699945,-0.4059125072123782,-2.0090485019706725,0.05585053606381855
2.212636305544889,1.114728473524274,0.013264502315156905,-0.013089969389957472,-0.012740903539558606,0.0008726646259971648,-0.011553755204006127,35.382940170724844,-0.408824020497669,-2.0083503702698753,0.05811946409141117
1.8411488628535952,2.858572569558019,0.013264502315156905,0.0006981317007977319,-0.012740903539558606,0.009948376736367679,-0.012034541147329686,35.396220269831,-0.42599783527694196,-2.008001304419476,0.05044001538263613
1.8262466196441107,4.689275828982957,0.013264502315156905,-0.022514747350726852,-0.012740903539558606,-0.0015707963267948964,-0.011733644867414461,35.423705656765215,-0.41566825842267896,-2.0073031727186783,0.05393067388662478
1.8981316882294748,0.6076657905525112,0.012915436464758038,-0.020420352248333655,-0.012740903539558606,-0.021467549799530253,-0.011583894832286543,35.43709505001922,-0.4105179443904944,-2.00695410686828,0.05899212871740834
2.157523874890322,4.070432089212945,0.012740903539558606,-0.032114058236695664,-0.012915436464758038,-0.020420352248333655,-0.011835970600994184,35.459655720707126,-0.41971904232291757,-2.0060814422422824,0.06335545184739416
2.1080094987999685,2.512330232805037,0.012566370614359171,-0.027227136331111543,-0.012915436464758038,-0.008552113334772215,-0.011941220994567377,35.477716636801766,-0.4236673922348843,-2.0057323763918835,0.06684611035138283
1.9871056694809663,3.421493911655204,0.012391837689159739,-0.014486232791552936,-0.012915436464758038,0.005934119456780721,-0.012274073616097626,35.50469441357283,-0.4358091184691162,-2.005034244691086,0.061086523819801536
1.8134246528256441,2.0600775686020962,0.012217304763960308,-0.0164060949687467,-0.012915436464758038,-0.006806784082777886,-0.012676052599344444,35.513354491055914,-0.4501932624638045,-2.0045106459154876,0.05951572749300664
2.057279502261724,-4.577697871452104,0.012042771838760876,-0.029670597283903602,-0.013089969389957472,-0.012391837689159739,-0.012755924955862396,35.53576660399363,-0.45331615922094365,-2.00381251421469,0.05480333851262195
2.2015948471722084,2.839678406101994,0.011868238913561441,-0.027925268031909273,-0.013264502315156905,-0.020943951023931952,-0.012661957742334246,35.55863280471745,-0.4502659691956429,-2.0032889154390916,0.06684611035138283
2.1237630293390115,-0.5389927239596591,0.011519173063162575,-0.01710422666954443,-0.013439035240356337,-0.014486232791552936,-0.012664148176914098,35.57687507984201,-0.4505749057721779,-2.0024162508130945,0.07086036763096978
2.196671714582432,-1.0118814147428432,0.011344640137963142,-0.013264502315156905,-0.013439035240356337,-0.009773843811168246,-0.012866993804147483,35.59048733278773,-0.457967853924009,-2.0017181191122964,0.06440264939859076
2.2236021859239927,6.462234979833081,0.011344640137963142,-0.004014257279586958,-0.013439035240356337,0.003141592653589793,-0.01257570047173478,35.61839746338848,-0.44794991219550334,-2.001019987411499,0.08011061266653972
1.9789149790968454,-1.204853679095567,0.01117010721276371,-0.02530727415391778,-0.013439035240356337,0.022863813201125717,-0.012659612223792067,35.64112247554206,-0.4512268954289647,-2.000321855710701,0.07609635538695278
2.1606226292863617,1.4215420193455173,0.01064650843716541,-0.039793506945470715,-0.013089969389957472,0.0291469985083053,-0.013545854672637874,35.66233418348528,-0.4831063449212051,-1.9994491910847039,0.07190756518216639
1.9478004166724345,1.194386509074273,0.010471975511965976,-0.01832595714594046,-0.012915436464758038,0.016231562043547264,-0.013203107809547277,35.680901325043294,-0.4711261631482902,-1.9989255923091056,0.079412480965742
2.2578589961401545,1.4084526491173959,0.010122909661567111,-0.0328121899374934,-0.012740903539558606,0.017453292519943295,-0.013638054028741419,35.70353554934738,-0.4869569379783644,-1.997878394757909,0.08150687606813518
2.260488600982069,-9.48440846823633,0.009773843811168246,-0.05846852994181004,-0.012566370614359171,0.024260076602721184,-0.013218346173068172,35.71777344197154,-0.4721573933899812,-1.9971802630571114,0.0656243798749868
2.0474337193532395,-2.42940612536351,0.009075712110370514,-0.05235987755982989,-0.012217304763960308,0.03490658503988659,-0.014161567997723305,35.74828319028589,-0.506285588846612,-1.9961330655059148,0.08185594191853406
1.830959536097598,3.8511745945424294,0.008726646259971648,-0.07609635538695278,-0.011868238913561441,0.054279739737023644,-0.014368809310844843,35.761639737788826,-0.5138875487225645,-1.995434933805117,0.08918632477691024
2.2224863354049185,6.163089795334078,0.00767944870877505,-0.08901179185171082,-0.01117010721276371,0.056025068989017976,-0.014182361692035074,35.784467934543834,-0.5075422965758652,-1.9943877362539204,0.09389871375729493
1.9455305718859164,13.19986675634544,0.007155849933176752,-0.059864793343405505,-0.010821041362364843,0.02775073510670984,-0.015015005472110807,35.797300782049575,-0.5375370637165341,-1.9936896045531227,0.10576695267085638
1.6467216410774956,3.610203849443625,0.006457718232379019,-0.06230825429619757,-0.01064650843716541,0.0041887902047863905,-0.014577404797221541,35.81651307555227,-0.522148795718141,-1.992642407001926,0.09250245035569947
1.6782553994681457,7.256315441107957,0.005759586531581287,-0.08674286382411818,-0.010471975511965976,0.041015237421866746,-0.01496139836944076,35.82965677335102,-0.5361017699783818,-1.9917697423759289,0.10210176124166828
1.5890147528083063,-2.4189133519095076,0.004886921905584123,-0.08360127117052839,-0.009948376736367679,0.04258603374866164,-0.01540260354741746,35.851980827108555,-0.5522575203211013,-1.9907225448247323,0.08098327729253689
1.7887717346866379,2.6506384476105462,0.0041887902047863905,-0.09983283321407564,-0.009599310885968814,0.020943951023931952,-0.01491141668413015,35.86223144137578,-0.5347963142147466,-1.9898498801987352,0.10000736613927509
1.9950171087501793,3.3726930067518204,0.003141592653589793,-0.07504915783575616,-0.009250245035569947,0.01710422666954443,-0.015354472824514631,35.884560449480944,-0.5510318126450499,-1.9888026826475387,0.0942477796076938
1.1822516039538518,3.4915036774003734,0.0027925268031909274,-0.026703537555513242,-0.00942477796076938,-0.031066860685499065,-0.015740432348020347,35.89822499368984,-0.5651002526722927,-1.9879300180215413,0.09651670763528643
1.203434241554906,3.5939060352099546,0.0024434609527920616,-0.045727626402251434,-0.009773843811168246,-0.02111848394913139,-0.01542619604738616,35.908695883749665,-0.5539785261720048,-1.9868828204703448,0.10192722831646885
1.2012980797445296,3.7188475649734203,0.0020943951023931952,-0.04450589592585541,-0.009948376736367679,-0.015009831567151233,-0.01581324631119444,35.922305433153994,-0.5680956170981496,-1.9860101558443477,0.09721483933608416
0.801393419902738,3.1356446484386606,0.0015707963267948964,-0.04974188368183839,-0.009948376736367679,-0.002617993877991494,-0.016122398841867867,35.93164544328228,-0.5793545172945034,-1.9849629582931512,0.0916297857297023
1.133972889180629,-3.6388846909239714,0.0013962634015954637,-0.01710422666954443,-0.010122909661567111,-0.02111848394913139,-0.01563562614118031,35.94248683694424,-0.5620290877890621,-1.984090293667154,0.08674286382411818
1.186373315160407,2.3029239325827047,0.0013962634015954637,0.00820304748437335,-0.010471975511965976,-0.03246312408709453,-0.016120163352320475,35.95210299599243,-0.5796039792568758,-1.9828685631907579,0.10105456369047168
0.5420854767828839,10.60523776321604,0.0015707963267948964,0.024609142453120045,-0.010995574287564275,-0.059166661642607775,-0.016449814831074574,35.95693806791707,-0.5915383301213111,-1.9821704314899602,0.11327186845443199
-0.12310836184406639,2.017614834921708,0.0017453292519943296,0.007155849933176752,-0.011519173063162575,-0.04537856055185257,-0.016428783387186074,35.958611251840374,-0.5908093902380873,-1.980948701013564,0.09058258817850572
-0.12691284126172905,6.147422015913041,0.0017453292519943296,0.0027925268031909274,-0.011868238913561441,-0.014137166941154071,-0.01642688354433067,35.955300151472365,-0.5906866601344614,-1.980076036387567,0.10576695267085638
-0.08276336442759795,8.518735888356447,0.0019198621771937625,0.016231562043547264,-0.012042771838760876,-0.016580627893946133,-0.015977936367279212,35.95320982853184,-0.5745069891538661,-1.9790288388363704,0.10454522219446034
-0.1442228691110456,4.4185354302811195,0.0020943951023931952,0.017627825445142728,-0.012042771838760876,-0.013439035240356337,-0.01648268723366233,35.95797182928434,-0.5927376823138462,-1.9781561742103733,0.09930923443847736
-0.25712870443448654,6.408126784540852,0.0024434609527920616,0.033161255787892266,-0.012566370614359171,-0.053407075111026485,-0.016208216673410096,35.95597625680525,-0.5828332927584132,-1.976934443733977,0.1059414855960558
-0.9194087575200304,-3.4093715840592353,0.002617993877991494,0.019722220547535925,-0.012915436464758038,-0.02234021442552742,-0.01577751912324449,35.94900248650369,-0.5672331421095834,-1.9762363120331794,0.10000736613927509
-0.7737316528807624,2.5341967896761965,0.0027925268031909274,0.009773843811168246,-0.012915436464758038,0.0017453292519943296,-0.01649146544182951,35.94038574701344,-0.5927633681285905,-1.9750145815567832,0.10122909661567112
-0.8692832099705822,-0.07594957769407454,0.003141592653589793,0.05375614096142535,-0.012915436464758038,0.0027925268031909274,-0.016601967547565617,35.92820325716722,-0.5965336721209693,-1.9741419169307861,0.09808750396208132
-1.0747057863151321,2.3862518735364433,0.003665191429188092,0.03892084231947355,-0.013089969389957472,-0.023911010752322315,-0.016947736791694628,35.92500706366427,-0.608905862892043,-1.9729201864543902,0.10384709049366261
-1.0061875532805182,9.348337640614991,0.003839724354387525,0.014137166941154071,-0.013089969389957472,-0.029670597283903602,-0.01705741187460248,35.912747642881044,-0.6126379459982491,-1.972047521828393,0.12007865253720987
-0.7760936745772944,3.3353284031449917,0.0041887902047863905,0.032637657012293965,-0.013439035240356337,-0.024609142453120045,-0.01706803698873806,35.90167961190498,-0.6128307062450007,-1.9706512584267974,0.10890854532444617
-1.0836760479069492,11.06484640510939,0.00471238898038469,0.039269908169872414,-0.013613568165555772,-0.026878070480712675,-0.017624154497276844,35.88829482901987,-0.6325663480511092,-1.9699531267259998,0.1223475805648025
-1.6652509618289073,1.8106732704729094,0.005235987755982988,0.0486946861306418,-0.013788101090755204,-0.0015707963267948964,-0.01774582124168656,35.86816178453254,-0.6365768110521619,-1.9685568633244044,0.10192722831646885
-2.0231960267968128,1.3178313200817342,0.005759586531581287,0.05672320068981571,-0.013962634015954637,-0.02303834612632515,-0.017597770224307342,35.85228418894618,-0.6309853953565371,-1.9676841986984073,0.10629055144645466
-3.297950204858907,2.482089287596619,0.006457718232379019,0.05899212871740834,-0.014311699866353503,-0.05515240436302082,-0.017909995645019994,35.82696212859868,-0.6417293525665282,-1.966462468222011,0.10821041362364843
-2.192245765295969,2.601560080391539,0.006981317007977318,0.06370451769779303,-0.014660765716752368,-0.039793506945470715,-0.01753466507546018,35.79405060873499,-0.6277010223595975,-1.9654152706708146,0.12025318546240932
-2.7772704949688998,-7.234492839098012,0.007853981633974483,0.06597344572538566,-0.015009831567151233,-0.03385938748868999,-0.018898629100550596,35.77094339260905,-0.6761022854913458,-1.964019007269219,0.10053096491487337
-3.587183027474866,7.139337596904071,0.008377580409572781,0.07976154681614087,-0.0153588974175501,-0.03647738136668149,-0.01860161286548775,35.74220235327422,-0.6649393070047056,-1.9631463426432219,0.12775810124598494
-3.600558260667559,8.997530902165828,0.009250245035569947,0.07539822368615504,-0.0158824961931484,-0.03508111796508603,-0.01834155645533235,35.69241883416529,-0.6547279363170062,-1.961575546316427,0.13578661580515886
-4.182094384490101,2.1289627281649754,0.009948376736367679,0.06806784082777885,-0.016231562043547264,-0.06649704450098395,-0.01892271716910384,35.66589476508896,-0.6749762038814205,-1.96070288169043,0.12863076587198208
-5.090322685443221,3.1739281199729334,0.010471975511965976,0.023736477827122883,-0.01710422666954443,-0.0656243798749868,-0.01954069955761023,35.617401185351774,-0.6960775343436563,-1.959132085363635,0.12932889757277982
-6.088172456841006,0.17848214222465178,0.010821041362364843,0.04468042885105484,-0.017627825445142728,-0.05375614096142535,-0.019373812724231516,35.56664650041093,-0.6891477733217758,-1.9580848878124384,0.1296779634231787
-6.1688896241696884,-10.169901644281595,0.011344640137963142,0.054105206811824215,-0.01815142422074103,-0.05096361415823442,-0.020948161900400414,35.48961653088835,-0.7435509990972727,-1.9565140914856436,0.11449359893082803
-7.427135247655252,9.966749656996718,0.011868238913561441,0.030368728984701335,-0.018500490071139894,-0.04468042885105484,-0.020579513238553865,35.44377945453747,-0.7295187191223602,-1.9552923610092474,0.15603243512829304
-7.143245364047633,8.689944156202777,0.012217304763960308,0.03612831551628262,-0.019024088846738195,-0.05061454830783556,-0.02039419633478111,35.34920673572212,-0.7210186280212681,-1.9535470317572532,0.15585790220309362
-6.067683348496733,11.444561162304915,0.012391837689159739,0.010297442586766544,-0.019198621771937627,-0.02879793265790644,-0.020757742003583945,35.29218511578966,-0.7326913113511334,-1.952325301280857,0.17976891295541594
-6.549370397521362,-2.6028603542764666,0.012566370614359171,0.01064650843716541,-0.01937315469713706,0.004537856055185257,-0.021318087825725956,35.21411469895951,-0.7508113314269885,-1.950230906178464,0.16441001553786586
-6.797155790338764,6.483615111975627,0.012740903539558606,0.011344640137963142,-0.01937315469713706,0.013264502315156905,-0.021738180575404553,35.16668085071018,-0.764580096089084,-1.9488346427768684,0.17749998492782332
-6.661126815927416,6.387060428508127,0.012915436464758038,0.017976891295541596,-0.019198621771937627,0.024783675378319478,-0.022024780281537155,35.08530898702751,-0.772871196530863,-1.9467402476744753,0.18081611050661253
-6.6097241104888536,15.04726692396372,0.013264502315156905,0.013788101090755204,-0.01884955592153876,0.031241393610698498,-0.023447764507770478,35.0304373196153,-0.8215360099187271,-1.94534398427288,0.19338248112097173
-7.01199213275195,17.854332451397838,0.013439035240356337,0.004537856055185257,-0.018500490071139894,0.032114058236695664,-0.022357794491459165,34.94906212369098,-0.7815141717206409,-1.943075056245287,0.20961404316451898
-8.280172499062273,4.4810242818346895,0.013264502315156905,-0.031415926535897934,-0.01815142422074103,0.06981317007977318,-0.023357510569786997,34.876493111776014,-0.8147762352714724,-1.9416787928436916,0.19565140914856435
-7.207059322151041,-3.0993699098117804,0.012915436464758038,-0.019547687622336492,-0.017278759594743863,0.06963863715457375,-0.02498153668012731,34.78770534035385,-0.8692311669447691,-1.9392353318908995,0.17854718247901993
-6.736562896587326,0.5878359796327262,0.012740903539558606,-0.0439822971502571,-0.016580627893946133,0.07592182246175334,-0.024490646088115173,34.72567147378662,-0.8506242028292059,-1.9376645355641047,0.19250981649497453
-6.741630726490138,5.123129701837119,0.012042771838760876,-0.06056292504420324,-0.0158824961931484,0.06370451769779303,-0.0252862760312696,34.63851461269879,-0.8760657673471827,-1.935395607536512,0.20088739690454732
-8.157689144476219,3.4401493813562816,0.011519173063162575,-0.06719517620178168,-0.0153588974175501,0.06981317007977318,-0.025315137787454967,34.584222284079196,-0.87569142447924,-1.9338248112097172,0.20786871391252465
-8.224049619414275,16.36847137026126,0.010471975511965976,-0.10210176124166828,-0.014311699866353503,0.08133234314293576,-0.026018865502834856,34.48036801505331,-0.8973425617414131,-1.9312068173317258,0.2202605516016844
-7.8617646735850055,4.808698058237498,0.009773843811168246,-0.11309733552923257,-0.013613568165555772,0.10018189906447451,-0.027061007182445706,34.41797868838768,-0.9316125856395854,-1.9296360210049308,0.20036379812894903
-8.128628949931752,-0.9780225617556775,0.008377580409572781,-0.12095131716320703,-0.012566370614359171,0.0656243798749868,-0.027573460228799276,34.31486405320356,-0.94641940425647,-1.9271925600521387,0.19617500792416265
-8.25517135237641,4.7204163781456145,0.007155849933176752,-0.14416419621473162,-0.012042771838760876,0.06859143960337716,-0.027145808086781575,34.24461354868982,-0.9298261133256189,-1.9256217637253437,0.20786871391252465
-8.382269917765445,11.456619064201645,0.0054105206811824215,-0.1577777643802874,-0.011344640137963142,0.057246799465414014,-0.0279082989715451,34.145577991043936,-0.9531924839924979,-1.9231783027725518,0.20507618710933373
-7.3027326615237,5.260028161860699,0.004363323129985824,-0.1340412865531645,-0.01064650843716541,0.06440264939859076,-0.02800802051950385,34.08272663831475,-0.9548393944419626,-1.921607506445757,0.19634954084936207
-7.467882679836657,3.795852936600504,0.0027925268031909274,-0.13543754995475996,-0.009948376736367679,0.05951572749300664,-0.028753155447248577,33.98415950773109,-0.9774211949363578,-1.9191640454929648,0.18622663118779495
-8.696830898468233,5.872697900047236,0.0017453292519943296,-0.1308996938995747,-0.009599310885968814,0.028274333882308142,-0.028665419868823577,33.92169140068235,-0.9726459510237307,-1.9177677820913692,0.18762289458939044
-8.19604853592987,15.17536155332061,0.00034906585039886593,-0.10541788682045751,-0.009250245035569947,0.02495820830351891,-0.02866827645971134,33.81681254744599,-0.9697354111588132,-1.9154988540637767,0.1884955592153876
-7.066751438241785,14.729903911191288,-0.0005235987755982988,-0.09913470151327791,-0.009250245035569947,-0.0005235987755982988,-0.029602657264453765,33.75874395780998,-0.9996405448954058,-1.9142771235873808,0.18081611050661253
-7.071908703403379,9.011852313943635,-0.0015707963267948964,-0.0715584993317675,-0.00942477796076938,-0.020245819323134222,-0.029299120090690477,33.67652658578339,-0.9869750319397642,-1.912357261410187,0.15742869852988853
-7.055541026917116,2.7150536081362895,-0.0020943951023931952,-0.07208209810736581,-0.00942477796076938,-0.013264502315156905,-0.0290116319226841,33.61447929802194,-0.9754845962879881,-1.911135530933791,0.14905111812031577
-6.716550210597553,0.21590652349445766,-0.0029670597283903604,-0.06335545184739416,-0.009599310885968814,-0.015184364492350668,-0.029738196271525665,33.523635909282525,-0.9972264509054224,-1.909215668756597,0.13857914260834978
-6.156145164258612,11.556584959104237,-0.003490658503988659,-0.034557519189487726,-0.009948376736367679,-0.041887902047863905,-0.02971469732346673,33.47792810731776,-0.9950793908069079,-1.9081684712054006,0.14748032179352083
-5.969470157167441,10.125692357588544,-0.004014257279586958,-0.052708943410228755,-0.010471975511965976,-0.041887902047863905,-0.029308204376063737,33.399715082576975,-0.9791660501611811,-1.9065976748786058,0.13439035240356337
-6.7488066117589085,1.0995267778651117,-0.0041887902047863905,-0.040491638646268445,-0.01064650843716541,-0.041887902047863905,-0.0296635349320136,33.347726813965,-0.9895017054726093,-1.905550477327409,0.1165879940332212
-7.190124948425617,2.567379465381736,-0.004537856055185257,-0.019722220547535925,-0.010995574287564275,-0.030368728984701335,-0.02973700436542006,33.266821130849806,-0.9895473044620903,-1.9041542139258136,0.11449359893082803
-6.455523604745448,7.002046131720411,-0.00471238898038469,-0.00034906585039886593,-0.01117010721276371,-0.025656340004316644,-0.029805041492109528,33.211603385931184,-0.9901664359512129,-1.903107016374617,0.11449359893082803
-6.126705256632393,6.017148287335415,-0.004537856055185257,0.0041887902047863905,-0.011344640137963142,-0.010122909661567111,-0.029410691373883906,33.12766334293171,-0.9745885014245946,-1.901885285898221,0.10943214410004447
-6.114541431835356,6.173662304008462,-0.004537856055185257,0.026878070480712675,-0.011693705988362009,-0.009948376736367679,-0.02957860024176694,33.07599197764347,-0.978626959106107,-1.9010126212722238,0.10646508437165411
-5.550982398309973,9.747157270530789,-0.0041887902047863905,0.03577924966588375,-0.011693705988362009,-0.00942477796076938,-0.02895957509108801,33.01087623469926,-0.9562482855247494,-1.8997908907958279,0.10978120995044333
-6.063736283473491,1.8946119208920325,-0.003665191429188092,0.06335545184739416,-0.011868238913561441,-0.0005235987755982988,-0.029121248134416976,32.95900046547829,-0.9600786434634936,-1.8989182261698305,0.10035643198967395
-6.465452461024362,5.331264113021205,-0.0029670597283903604,0.0619591884457987,-0.011693705988362009,0.028623399732707007,-0.028881361263190384,32.88770421371128,-0.950105852762019,-1.8976964956934346,0.10471975511965978
-7.748576207518709,11.570504047316827,-0.002617993877991494,0.07871434926494426,-0.011519173063162575,0.03612831551628262,-0.029359525134785618,32.82058436883491,-0.963873734810052,-1.8969983639926367,0.11274826967883368
-7.7086335990142905,8.020917508878238,-0.0015707963267948964,0.08499753457212385,-0.010995574287564275,0.04537856055185257,-0.02874881589577875,32.72383773784084,-0.9410308530626115,-1.895776633516241,0.096342174710087
-6.516960166227394,7.015310026254172,-0.0008726646259971648,0.08185594191853406,-0.01064650843716541,0.04921828490624009,-0.02843593321026505,32.66910453904287,-0.9292269465618175,-1.895078501815443,0.10140362954087055
-6.608627614678392,6.639937193067617,0.00017453292519943296,0.09197885158010118,-0.010122909661567111,0.053407075111026485,-0.02799078243716746,32.58526868313757,-0.9123254429114843,-1.893856771339047,0.09878563566287905
-8.790807711714168,5.681225116205181,0.0008726646259971648,0.1207767842380076,-0.009773843811168246,0.0471238898038469,-0.027774514846375428,32.52109571785197,-0.9034899923081792,-1.8931586396382492,0.102799892942466
-8.90124787822063,5.815247503721572,0.0022689280275926286,0.11606439525762292,-0.009075712110370514,0.07661995416255106,-0.02763109165950828,32.40885661415295,-0.8957200532428046,-1.8919369091618534,0.10227629416686772
-8.609494064200291,-0.5155572962088613,0.0033161255787892262,0.13840460968315035,-0.008552113334772215,0.054628805587422516,-0.027579883909471747,32.344577602148604,-0.8922859459421152,-1.8910642445358563,0.09250245035569947
-9.72086850892877,-5.213342675950423,0.004886921905584123,0.13805554383275148,-0.007853981633974483,0.052708943410228755,-0.02742120637843434,32.232281126009106,-0.88406962787812,-1.8898425140594601,0.10454522219446034
-7.922612885837109,3.8979813138579007,0.005934119456780721,0.10995574287564276,-0.007504915783575617,0.05305800926062762,-0.026552626458818413,32.16786557112921,-0.8543421102743362,-1.8887953165082634,0.13334315485236678
-8.10623803613785,2.003808326492009,0.006806784082777886,0.05846852994181004,-0.006806784082777886,0.06213372137099813,-0.0261017537769975,32.067875577817595,-0.8372179337453719,-1.8870499872562692,0.14905111812031577
-6.9816134160676935,1.2445726369959078,0.006981317007977318,-0.039095375244672985,-0.006283185307179586,0.07190756518216639,-0.026082933935241737,32.00004560754878,-0.8348444043868283,-1.885828256779873,0.15044738152191123
-5.454095067942505,5.484897444905245,0.0066322511575784525,-0.0012217304763960308,-0.0054105206811824215,0.06859143960337716,-0.02646116127720521,31.929540433466844,-0.8450899701677668,-1.8839083946026793,0.1651081472386636
-6.969823062766314,9.664226941285852,0.006981317007977318,0.052185344634630454,-0.00471238898038469,0.07260569688296412,-0.026396656292601794,31.88178753517642,-0.8417681066745458,-1.8825121312010837,0.1942551457469689
-7.829334902806332,2.5142954746544905,0.007504915783575617,0.039269908169872414,-0.003665191429188092,0.07609635538695278,-0.026500124575842898,31.791689895840904,-0.8426810113867761,-1.8800686702482918,0.20525072003453315
-7.927009524674538,6.459228459722503,0.007853981633974483,0.020245819323134222,-0.003141592653589793,0.053232542185827056,-0.026979901847894557,31.724159454340512,-0.8561224465194783,-1.8783233409962976,0.21973695282608607
-8.150222141765928,6.302125211633436,0.008028514559173916,0.0291469985083053,-0.0024434609527920616,0.06911503837897545,-0.027637912930832023,31.627762337184098,-0.8743479778106161,-1.875705347118306,0.22322761133007477
-7.568640393900245,10.334379938396118,0.00820304748437335,0.033335788713091695,-0.0019198621771937625,0.05113814708343386,-0.028403750804577507,31.563439257795473,-0.896761237121366,-1.8739600178663116,0.23055799418845094
-8.255850687892515,-0.6920600765738141,0.00820304748437335,-0.03787364476827695,-0.0013962634015954637,0.024434609527920616,-0.02851400941133179,31.470298993252488,-0.8975876756983165,-1.8711674910631209,0.23527038316883564
-7.820295019394965,9.540392869350635,0.008028514559173916,-0.017976891295541596,-0.0013962634015954637,-0.0008726646259971648,-0.029441805508149257,31.406306600716597,-0.924925634098058,-1.869247628885927,0.24993114888558798
-6.88409566920118,6.435468552382717,0.008028514559173916,0.007330382858376184,-0.0012217304763960308,0.019722220547535925,-0.02997813048950202,31.304586465192695,-0.9387342046407852,-1.8661060362323372,0.25621433419276757
-7.376692556786559,2.3529608107584035,0.007853981633974483,-0.010995574287564275,-0.0012217304763960308,0.010995574287564275,-0.030258140139409962,31.253550626223955,-0.945963026065169,-1.8640116411299439,0.2595304597715568
-6.401686454358757,13.64932304950961,0.00767944870877505,-0.016231562043547264,-0.0010471975511965976,0.0041887902047863905,-0.0315062539819385,31.160673643505856,-0.9820810718743465,-1.8610445814015535,0.2701769682087222
-6.292006471113902,11.527910680662616,0.007504915783575617,-0.012915436464758038,-0.0008726646259971648,0.02757620218151041,-0.033092864803345765,31.11178288227124,-1.029954032664059,-1.8589501862991604,0.2698279023583234
-7.128549307748142,4.0201041686974355,0.007330382858376184,-0.005061454830783556,-0.0005235987755982988,0.022165681500327987,-0.033555833452774575,31.029557965457762,-1.0416136587814686,-1.8556340607203714,0.272096830385916
-8.0402123211015,-2.338338410920299,0.007330382858376184,-0.01710422666954443,-0.00017453292519943296,0.04258603374866164,-0.034316338939183164,30.962556002871818,-1.0629388418443564,-1.8535396656179781,0.2541199390903744
-7.873444240788222,1.5343447583942447,0.006981317007977318,-0.014835298641951801,0.0006981317007977319,0.08621926504851989,-0.03641971457972323,30.865890943873467,-1.1246242146058083,-1.850398072964388,0.25621433419276757
-7.258451983867464,0.6936909566776959,0.006981317007977318,-0.0024434609527920616,0.0013962634015954637,0.0942477796076938,-0.036142149083333686,30.800343449857845,-1.1136755617508802,-1.848303677861995,0.25865779514555964
-8.063946760952565,6.659901054284905,0.006981317007977318,0.0005235987755982988,0.0024434609527920616,0.10402162341886204,-0.03751060673878439,30.707568453765415,-1.1524000680354627,-1.8451620852084052,0.26354471705114374
-6.842438420876628,-2.4494150300842668,0.006981317007977318,0.00471238898038469,0.003141592653589793,0.07312929565856241,-0.03814343711088021,30.650566843778066,-1.1696852907221438,-1.8430676901060121,0.23858650874762485
-6.619031932269214,0.04823777433230528,0.007155849933176752,0.012915436464758038,0.004014257279586958,0.07435102613495843,-0.03976750353074503,30.563708395832055,-1.2160835093212716,-1.840275163302821,0.23335052099164189
-5.804689308774855,2.260571215724918,0.006981317007977318,-0.00034906585039886593,0.004537856055185257,0.07382742735936015,-0.03966551977891842,30.510982370365408,-1.210869082992453,-1.838180768200428,0.24033183799961916
-6.386268065999763,9.186010952556918,0.007155849933176752,0.015533430342749533,0.005585053606381855,0.0853466004225227,-0.0405495076472328,30.42883668583522,-1.234551062106338,-1.8353882413972369,0.24190263432641407
-7.231878900435947,8.831363088689814,0.007330382858376184,0.028274333882308142,0.006457718232379019,0.09599310885968812,-0.041749004851839626,30.380341451641154,-1.2690864388653043,-1.8336429121452427,0.23387411976724015
-7.6609849199316224,11.901304737415632,0.007330382858376184,-0.016580627893946133,0.007330382858376184,0.0635299847725936,-0.0415342758256418,30.28711068062054,-1.2586770718462645,-1.8306758524168523,0.24958208303518914
-7.09367075548956,7.919317313873599,0.007330382858376184,-0.026354471705114377,0.00767944870877505,0.05777039824101231,-0.04163734186137486,30.228179182673777,-1.2593488789869582,-1.8287559902396586,0.2645919146023404
-8.195999748595543,4.52495225029431,0.006981317007977318,-0.013613568165555772,0.00820304748437335,0.028623399732707007,-0.042710008577982926,30.12424070113149,-1.2873894689116563,-1.8256143975860688,0.2567379329683659
-7.815562588419938,9.144503105685056,0.006806784082777886,-0.01884955592153876,0.008552113334772215,0.04153883619746504,-0.0438462799976958,30.063324496673914,-1.3190103160344637,-1.8236945354088752,0.25865779514555964
-7.717835954850846,16.85281304587345,0.006283185307179586,-0.03543018381548489,0.009250245035569947,0.05358160803622592,-0.0435246715522011,29.95936074749692,-1.3047953740200195,-1.8205529427552851,0.27698375229150013
-6.9544962031639725,7.503059645633113,0.005934119456780721,-0.04939281783143953,0.009773843811168246,0.07801621756414652,-0.043620865915626354,29.898131526428685,-1.305010207207861,-1.8182840147276926,0.2822197400474831
-7.2893773212513455,4.500671974484954,0.005061454830783556,-0.07714355293814937,0.01064650843716541,0.08098327729253689,-0.04398285719126705,29.80887160839605,-1.3119254217312175,-1.8149678891489034,0.28431413514987625
-6.417631160657067,11.179800629653423,0.004537856055185257,-0.08970992355250854,0.011344640137963142,0.08342673824532895,-0.045023763204897156,29.755260578166638,-1.3405997896341955,-1.8126989611213107,0.27960174616949157
-5.58096253103664,4.748725615954051,0.003490658503988659,-0.05951572749300664,0.012217304763960308,0.0736528944341607,-0.045264018041394294,29.676692731127336,-1.3442044967010645,-1.8093828355425214,0.27698375229150013
-6.52303035147086,6.208815935725968,0.0029670597283903604,-0.07731808586334879,0.012740903539558606,0.07243116395776468,-0.04433548567655314,29.628385548178542,-1.314450219217161,-1.8069393745897293,0.2947861106618423
-5.942574005364652,10.95271175310259,0.0024434609527920616,-0.02652900463031381,0.013788101090755204,0.08063421144213803,-0.0456136940261598,29.547394684045585,-1.3487013235649359,-1.8036232490109403,0.28099800957108706
-7.139395617065219,11.40035883555491,0.0020943951023931952,-0.06702064327658225,0.014486232791552936,0.07993607974134029,-0.04612641017635207,29.491923132929948,-1.3613221507058995,-1.801528853908547,0.2759365547403035
-7.350808493334553,5.639409934546737,0.0012217304763960308,-0.054628805587422516,0.0153588974175501,0.07819075048934597,-0.046404544794014395,29.404368645424398,-1.3654766135006176,-1.7982127283297578,0.2659881780039358
-7.11692804084678,8.262792407795867,0.0010471975511965976,-0.03735004599267865,0.0158824961931484,0.046949356878647465,-0.04591720990140492,29.342447701387485,-1.3482710237963322,-1.7961183332273645,0.2712241657599188
-6.6946477640196385,7.9633758170121025,0.0005235987755982988,-0.03385938748868999,0.0164060949687467,0.023212879051524585,-0.04640850087453813,29.247994604396194,-1.3583308911348524,-1.7929767405737749,0.2593559268463574
-6.08849760191933,17.491134821348634,0.00017453292519943296,-0.02548180707911721,0.0164060949687467,-0.0024434609527920616,-0.04770175866016311,29.199922853854343,-1.3939451210488065,-1.791056878396581,0.2621484536495483
-6.22,6.2702618769470995,-0.0,-0.017453292519943295,0.0164060949687467,-0.01937315469713706,-0.04739483689463515,29.132972111095473,-1.3817872390977297,-1.7880898186681906,0.23771384412162772
-5.380903790623438,6.016743739121218,-0.00017453292519943296,-0.041713369122664476,0.016231562043547264,-0.05480333851262195,-0.04702124176093289,29.074184781338406,-1.3681127180452421,-1.786169956490997,0.24364796357840843
-6.179501197108387,6.371733372107448,-0.0006981317007977319,-0.040317105721069016,0.0153588974175501,-0.06963863715457375,-0.047599225396866146,29.0047546832396,-1.381647473290585,-1.783377429687806,0.2324778563656447
-6.338300946525711,9.274787610197594,-0.0010471975511965976,-0.02408554367752175,0.014660765716752368,-0.07051130178057091,-0.04753978963279595,28.94845423205028,-1.3772411168918106,-1.7814575675106123,0.23544491609403506
-6.522943431443429,6.044503262613032,-0.0012217304763960308,-0.022165681500327987,0.013788101090755204,-0.07190756518216639,-0.04751656836555099,28.865206670332586,-1.3726087581197963,-1.7786650407074212,0.2281145332356589
-6.190109444066457,8.046446343210068,-0.0015707963267948964,-0.027052603405912107,0.013089969389957472,-0.08621926504851989,-0.0475991935779182,28.811518738627118,-1.3724417203701433,-1.776919711455427,0.23055799418845094
-6.137949102351404,6.517885440262976,-0.0019198621771937625,-0.025132741228718343,0.012042771838760876,-0.091106186954104,-0.04762534431620814,28.740788146345043,-1.3698257554843785,-1.7743017175774354,0.22165681500327988
-6.519975765081795,11.69315939753602,-0.0022689280275926286,-0.054105206811824215,0.01117010721276371,-0.08499753457212385,-0.047867273019945054,28.68711665776602,-1.374223780814718,-1.7723818554002415,0.2357939819444339
-6.79076285651126,10.24257566098828,-0.0029670597283903604,-0.0328121899374934,0.010471975511965976,-0.04485496177625427,-0.046776463131458564,28.598950039778703,-1.3387342748571993,-1.7695893285970508,0.24539329283040273
-6.816138966112226,7.8153389018967,-0.0029670597283903604,0.028972465583105872,0.010122909661567111,-0.03735004599267865,-0.04724981609062,28.537600677164537,-1.3494007324970747,-1.7678439993450565,0.22322761133007477
-6.93491576423283,4.835215944330409,-0.0029670597283903604,-0.0153588974175501,0.009773843811168246,-0.01780235837034216,-0.04773653129919404,28.449981284199776,-1.3591359679062769,-1.765226005467065,0.2085668456133224
-6.986453868997023,8.922473705558923,-0.0029670597283903604,-0.022165681500327987,0.009599310885968814,-0.027401669256310976,-0.04674511523457954,28.391071842999878,-1.3281114205370044,-1.7634806762150708,0.23282692221604356
-7.308663677483987,9.718459231378885,-0.003490658503988659,-0.05061454830783556,0.009250245035569947,-0.039095375244672985,-0.045756170884405735,28.30399105352876,-1.2959868153560838,-1.7605136164866804,0.24731315500759649
-6.3863143785822345,4.895276846567115,-0.003839724354387525,-0.010297442586766544,0.009075712110370514,-0.0033161255787892262,-0.045598715523195714,28.249168257960314,-1.289019305753289,-1.7585937543094865,0.23649211364523168
-7.147144380215126,5.573342968073317,-0.003839724354387525,0.009250245035569947,0.009075712110370514,0.02495820830351891,-0.04655014151404977,28.163585077362253,-1.3119666481845684,-1.7558012275062957,0.22252947962927702
-7.6301708534069075,13.436283665864629,-0.004014257279586958,0.0006981317007977319,0.00942477796076938,0.07103490055616922,-0.046627176817122466,28.10126235893699,-1.3112329142550274,-1.7540558982543013,0.23527038316883564
-7.436873916360731,17.209272013320554,-0.0041887902047863905,-0.019198621771937627,0.010122909661567111,0.04258603374866164,-0.04469788083472106,28.011777680747347,-1.2529016028334998,-1.7512633714511103,0.24923301718479027
-7.509428937909235,10.151194157816342,-0.0041887902047863905,-0.0017453292519943296,0.01064650843716541,0.04974188368183839,-0.04527462538822617,27.95127794300789,-1.2663490068167194,-1.7493435092739167,0.24556782575560218
-8.221585817551707,8.36051128596169,-0.004363323129985824,-0.010297442586766544,0.010995574287564275,0.025830872929516076,-0.044680855822376644,27.847742156540598,-1.2450896194423944,-1.7463764495455263,0.2532472744643772
-8.389469833214296,8.70328306504359,-0.00471238898038469,-0.04066617157146788,0.01117010721276371,0.02129301687433082,-0.04453676647602657,27.784247240859436,-1.238239331657609,-1.7444565873683324,0.2642428487519415
-8.705481927057278,10.753393357725345,-0.0054105206811824215,-0.059166661642607775,0.011344640137963142,0.02356194490192345,-0.044248645224027446,27.6812742085604,-1.2256589095023687,-1.7411404617895432,0.27296949501191314
-6.7966477465232105,4.769876358974652,-0.005934119456780721,-0.07731808586334879,0.011693705988362009,0.02199114857512855,-0.04425335058352096,27.61798751564862,-1.2229869373650295,-1.73904606668715,0.27454029133870805
-6.279760135358908,16.548575496383403,-0.006981317007977318,-0.09005898940290741,0.011868238913561441,0.02652900463031381,-0.04448069158579628,27.538999654660145,-1.2257622601247713,-1.7357299411083609,0.28745572780346607
-6.160790422805624,6.186040223154499,-0.00767944870877505,-0.10105456369047168,0.011693705988362009,-0.005759586531581287,-0.04463721504194416,27.47573015845,-1.2272552780693113,-1.7334610130807682,0.2869321290278678
-6.552802407127084,12.334839968647332,-0.00890117918517108,-0.0958185759344887,0.011519173063162575,-0.012217304763960308,-0.04422003128392676,27.40370082540166,-1.2125829769444452,-1.7299703545767795,0.30473448739820996
-6.581134916993787,10.433331253085791,-0.009599310885968814,-0.09651670763528643,0.011519173063162575,0.013788101090755204,-0.04524259472920164,27.343683029593873,-1.2379439309929454,-1.7275268936239874,0.30700341542580256
-6.190593988735293,15.29070503301226,-0.010821041362364843,-0.10419615634406147,0.011519173063162575,0.007330382858376184,-0.045038407798021,27.262415201838852,-1.2286866656258493,-1.7238617021947993,0.3134611336581816
-6.229975823887246,14.090987458761862,-0.011693705988362009,-0.09005898940290741,0.011693705988362009,0.02408554367752175,-0.0457957827804486,27.21276435029912,-1.2471017965902849,-1.7215927741672066,0.3150319299849765
-6.398552029436301,10.071498237564962,-0.012915436464758038,-0.1069886831472524,0.011868238913561441,0.012042771838760876,-0.04555640116943157,27.132202282476047,-1.2369012926186413,-1.7179275827380187,0.3012438288942213
-6.099894016841898,10.037163153044872,-0.013439035240356337,-0.08587019919812101,0.011868238913561441,0.0041887902047863905,-0.04629718195208169,27.082484127785996,-1.2547393050692952,-1.715658654710426,0.28728119487826664
-5.6815529821464095,1.665696161279635,-0.014486232791552936,-0.06161012259539984,0.012042771838760876,0.0010471975511965976,-0.04614424292937989,27.013056514591142,-1.2473825146292536,-1.7121679962064373,0.27558748888990464
-6.089985683688013,8.798322233975579,-0.015009831567151233,-0.04904375198104066,0.012042771838760876,0.013264502315156905,-0.04632975290001475,26.962777154057814,-1.2500733360301455,-1.710073601104044,0.2642428487519415
-5.687389579790866,5.148350073751273,-0.015533430342749533,-0.0466002910282486,0.012042771838760876,0.004363323129985824,-0.046594622675482325,26.88755457052367,-1.2537228932936675,-1.7069320084504542,0.24853488548399252
-4.43137285791159,8.485730023233526,-0.0158824961931484,-0.00471238898038469,0.012217304763960308,0.007853981633974483,-0.04615571320970105,26.84580991635212,-1.239968150454027,-1.7050121462732606,0.2501056818107874
-4.878594976264653,8.676713299692958,-0.016057029118347832,-0.018500490071139894,0.012217304763960308,0.005934119456780721,-0.046087899461964066,26.790641462694285,-1.2355993574194457,-1.7020450865448702,0.24050637092481864
-3.8671681487596516,0.3529398440817234,-0.016231562043547264,-0.02199114857512855,0.012391837689159739,0.0017453292519943296,-0.04582477306140072,26.751007506305044,-1.2267176338433698,-1.700299757292876,0.21642082724729686
-4.80757917798768,6.8482684912594,-0.0164060949687467,-0.014137166941154071,0.012217304763960308,-0.0033161255787892262,-0.045930454565835874,26.697422300138555,-1.2270877541946883,-1.697507230489685,0.22951079663725435
-5.520349570030611,5.717825360364254,-0.0164060949687467,0.016755160819145562,0.012217304763960308,0.006981317007977318,-0.04571702963647204,26.64808010764352,-1.2191205260546927,-1.6957619012376905,0.22636920398366456
-6.778421758666614,13.551874826213254,-0.016231562043547264,0.034732052114687155,0.012217304763960308,0.0012217304763960308,-0.045188478181827904,26.57197895993254,-1.2015652676880928,-1.6929693744344996,0.23788837704682714
-6.829581823569503,1.1204050940531163,-0.0158824961931484,0.04974188368183839,0.012217304763960308,0.015533430342749533,-0.045389201543119664,26.514433141384053,-1.204296085348257,-1.6912240451825054,0.20874137853852182
-7.115827187296283,1.3419208245221033,-0.015533430342749533,0.04380776422505767,0.012217304763960308,0.0012217304763960308,-0.04646822998079204,26.425372358377956,-1.2288248731321922,-1.6887805842297134,0.2028072590817411
-7.721374893094479,11.232923254816598,-0.0153588974175501,-0.003141592653589793,0.012217304763960308,0.0027925268031909274,-0.045532147754925555,26.364670635221533,-1.201270342104593,-1.6870352549777188,0.2345722514680379
-7.580007368303498,10.218147030412377,-0.015533430342749533,-0.04084070449666731,0.012042771838760876,0.00017453292519943296,-0.04468333746014742,26.27042335450805,-1.1746320530862133,-1.684242728174528,0.23212879051524585
-6.712439973842391,2.336964218562423,-0.015707963267948967,-0.013089969389957472,0.012042771838760876,-0.005061454830783556,-0.04389122994738923,26.2095953649243,-1.1511106538347433,-1.6823228659973342,0.2307325271136504
-6.5284988738061065,6.374753858863423,-0.0158824961931484,-0.006806784082777886,0.011868238913561441,0.0033161255787892262,-0.043814049689396464,26.136418623757812,-1.1458756728865689,-1.6793558062689438,0.2441715623540067
-7.405610899874087,6.292133049961633,-0.0158824961931484,0.00017453292519943296,0.012042771838760876,0.018675022996339326,-0.04375260036045556,26.07775804644413,-1.141698333007347,-1.6774359440917501,0.24277529895241123
-7.689781387677349,4.450712773268118,-0.016057029118347832,-0.023911010752322315,0.012217304763960308,0.024434609527920616,-0.04375724431022112,25.986078674644627,-1.1378054699664062,-1.6744688843633597,0.2426007660272118
-7.659158936763082,16.145255481070073,-0.016057029118347832,-0.014835298641951801,0.012391837689159739,0.023387411976724018,-0.04334734456737235,25.916894643946144,-1.1241327293675782,-1.672549022186166,0.2764601535159018
-6.825062548450896,10.442050735079452,-0.0164060949687467,-0.023911010752322315,0.012566370614359171,0.012042771838760876,-0.04284346235501325,25.833007193084327,-1.1074531538670362,-1.6692328966073768,0.26668630970473356
-6.1376601152024195,13.392758225387798,-0.016755160819145562,-0.054628805587422516,0.012740903539558606,0.0158824961931484,-0.042313129865271575,25.773607808000914,-1.0912133284846652,-1.6669639685797843,0.2986258350162298
-6.0269039060272265,9.264660942473368,-0.017453292519943295,-0.060039326268604934,0.012915436464758038,0.024609142453120045,-0.04227287556869976,25.701430327293274,-1.0871210036204524,-1.6634733100757955,0.289026524130261
-5.904622275587192,9.998382795831967,-0.01815142422074103,-0.09180431865490173,0.013089969389957472,0.022689280275926284,-0.04243391949260824,25.654274824572862,-1.0892653017017309,-1.661204382048203,0.29670597283903605
-5.071488321848468,12.285684651775636,-0.019198621771937627,-0.079412480965742,0.013264502315156905,0.02129301687433082,-0.04119961781089959,25.579660138547247,-1.0544689104657252,-1.6577137235442143,0.3089232776029963
-4.561184701055896,12.883672822034823,-0.019896753472735357,-0.08395033702092726,0.013264502315156905,0.024783675378319478,-0.041850762695906304,25.5437440965342,-1.0696497377812964,-1.6552702625914222,0.3166027263117714
-4.633561896635627,6.899316656853278,-0.020943951023931952,-0.07278022980816354,0.013613568165555772,0.027925268031909273,-0.04225994448638768,25.48293926942089,-1.0775491413101035,-1.6516050711622339,0.3010692959690218
-5.026391717847539,6.169682924613445,-0.021467549799530253,-0.06894050545377602,0.013613568165555772,0.01780235837034216,-0.04151340061614241,25.443279695778624,-1.0568442413156092,-1.6489870772842425,0.3143337982841788
-5.2447907969722,2.9459848470898744,-0.02234021442552742,-0.08429940287132612,0.013788101090755204,0.01064650843716541,-0.04272110880482692,25.37493565525418,-1.084705363454033,-1.6453218858550545,0.3045599544730105
-5.337006915642827,0.2779408363661791,-0.023212879051524585,-0.08080874436733745,0.013613568165555772,-0.009948376736367679,-0.041558192325684244,25.335658114615182,-1.053510722744098,-1.6427038919770631,0.3103195410045918
-5.763414562340077,0.8994925838512045,-0.02408554367752175,-0.07086036763096978,0.013264502315156905,-0.02076941809873252,-0.043569708672739176,25.25844187358018,-1.1011998518821342,-1.6390387005478748,0.2988003679414292
-6.014722259749426,1.7829693899073489,-0.024434609527920616,-0.0317649923862968,0.013089969389957472,-0.0017453292519943296,-0.042251145553273695,25.20857273357296,-1.0657253143937402,-1.6365952395950827,0.3066543495754037
-5.589831605955658,5.435884431726726,-0.024783675378319478,-0.022863813201125717,0.012915436464758038,-0.012391837689159739,-0.04340570428209274,25.14037830270481,-1.091921659175233,-1.6329300481658948,0.300720230118623
-5.613100474579766,8.987201739710224,-0.025132741228718343,-0.026878070480712675,0.012740903539558606,-0.021467549799530253,-0.04368058124889494,25.08450225001307,-1.096403037171908,-1.6304865872131027,0.29932396671702755
-5.091660492620317,7.1841604812624,-0.025656340004316644,-0.04834562028024293,0.012391837689159739,-0.009075712110370514,-0.04344192555839711,25.016181636295357,-1.0874352560764893,-1.626995928709114,0.29426251188624397
-3.9645261831590237,4.442873653134591,-0.02600540585471551,-0.02408554367752175,0.012391837689159739,-0.013962634015954637,-0.04361576175540183,24.980120664690318,-1.0902183993105887,-1.624552467756322,0.2815216083466853
-4.543884651053446,2.492710285847217,-0.02600540585471551,-0.0017453292519943296,0.012217304763960308,0.003141592653589793,-0.04429550286312438,24.93212557072819,-1.1051039058499028,-1.6212363421775327,0.2736676267127109
-4.487571405070381,12.984173895790862,-0.02600540585471551,-0.0041887902047863905,0.012217304763960308,0.011519173063162575,-0.04494259574214161,24.887625002528818,-1.1192681506724669,-1.6191419470751394,0.27995081201989047
-4.671244351150916,-0.25197202735651997,-0.025830872929516076,0.020943951023931952,0.012217304763960308,0.01832595714594046,-0.045240097455665616,24.8299459886524,-1.1240761506372223,-1.6158258214963503,0.2609267231731523
-5.08215059341372,-0.06248094604576393,-0.025656340004316644,0.0322885911618951,0.012391837689159739,0.015707963267948967,-0.043203027051669056,24.792115756320218,-1.0717613454134196,-1.6135568934687576,0.2727949620867137
-5.080491851657623,2.5447538292968446,-0.02548180707911721,0.03595378259108319,0.012566370614359171,0.03700098014227979,-0.04511634795458085,24.726368582096995,-1.1163209695453518,-1.6102407678899686,0.26284658535034605
-6.610812726874755,5.848284063133514,-0.02548180707911721,0.00471238898038469,0.012915436464758038,0.04729842272904633,-0.04455440808448413,24.672434348707917,-1.0999936688334158,-1.6081463727875753,0.2684316389567279
-7.286393836843648,4.432709738240014,-0.02530727415391778,0.013613568165555772,0.013439035240356337,0.0486946861306418,-0.044489805468779356,24.585620202761845,-1.0945317066079816,-1.604830247208786,0.273318560862312
-6.5078620179145705,2.8713636546813657,-0.025132741228718343,0.027227136331111543,0.013788101090755204,0.05881759579220891,-0.04407611359433064,24.530346628543796,-1.0819030409753054,-1.6025613191811936,0.27436575841350863
-6.590248214166296,-0.05643353629243913,-0.024783675378319478,0.02652900463031381,0.014486232791552936,0.0747000919853573,-0.044755361418389525,24.454849290078773,-1.0952169714121534,-1.5992451936024041,0.2712241657599188
-5.535044829366578,10.690460318328022,-0.024609142453120045,0.059166661642607775,0.015184364492350668,0.07208209810736581,-0.044548440657382095,24.40090975680057,-1.0877421399794331,-1.597150798500011,0.2794272132442922
-6.770953786806729,4.48446945650665,-0.024260076602721184,0.028623399732707007,0.0158824961931484,0.06824237375297829,-0.0447892765648618,24.325274369608653,-1.090240575123675,-1.5938346729212218,0.2673844414055313
-5.927985430576357,7.365252537916323,-0.02408554367752175,0.009075712110370514,0.0164060949687467,0.050265482457436686,-0.04391067657811457,24.271296519333546,-1.0664545669570968,-1.5915657448936291,0.28588493147667116
-5.357359961150895,5.120300271910152,-0.02408554367752175,0.014311699866353503,0.01710422666954443,0.05777039824101231,-0.043877806263501226,24.195903425689927,-1.062345014524663,-1.5880750863896405,0.28431413514987625
-5.144302059249236,4.692662630483752,-0.02408554367752175,0.01710422666954443,0.017453292519943295,0.05567600313861911,-0.04376933389065757,24.152547327118896,-1.0578165001647692,-1.5858061583620477,0.28518679977587347
-5.091878879402892,9.021774393310281,-0.02408554367752175,0.0022689280275926286,0.01780235837034216,0.026179938779914945,-0.04367734533920237,24.087934723787473,-1.0527665865522589,-1.582315499858059,0.3021164935202184
-5.343657839105046,9.93586569804427,-0.024260076602721184,-0.03385938748868999,0.017976891295541596,0.011344640137963142,-0.04413489365522171,24.04587331181973,-1.0619516722910662,-1.579872038905267,0.3052580861738083
-4.826089073904044,11.63090420116742,-0.024609142453120045,-0.014137166941154071,0.017976891295541596,0.00890117918517108,-0.04379269127156028,23.970434051267095,-1.0504013904484926,-1.576206847476079,0.31468286413457763
-5.504765638756787,11.46393980190997,-0.024783675378319478,-0.020071286397934793,0.017976891295541596,0.003490658503988659,-0.04423301578181294,23.926967747181084,-1.0590527320418162,-1.573763386523287,0.32079151651655774
-6.043676525719944,9.221902522282752,-0.02495820830351891,-0.013613568165555772,0.017976891295541596,0.019547687622336492,-0.04383076217355737,23.864057995480838,-1.0466501887067403,-1.570098195094099,0.3153809958353754
-5.792740100172578,-0.9538620478329967,-0.025132741228718343,-0.021467549799530253,0.017976891295541596,-0.010122909661567111,-0.04360322920224271,23.81153620139122,-1.0389183657193939,-1.5674802012161073,0.3043854215478111
-5.3070717905553355,6.541467183281238,-0.02548180707911721,-0.022689280275926284,0.017976891295541596,0.015533430342749533,-0.044178345163036016,23.74857622669811,-1.049855896973804,-1.5636404768617198,0.3204424506661589
-5.1007376121747185,5.572138554640514,-0.025656340004316644,-0.029670597283903602,0.017976891295541596,0.022863813201125717,-0.044330148606766796,23.706401487508234,-1.0515972441446289,-1.5610224829837283,0.3118903373313867
-4.765362679464784,2.310229262178616,-0.02600540585471551,-0.012391837689159739,0.01832595714594046,0.04084070449666731,-0.044876990931165484,23.64314889457827,-1.0617462401774087,-1.5571827586293407,0.3152064629101759
-4.671354428182485,14.82774168199532,-0.02600540585471551,-0.002617993877991494,0.018500490071139894,0.028448866807507574,-0.04483283975576836,23.601726686975656,-1.0588419438821224,-1.5547392976765488,0.3330088212805181
-4.734388028636528,11.311246343026422,-0.026179938779914945,0.00034906585039886593,0.01884955592153876,0.017976891295541596,-0.043827744403854556,23.53925576209418,-1.0323335629219321,-1.550725040396962,0.33457961760731303
-5.430575331236313,8.753714222022717,-0.026354471705114377,-0.02408554367752175,0.01884955592153876,0.019547687622336492,-0.04461816317158053,23.48816868094218,-1.0486949423271907,-1.5482815794441698,0.3302162944773272
-5.879441125149254,2.7460715636921895,-0.026878070480712675,-0.038571776469074684,0.019024088846738195,0.026354471705114377,-0.0452816705110629,23.41689811451416,-1.0610815883621028,-1.5442673221645828,0.3186971214141646
-4.973265981219965,4.7622811733797805,-0.027227136331111543,-0.04153883619746504,0.019198621771937627,0.01815142422074103,-0.04476423179799249,23.376402239304063,-1.0471262051151193,-1.5418238612117907,0.3192207201897629
-3.8198487548819036,5.400004459743309,-0.02775073510670984,-0.021642082724729686,0.019547687622336492,0.026179938779914945,-0.04564412381075202,23.313885337402514,-1.0648814913280142,-1.5379841368574032,0.3129375348825833
-3.5716647938314074,4.368658248737013,-0.027925268031909273,-0.03630284844148206,0.019547687622336492,0.008726646259971648,-0.04527251600560209,23.2841319257691,-1.0548520089187945,-1.5353661429794117,0.31223940318178556
-3.6090401005379014,8.593510124817037,-0.028623399732707007,-0.0328121899374934,0.019547687622336492,0.009773843811168246,-0.044831218764883544,23.233798783589343,-1.04229789295205,-1.5315264186250241,0.3277728335245351
-4.16035767239076,9.573627294335653,-0.02879793265790644,-0.03560471674068432,0.019547687622336492,0.008028514559173916,-0.045558438286123555,23.20264587321138,-1.0578082635341615,-1.529082957672232,0.3164281933865719
-3.7178401783267496,10.999043514009887,-0.0291469985083053,-0.013788101090755204,0.019547687622336492,0.019547687622336492,-0.04508975243980765,23.142554771722512,-1.0441998106748183,-1.5252432333178445,0.31485739705977706
-4.280996489832051,7.92365966198269,-0.029321531433504737,-0.020943951023931952,0.01937315469713706,0.0008726646259971648,-0.04580191598118,23.111938415879457,-1.0593119120892236,-1.5227997723650526,0.2982767691658309
-4.1976927631167635,6.645650304061387,-0.029670597283903602,-0.0015707963267948964,0.019198621771937627,-0.010471975511965976,-0.04495368341030295,23.063406899745896,-1.0374840471964544,-1.519309113861064,0.2982767691658309
-4.851235098402464,5.704934968370482,-0.029670597283903602,-0.0020943951023931952,0.019198621771937627,0.02548180707911721,-0.044781325211115,23.023816117445516,-1.0317267530004104,-1.5168656529082718,0.28989918875625814
-4.984565760216268,3.952559567168468,-0.029670597283903602,0.02234021442552742,0.019547687622336492,0.034033920413889425,-0.04502148260083831,22.954121937060556,-1.0341273984654897,-1.5135495273294826,0.27785641691749724
-5.206865280807941,10.00798186258969,-0.02949606435870417,0.024260076602721184,0.019896753472735357,0.06911503837897545,-0.04508795064764473,22.914745149606716,-1.033879592680435,-1.51128059930189,0.28134707542148596
-4.940167745168767,13.9003023387197,-0.0291469985083053,0.030368728984701335,0.020594885173533087,0.06649704450098395,-0.043547836843648526,22.84848632361573,-0.9956316107363692,-1.5079644737231008,0.28605946440187063
-4.902794226389547,0.9232173116142595,-0.028972465583105872,0.0301941960595019,0.02111848394913139,0.07906341511534314,-0.043416896488287476,22.80994754653078,-0.9909598717992963,-1.5058700786207075,0.2595304597715568
-4.244321140900368,2.11518091299145,-0.028623399732707007,0.031415926535897934,0.02181661564992912,0.06492624817418906,-0.04404054992080873,22.750423705385757,-1.0025894522341368,-1.5025539530419183,0.26232298657474773
-4.278937553173467,9.3099357566732,-0.028448866807507574,0.031066860685499065,0.022514747350726852,0.06736970912698112,-0.04390495664893703,22.721264487863525,-0.9982176179296853,-1.500459557939525,0.2642428487519415
-4.206439421700818,11.314545511360727,-0.028099800957108706,0.03961897402027128,0.02303834612632515,0.04066617157146788,-0.04256817242317572,22.66546557490302,-0.9654106409926516,-1.4973179652859354,0.2747148242639075
-4.1427454119861045,9.904542518135088,-0.02775073510670984,0.0460766922526503,0.023387411976724018,0.015707963267948967,-0.04328265004738388,22.625709106718677,-0.9799126445739402,-1.4952235701835421,0.26563911215353697
-4.0775977342566545,2.502533477434208,-0.027401669256310976,0.02757620218151041,0.023387411976724018,0.011519173063162575,-0.04325552817269676,22.57783957980779,-0.9772259285610878,-1.4920819775299523,0.2593559268463574
-4.315037783969249,12.854200804870503,-0.027227136331111543,0.02408554367752175,0.02356194490192345,0.020071286397934793,-0.0428024016026405,22.5405221042751,-0.9653780903458512,-1.4898130495023596,0.2802998778702893
-4.7407835130353835,-2.1325142363018816,-0.027052603405912107,0.031939525311496235,0.023736477827122883,0.032114058236695664,-0.042732930397797915,22.482910383765976,-0.9613458881333268,-1.48667145684877,0.2532472744643772
-4.232325268058744,1.5135485927217303,-0.026878070480712675,0.04363323129985824,0.02408554367752175,0.039793506945470715,-0.04134900443507081,22.43773794722408,-0.9283072409315717,-1.4844025288211773,0.2583087292951608
-4.517446952864889,9.248191734667541,-0.02652900463031381,0.04153883619746504,0.024609142453120045,0.04363323129985824,-0.041247282000996144,22.38061911970609,-0.9236635890151513,-1.4812609361675875,0.27436575841350863
-4.421256212703773,5.617519118215074,-0.02652900463031381,0.019896753472735357,0.024783675378319478,0.014660765716752368,-0.041641278032648894,22.342580023255923,-0.9309117146667305,-1.4789920081399948,0.2647664475275398
-4.310084717963318,8.510049451544122,-0.026354471705114377,0.018675022996339326,0.02495820830351891,0.016929693744344994,-0.04061601322106487,22.28859014662234,-0.9057717988546086,-1.4758504154864052,0.27558748888990464
-4.783350070417311,4.602236128899757,-0.026179938779914945,0.01832595714594046,0.02495820830351891,0.022165681500327987,-0.040818525757255086,22.25041646714228,-0.9087339500523953,-1.4737560203840119,0.2631956512007449
-3.929820985081018,5.839062147359899,-0.02600540585471551,0.02530727415391778,0.025132741228718343,0.0153588974175501,-0.04083500662932686,22.194312821445877,-0.9068090012324078,-1.4704398948052226,0.2645919146023404
-4.345937676165142,6.894532244266634,-0.025656340004316644,0.03647738136668149,0.02495820830351891,-0.02181661564992912,-0.04057165429959786,22.15684805642138,-0.8994335408097831,-1.4683454997028293,0.26354471705114374
-3.8323283321813864,0.9207723869500392,-0.02530727415391778,0.0481710873550435,0.024609142453120045,-0.014660765716752368,-0.04041516352882171,22.11125557404636,-0.8941168753672717,-1.4652039070492398,0.25708699881876473
-4.08647336514309,2.148791030931602,-0.025132741228718343,0.019547687622336492,0.024434609527920616,-0.02129301687433082,-0.04013029637012627,22.075919706104038,-0.8863890772209216,-1.4631095119468465,0.24905848425959082
-4.377215529095226,4.241957474438677,-0.02495820830351891,0.024609142453120045,0.02408554367752175,-0.0024434609527920616,-0.039918613544311116,22.020359887490386,-0.879489440306042,-1.4599679192932569,0.26145032194875056
-4.5684808475943814,4.718195510338233,-0.024783675378319478,0.041713369122664476,0.02408554367752175,-0.0020943951023931952,-0.03961754018897286,21.983585580266183,-0.87139153031213,-1.4578735241908636,0.25237460983838006
-4.229781277649954,-2.51719561228044,-0.024260076602721184,0.03787364476827695,0.023911010752322315,-0.0033161255787892262,-0.04011059075187721,21.92699351924791,-0.8799766336803554,-1.4549064644624732,0.24190263432641407
-3.7806470748946723,6.253152079856158,-0.02408554367752175,0.03874630939427412,0.023736477827122883,-0.005934119456780721,-0.03887957548522456,21.893832370279707,-0.8516520767176644,-1.45281206936008,0.26232298657474773
-4.957522115766123,10.057750537591156,-0.023736477827122883,0.03630284844148206,0.02356194490192345,-0.012915436464758038,-0.03861073709105263,21.839404446688405,-0.8436547820833441,-1.44967047670649,0.2647664475275398
-5.431563120104148,9.701089420746555,-0.023387411976724018,0.04223696789826278,0.023387411976724018,0.0019198621771937625,-0.039143828074451215,21.791824173252888,-0.8534513606313002,-1.4475760816040968,0.2652900463031381
-4.5508109413374855,12.361648056679952,-0.02303834612632515,0.04380776422505767,0.023387411976724018,-0.004363323129985824,-0.03789077410661292,21.73017574295216,-0.8237674487090425,-1.4444344889505072,0.2700024352835228
-4.15491504421678,10.651473936043962,-0.022863813201125717,0.03735004599267865,0.023387411976724018,-0.009075712110370514,-0.0384452430658205,21.69231805039608,-0.8343775608432392,-1.442340093848114,0.27715828521669955
-4.537347211157431,12.581062014165035,-0.02234021442552742,0.052708943410228755,0.023387411976724018,0.0301941960595019,-0.03737313793481537,21.64100469615572,-0.8091690246423988,-1.4390239682693247,0.27314402793711257
-4.67086412676595,-0.0365389773506593,-0.02234021442552742,0.013439035240356337,0.023387411976724018,0.022863813201125717,-0.0369428707894969,21.5977346746057,-0.7982454964939111,-1.4369295731669316,0.2619739207243489
-4.354157750745751,1.154714851042631,-0.02234021442552742,-0.0033161255787892262,0.023387411976724018,0.006108652381980154,-0.03814143578752737,21.540793489321594,-0.8219954348754317,-1.4336134475881424,0.26825710603152847
-3.880603679264187,14.551372959757744,-0.02234021442552742,0.0012217304763960308,0.02356194490192345,0.012566370614359171,-0.03773990272758217,21.505915221535805,-0.8120167036731162,-1.431519052485749,0.2918190509334519
-3.741475052185106,11.328465820578195,-0.02234021442552742,0.00017453292519943296,0.02356194490192345,-0.00890117918517108,-0.03682468399959275,21.466273901727806,-0.7908462630310249,-1.4280283939817606,0.2879793265790644
-4.9810591214204605,4.999803524728251,-0.022514747350726852,-0.014835298641951801,0.023387411976724018,-0.027052603405912107,-0.03699052861884289,21.420556753300467,-0.7927193096679368,-1.4257594659541677,0.2827433388230814
-4.736601392327384,1.1837076178807433,-0.022863813201125717,-0.0153588974175501,0.022863813201125717,-0.031241393610698498,-0.03692225979877632,21.368766833618185,-0.7893418841815646,-1.422268807450179,0.28379053637427804
-4.510462801253727,11.617987843243322,-0.02303834612632515,-0.02548180707911721,0.022689280275926284,-0.017627825445142728,-0.037584696993489944,21.331927977508254,-0.8021317845416767,-1.4199998794225865,0.29129545215785363
-4.333409797264657,6.183371461011297,-0.023212879051524585,0.0006981317007977319,0.022514747350726852,-0.003490658503988659,-0.036502155195664666,21.27324801056598,-0.7768644643530179,-1.4165092209185979,0.2886774582798621
-4.272593461733659,4.630020700402939,-0.023387411976724018,0.01710422666954443,0.02234021442552742,0.0054105206811824215,-0.03667926315307446,21.238432155374905,-0.7793595819079908,-1.4142402928910052,0.2794272132442922
-4.380064760956204,13.343116413605598,-0.023387411976724018,-0.012217304763960308,0.02234021442552742,0.009075712110370514,-0.03538239433455613,21.181200503731347,-0.7497544908234555,-1.4109241673122161,0.2961823740634377
-3.960895032583748,6.895906292041172,-0.02356194490192345,-0.016929693744344994,0.02234021442552742,0.013439035240356337,-0.03600847574293587,21.144857973160967,-0.761723353330853,-1.4086552392846234,0.28361600344907856
-3.897466838181369,12.405759527425586,-0.023736477827122883,-0.0019198621771937625,0.022689280275926284,0.03577924966588375,-0.034379114167111834,21.089329005690324,-0.7253182289975443,-1.4051645807806348,0.3066543495754037
-4.300672643631499,7.3975340911092395,-0.023736477827122883,0.01815142422074103,0.022863813201125717,0.030543261909900768,-0.03599094930450737,21.059255706280222,-0.7582700407621081,-1.402895652753042,0.2801253449450899
-4.2868319676446225,9.148547873897465,-0.02356194490192345,0.02076941809873252,0.023212879051524585,0.03665191429188092,-0.035565406067015234,20.99932662512342,-0.7471646341691282,-1.3995795271742528,0.27820548276789614
-4.3662646085275,7.33793592865352,-0.02356194490192345,0.0017453292519943296,0.023387411976724018,0.03508111796508603,-0.035038837277664325,20.967417395768088,-0.7349747319725632,-1.3974851320718598,0.2815216083466853
-4.351125223919788,3.5714913811120006,-0.023736477827122883,-0.0017453292519943296,0.02356194490192345,0.012042771838760876,-0.035292333282371254,20.91673369871137,-0.7385069778273657,-1.393994473567871,0.2715732316103177
-4.311062073070762,7.342086058012778,-0.023736477827122883,0.02076941809873252,0.02356194490192345,-0.0029670597283903604,-0.034678943828661955,20.87437338224537,-0.7241915565506984,-1.3919000784654778,0.2780309498426967
-4.494398233671586,7.975890051059585,-0.02356194490192345,0.010821041362364843,0.023736477827122883,0.015533430342749533,-0.03425561491305017,20.825280268911726,-0.7136619513833684,-1.3885839528866886,0.27576202181510406
-4.558715038954168,6.371122678010657,-0.023387411976724018,0.015184364492350668,0.02356194490192345,0.0013962634015954637,-0.033791318221496766,20.78337360810343,-0.7025650203685548,-1.386315024859096,0.2815216083466853
-4.400952007245329,12.112360042785678,-0.023387411976724018,0.004014257279586958,0.023387411976724018,-0.023387411976724018,-0.0329593168751383,20.72722630541383,-0.6834027015589387,-1.3828243663551074,0.2930407814098479
-3.9973162816680783,9.251953751970843,-0.023736477827122883,-0.032637657012293965,0.023212879051524585,-0.03508111796508603,-0.03404779619750603,20.700966023712926,-0.7050947542607231,-1.380555438327515,0.28361600344907856
-3.7366376251502835,16.49033620889178,-0.024260076602721184,-0.04206243497306335,0.022689280275926284,-0.04328416544945937,-0.032052682617635636,20.649668440121182,-0.6621040271252268,-1.3772393127487255,0.3052580861738083
-3.5629135634249756,0.6944224946096231,-0.024609142453120045,-0.02530727415391778,0.022165681500327987,-0.04450589592585541,-0.03209518740126147,20.616257223935687,-0.6619099327641832,-1.3749703847211328,0.28745572780346607
-3.544915973469565,8.64734086215997,-0.02495820830351891,-0.009948376736367679,0.021467549799530253,-0.04537856055185257,-0.03223368208518274,20.565726153908788,-0.6631387639328639,-1.371479726217144,0.2947861106618423
-4.068827889432526,5.9498019958275306,-0.025132741228718343,-0.04974188368183839,0.02111848394913139,-0.03159045946109736,-0.03251332111232421,20.54320393094347,-0.6681632447069783,-1.369036265264352,0.29722957161463437
-3.1073764341891184,10.239811267400647,-0.025830872929516076,-0.03420845333908886,0.020420352248333655,-0.05235987755982989,-0.03214482662846134,20.49613952627485,-0.6590718713618651,-1.3655456067603633,0.30700341542580256
-3.208899327427262,4.730566041548013,-0.026354471705114377,-0.05619960191421741,0.019896753472735357,-0.041887902047863905,-0.032324264802946014,20.46471197602469,-0.6617372589287341,-1.3631021458075716,0.30037116426822413
-3.406721571566254,9.524402426948361,-0.026878070480712675,-0.03246312408709453,0.01937315469713706,-0.029845130209103034,-0.03218970792256868,20.42697202484886,-0.6577654661317276,-1.3594369543783833,0.3103195410045918
-3.5743404755563697,3.171230370138388,-0.027227136331111543,-0.027925268031909273,0.019198621771937627,-0.022863813201125717,-0.03187245271871545,20.396331210071953,-0.6503013206110285,-1.3569934934255912,0.30316369107141505
-4.107208216255116,5.456784958227617,-0.02757620218151041,-0.029670597283903602,0.01884955592153876,-0.015184364492350668,-0.0325863779700989,20.34633858984124,-0.6632482578081038,-1.3533283019964033,0.29740410453983374
-3.9201665685374287,6.024231062179513,-0.02775073510670984,-0.02111848394913139,0.018500490071139894,-0.019198621771937627,-0.032075807740557745,20.315837829972963,-0.651870484257893,-1.3510593739688104,0.29792770331543206
-3.897274701164618,8.48885649547097,-0.027925268031909273,-0.019024088846738195,0.018500490071139894,0.009948376736367679,-0.03162008330989646,20.27156970275421,-0.641202434808191,-1.347568715464822,0.2984513020910304
-3.444825491572977,4.21194681255616,-0.028099800957108706,0.015009831567151233,0.018500490071139894,0.020071286397934793,-0.03174731267108189,20.23965650542866,-0.6427706657190018,-1.34512525451203,0.28344147052387914
-3.4015275321491667,9.553337227532976,-0.02775073510670984,0.03752457891787808,0.018675022996339326,0.02181661564992912,-0.03126599203121119,20.19363370109341,-0.631579806653743,-1.3416345960080411,0.29286624848464854
-4.28606643972563,4.249381805212707,-0.02757620218151041,0.0471238898038469,0.01884955592153876,0.009948376736367679,-0.0316860817972952,20.15982257281476,-0.6389996549181572,-1.3393656679804484,0.2759365547403035
-3.8654998451861537,-0.4926974662506989,-0.027052603405912107,0.06422811647339133,0.01884955592153876,0.007853981633974483,-0.031387643246448146,20.102646472269058,-0.6311819862252811,-1.3360495424016592,0.2811725424962865
-4.389424391634992,9.326077354601123,-0.026703537555513242,0.0582939970166106,0.018675022996339326,0.01832595714594046,-0.030711459870621342,20.065368440827097,-0.616430574339048,-1.3337806143740667,0.2947861106618423
-4.586238228793526,9.937410030781873,-0.026179938779914945,0.05113814708343386,0.018675022996339326,0.017976891295541596,-0.030062478559964984,20.01149261145763,-0.6017763641629627,-1.330289955870078,0.2988003679414292
-4.190447958893423,11.295190967369757,-0.025830872929516076,0.05480333851262195,0.01884955592153876,0.003141592653589793,-0.03051232865533961,19.969405689485704,-0.6095022304961587,-1.327846494917286,0.3036872898470134
-3.879581386762296,12.690595021469782,-0.02548180707911721,0.0460766922526503,0.018675022996339326,0.0019198621771937625,-0.030002002161366358,19.915452472621975,-0.5976827876605231,-1.3241813034880978,0.30717794835100204
-3.8693279230169857,1.6693266450697768,-0.025132741228718343,0.050265482457436686,0.018675022996339326,-0.02181661564992912,-0.030048962126427315,19.884747779243476,-0.5976959382902978,-1.321737842535306,0.2958333082130388
-4.101631291716267,3.773028426674288,-0.024609142453120045,0.039095375244672985,0.01832595714594046,-0.018675022996339326,-0.030422461684436106,19.836650429638244,-0.6036659853587925,-1.318247184031317,0.3052580861738083
-4.287123068777489,8.341432688494121,-0.024260076602721184,0.03752457891787808,0.01815142422074103,-0.012915436464758038,-0.030513605095769048,19.796449706499477,-0.6042485948972964,-1.3156291901533255,0.3183480555637657
-4.374114056209434,14.329073355250017,-0.023911010752322315,0.04293509959906051,0.017976891295541596,0.0022689280275926286,-0.029499845032181914,19.73688357732694,-0.582403960658899,-1.311789465798938,0.33161255787892263
-4.485710433929176,7.230872980187411,-0.023736477827122883,0.016231562043547264,0.017976891295541596,0.0005235987755982988,-0.030667443603210977,19.701580512278912,-0.6043865947407203,-1.3091714719209466,0.3204424506661589
-3.9148784726304573,13.187286176263253,-0.02356194490192345,0.03647738136668149,0.01780235837034216,-0.010122909661567111,-0.029729419237519716,19.652788094648965,-0.5844381695576351,-1.3053317475665591,0.3391174736624982
-4.394025676372244,-2.329675351765381,-0.023387411976724018,0.03543018381548489,0.017627825445142728,-0.0017453292519943296,-0.028779585035082326,19.61839226355963,-0.5647651219811125,-1.3027137536885676,0.32271137869375155
-4.596507201183353,8.760252092691665,-0.022863813201125717,0.034033920413889425,0.017453292519943295,0.013089969389957472,-0.03045403594875848,19.55702795841515,-0.5957746272750161,-1.2986994964089806,0.3324852225049198
-4.417988439119111,6.207870793230338,-0.022689280275926284,0.04084070449666731,0.017453292519943295,0.01780235837034216,-0.030469696233909556,19.517888388400067,-0.5948882402718142,-1.2960815025309893,0.3282964323001334
-4.615328216021058,11.897492611870655,-0.02234021442552742,0.04380776422505767,0.017278759594743863,0.013264502315156905,-0.02962784541755995,19.47024868473774,-0.5770303690145231,-1.2920672452514022,0.3466223894460738
-4.618332637225199,9.372754339485219,-0.02181661564992912,0.04153883619746504,0.017453292519943295,0.010995574287564275,-0.03043888084350176,19.42623079748292,-0.5914954142893479,-1.28962378429861,0.3335324200561164
-4.391211335425278,6.428759454008739,-0.021467549799530253,0.0471238898038469,0.017278759594743863,-0.0022689280275926286,-0.031056078119760498,19.370554714035464,-0.6017669369188727,-1.285609527019023,0.32306044454415045
-4.142947267545518,4.8537877696809995,-0.020943951023931952,0.05096361415823442,0.017278759594743863,-0.013439035240356337,-0.03002235314894184,19.33750523554257,-0.5807319009769849,-1.2829915331410318,0.3295181627765294
-4.241358332254865,2.366435771324422,-0.020245819323134222,0.06283185307179587,0.01710422666954443,-0.005061454830783556,-0.03010328131124222,19.28514415986405,-0.5807215484538955,-1.2789772758614446,0.33807027611130164
-4.289464178953883,5.236116798012839,-0.019896753472735357,0.06318091892219473,0.016929693744344994,0.009773843811168246,-0.030216465791029583,19.247166908031012,-0.5817584264593326,-1.2761847490582539,0.33824480903650106
-4.245894663276195,2.871757006421744,-0.019198621771937627,0.06702064327658225,0.016929693744344994,0.006283185307179586,-0.030764186855158703,19.19179781050585,-0.5906063892434014,-1.272170491778667,0.3389429407372988
-3.983261674813519,5.412224204428485,-0.018675022996339326,0.055326937288220246,0.016755160819145562,0.0029670597283903604,-0.030851842934642423,19.154500929881525,-0.5911392219887784,-1.269377964975476,0.35028758087526196
-4.2293896667361786,4.431464558482343,-0.01832595714594046,0.04345869837465881,0.016755160819145562,-0.003141592653589793,-0.031035495967892825,19.102913176152022,-0.5930588088938501,-1.2651891747706894,0.3501130479500625
-4.410629681355087,-1.6661502485450557,-0.017976891295541596,0.059864793343405505,0.016580627893946133,-0.0033161255787892262,-0.03076862015766258,19.06837792538127,-0.5868928944956917,-1.2622221150422992,0.34470252726888007
-4.011876320965786,6.354628496016128,-0.017278759594743863,0.06021385919380437,0.0164060949687467,-0.010297442586766544,-0.031925834946734295,19.010644772186808,-0.6071369978495019,-1.2580333248375126,0.36075955638722795
-4.619985997397294,6.501590377792561,-0.016929693744344994,0.027401669256310976,0.016231562043547264,-0.008552113334772215,-0.032137280497273775,18.973772159710204,-0.6099754476379414,-1.2550662651091222,0.3691371367968007
-4.827840151499539,8.300739807315532,-0.016580627893946133,0.041189770347066175,0.016057029118347832,-0.003490658503988659,-0.032272818314634084,18.913655263544875,-0.6106089648695775,-1.2507029419791365,0.36704274169440754
-4.934722645428558,1.2404809944011603,-0.016231562043547264,0.033161255787892266,0.0158824961931484,-0.022863813201125717,-0.03263195231877833,18.87655942808903,-0.6161977209410494,-1.2475613493255469,0.36006142468643015
-4.351615552794687,7.343261417101923,-0.0158824961931484,0.022863813201125717,0.015533430342749533,-0.020420352248333655,-0.03338495176178053,18.823930738527032,-0.6286695993118195,-1.243198026195561,0.3719296635999916
-4.668428842834762,5.784884834143176,-0.015707963267948967,0.0328121899374934,0.0153588974175501,-0.026179938779914945,-0.03354402787428995,18.787329463624722,-0.63043917805124,-1.2402309664671707,0.37315139407638764
-4.1631432005471956,10.330364310543883,-0.0153588974175501,0.05585053606381855,0.015009831567151233,-0.01937315469713706,-0.034105938802985326,18.724611041861305,-0.6388681712082224,-1.2358676433371847,0.37227872945039053
-5.115780224128381,4.3924112691790524,-0.014835298641951801,0.04066617157146788,0.015009831567151233,-0.005759586531581287,-0.033901411509664206,18.69185158886615,-0.6339230283186624,-1.2327260506835949,0.37681658550557573
-4.918881310178018,7.805894137316609,-0.014486232791552936,0.04380776422505767,0.015009831567151233,0.0066322511575784525,-0.03443118421077618,18.620763430452893,-0.641388412552297,-1.22818819462841,0.3808308427851627
-4.602328349309737,7.480963620017349,-0.014137166941154071,0.03368485456349056,0.015009831567151233,0.012740903539558606,-0.035043983379009915,18.58212608469833,-0.6514584206816545,-1.2252211349000195,0.3817035074111599
-4.338839166539956,2.3395121612859286,-0.013962634015954637,0.02408554367752175,0.015009831567151233,0.0164060949687467,-0.03569287344199521,18.520955060703184,-0.6613469767373351,-1.220683278844834,0.37384952577718544
-4.545075617713867,8.515706376887294,-0.013613568165555772,0.04450589592585541,0.015184364492350668,0.028448866807507574,-0.035428953570013084,18.48856155579219,-0.6553045936733629,-1.2175416861912445,0.3855432317655474
-4.4446611971024135,10.414025866119685,-0.013089969389957472,0.06422811647339133,0.0153588974175501,0.020594885173533087,-0.035008886897538685,18.425157418010926,-0.6453079082179288,-1.2128292972108594,0.39095375244672986
-4.3519512528245565,12.708326898273437,-0.012740903539558606,0.03874630939427412,0.0153588974175501,0.013089969389957472,-0.03728522422814848,18.385816501741143,-0.6858371345160558,-1.2098622374824695,0.3876376268679406
-4.398280889158417,5.464788645158327,-0.012391837689159739,0.02234021442552742,0.015533430342749533,0.022165681500327987,-0.03629972912621963,18.327127742943972,-0.6655621289044336,-1.2051498485020844,0.38903389026953605
-4.448693828654668,8.548450602743205,-0.012217304763960308,0.02111848394913139,0.015707963267948967,0.008377580409572781,-0.03579466626779005,18.286973812611688,-0.65485582834802,-1.2020082558484948,0.4024729255098924
-4.44987464620667,8.813423691611364,-0.012042771838760876,0.04799655442984406,0.015707963267948967,0.008552113334772215,-0.03648270043778963,18.226932284226834,-0.6652628887993868,-1.1972958668681102,0.39496800972631674
-4.464669885933849,7.629224033244308,-0.011868238913561441,0.014311699866353503,0.015533430342749533,-0.017627825445142728,-0.03715972176639585,18.189384163282885,-0.6762237366371922,-1.1941542742145204,0.3953170755767157
-4.54997508431944,3.393768547856373,-0.011519173063162575,0.034033920413889425,0.0153588974175501,-0.007853981633974483,-0.03728610262372745,18.133784782856658,-0.6764516691838071,-1.1894418852341357,0.39810960237990656
-4.790512098526302,12.567469702197881,-0.011519173063162575,-0.004363323129985824,0.0153588974175501,-0.022165681500327987,-0.03862955687935773,18.092949170070856,-0.6992704707652049,-1.1861257596553465,0.4024729255098924
-4.885905629889089,8.722210194525864,-0.011693705988362009,0.002617993877991494,0.015009831567151233,-0.0158824961931484,-0.037289036979333216,18.027345810589406,-0.6725341068134082,-1.1814133706749617,0.4082325120414737
-4.427923248412737,0.2450520275195478,-0.011693705988362009,-0.0027925268031909274,0.014835298641951801,-0.0158824961931484,-0.037368617636175244,17.984893973599284,-0.6723836304784103,-1.1780972450961724,0.3906046865963309
-4.541726228495618,-1.14374973610502,-0.011693705988362009,0.00767944870877505,0.014486232791552936,-0.0307177948351002,-0.03863362207685765,17.93234914830774,-0.6931364827777091,-1.1733848561157878,0.3974114706791088
-4.392552080560968,-1.0612895419597093,-0.011693705988362009,-0.016231562043547264,0.014311699866353503,-0.026878070480712675,-0.03691576309839569,17.892806518048324,-0.6608268196352356,-1.1700687305369986,0.39549160850191506
-4.384235942561276,8.880336745835827,-0.011868238913561441,-0.01117010721276371,0.013788101090755204,-0.03490658503988659,-0.037789900755832606,17.84492581488494,-0.6746791706321927,-1.1651818086314145,0.4106759729942658
-4.916969811402077,-1.9950193831806489,-0.012042771838760876,-0.010122909661567111,0.013613568165555772,-0.03630284844148206,-0.03707271202196298,17.7981591005541,-0.6601284783438263,-1.1618656830526253,0.39112828537192923
-4.967988726044542,6.699872373111841,-0.012217304763960308,-0.013613568165555772,0.013089969389957472,-0.044331363000655974,-0.03787208148418301,17.73807246261328,-0.6720990857592801,-1.1573278269974399,0.3967133389783111
-4.5550078565553545,3.0720269238284303,-0.012217304763960308,0.007853981633974483,0.012740903539558606,-0.0307177948351002,-0.037319540121642396,17.700882011665588,-0.6608956252847631,-1.1540117014186508,0.39496800972631674
-5.289491373491047,2.4706981990553243,-0.012391837689159739,0.0008726646259971648,0.012391837689159739,-0.024434609527920616,-0.038773170596085905,17.636881707750785,-0.6841807139610819,-1.149299312438266,0.3872885610175417
-5.171955118067694,10.730563182705653,-0.012391837689159739,-0.008552113334772215,0.012217304763960308,-0.026703537555513242,-0.03874828186307907,17.605567957592307,-0.6825271325324088,-1.1461577197846762,0.3963642731279123
-4.759562091822882,6.956458682877931,-0.012566370614359171,-0.003665191429188092,0.011868238913561441,-0.025656340004316644,-0.03762089157332736,17.54028145285256,-0.6601925198483474,-1.1414453308042916,0.39496800972631674
-4.693666720526886,15.32537239988006,-0.012740903539558606,-0.0024434609527920616,0.011519173063162575,-0.011868238913561441,-0.03839663921982033,17.492314448602095,-0.671976351469293,-1.1383037381507017,0.4071853144902771
-4.243671706470419,8.148244520586827,-0.012915436464758038,-0.003141592653589793,0.011344640137963142,0.0024434609527920616,-0.03759812917593016,17.43684972674942,-0.6559020228348657,-1.1334168162451175,0.39584067435231396
-4.7031331149546025,7.595979026230046,-0.012915436464758038,-0.006457718232379019,0.011344640137963142,-0.00820304748437335,-0.037281261911715664,17.39749106654745,-0.6489010831663525,-1.1302752235915279,0.3967133389783111
-5.315453416327828,9.47060309372148,-0.013089969389957472,-0.009599310885968814,0.01117010721276371,-0.010995574287564275,-0.03713096578030391,17.334694220002785,-0.6439499048610199,-1.1257373675363425,0.3843215012891514
-4.793175807000827,5.636522979820783,-0.013264502315156905,-0.003839724354387525,0.010995574287564275,-0.004537856055185257,-0.036245627429453746,17.30021043569369,-0.6273317240450668,-1.1225957748827529,0.38798669271833947
-4.223092307066425,10.041733651472011,-0.013439035240356337,-0.009250245035569947,0.010821041362364843,-0.023212879051524585,-0.0362116371638894,17.238049008418155,-0.6244909613620526,-1.117883385902368,0.39112828537192923
-5.2380969562595,-1.0042099449968884,-0.013613568165555772,0.007155849933176752,0.01064650843716541,-0.017278759594743863,-0.03504791603637161,17.195480347890225,-0.6029126355246335,-1.1147417932487784,0.3782128489071712
-5.419200042020552,-0.31632614685515476,-0.013613568165555772,-0.0015707963267948964,0.010471975511965976,-0.01064650843716541,-0.03661304633464505,17.12952767463111,-0.6274445818258038,-1.110203937193593,0.37768925013157295
-4.3278986445244225,14.938918415139598,-0.013613568165555772,-0.006981317007977318,0.010297442586766544,-0.006108652381980154,-0.036953283571287646,17.096174378534926,-0.6320475024591277,-1.1070623445400032,0.39584067435231396
-4.3148633927531606,10.961546462880976,-0.013788101090755204,-0.0158824961931484,0.010122909661567111,-0.017453292519943295,-0.03532322405365774,17.03566027532171,-0.6020048455036691,-1.102524488484818,0.3855432317655474
-4.523286025285505,0.6974948931036452,-0.013788101090755204,-0.011693705988362009,0.010122909661567111,-0.006108652381980154,-0.03509808248695427,17.007169271212543,-0.5971642607439536,-1.0993828958312282,0.36983526849759846
-4.404852243725068,16.30738102345662,-0.013962634015954637,-0.0010471975511965976,0.009773843811168246,-0.026354471705114377,-0.034545666859914774,16.94705238058169,-0.5856802285353581,-1.0950195727012424,0.38135444156076104
-4.134902447733416,8.196379822794064,-0.013962634015954637,0.0005235987755982988,0.009599310885968814,-0.026354471705114377,-0.03464798995801785,16.914544810081015,-0.5862896077790702,-1.092052512972852,0.38048177693476387
-4.25181792223619,10.626373824882677,-0.013962634015954637,0.006108652381980154,0.009250245035569947,-0.02234021442552742,-0.03483186531001313,16.859567876211106,-0.587487808261216,-1.0876891898428662,0.3687880709464018
-4.533137028526297,6.340720115259776,-0.013962634015954637,-0.0006981317007977319,0.009075712110370514,-0.02530727415391778,-0.034905345421269565,16.82769938349228,-0.5876153258809734,-1.0847221301144758,0.3621558197888234
-4.066644527682967,12.576651755350346,-0.013788101090755204,0.016057029118347832,0.008726646259971648,-0.026354471705114377,-0.03371294595742433,16.773550113832098,-0.565700122633572,-1.08035880698449,0.37088246604879505
-4.318480922958547,0.41587253069494334,-0.013788101090755204,0.027401669256310976,0.008377580409572781,-0.0027925268031909274,-0.033852213166446606,16.72825450162318,-0.5665048534559955,-1.077566280181299,0.3377212102609028
-3.978221691938371,-0.38217557840053196,-0.013439035240356337,0.033510321638291124,0.00820304748437335,-0.02775073510670984,-0.034033210250840405,16.683272315382254,-0.5680046302176919,-1.0733774899765127,0.33807027611130164
-4.881131296782474,8.69211831328133,-0.013089969389957472,0.05009094953223726,0.008028514559173916,-0.038571776469074684,-0.03440982324643635,16.647173502561525,-0.5730524872102613,-1.0705849631733217,0.3331833542057175
-4.07489291184923,10.251587691080935,-0.012566370614359171,0.04991641660703782,0.007330382858376184,-0.0466002910282486,-0.0317757302778771,16.590918526072464,-0.5273660574102816,-1.0667452388189342,0.3392920065876977
-4.087377301073141,6.692421276597464,-0.012217304763960308,0.0635299847725936,0.007155849933176752,-0.03874630939427412,-0.032119169217216734,16.555463887547784,-0.5319306791602502,-1.0639527120157433,0.33161255787892263
-4.139947482057206,5.932895019437452,-0.011519173063162575,0.07714355293814937,0.006806784082777886,-0.020943951023931952,-0.03212753731611364,16.497626555488868,-0.5302105493466743,-1.0601129876613558,0.3181735226385663
-4.578333262381166,8.719276674438728,-0.010821041362364843,0.07278022980816354,0.0066322511575784525,-0.026878070480712675,-0.030912630703503155,16.46327523089899,-0.5090853167853879,-1.0574949937833644,0.32690016889853796
-5.462845479058069,10.038926573324042,-0.009948376736367679,0.06265732014659643,0.006283185307179586,-0.010821041362364843,-0.030047927186065266,16.402967503345934,-0.49302356213874754,-1.053655269428977,0.318871654339364
-4.430678300431117,11.381234489841846,-0.009599310885968814,0.05166174585903215,0.006283185307179586,0.005585053606381855,-0.029869910757891683,16.35943438878333,-0.4888002249618895,-1.0510372755509851,0.3284709652253328
-4.2770743426463556,4.042732855720254,-0.00890117918517108,0.06736970912698112,0.006283185307179586,-0.00034906585039886593,-0.0286993698418879,16.313059937197604,-0.4683031206706019,-1.0471975511965976,0.31904618726456346
-4.616403741082652,5.864572269964769,-0.00820304748437335,0.09285151620609834,0.006283185307179586,0.003141592653589793,-0.027945863511532748,16.27461331285928,-0.4549265567034203,-1.0445795573186063,0.3209660494417572
-5.364160325983717,-3.442745513942688,-0.007155849933176752,0.0715584993317675,0.006283185307179586,0.012915436464758038,-0.028885974548133603,16.208640391203776,-0.4683326398907815,-1.0407398329642188,0.3066543495754037
-5.6533516006317575,9.060083324021226,-0.0066322511575784525,0.060039326268604934,0.006457718232379019,0.017453292519943295,-0.027622337777028234,16.162094901903455,-0.446548421529732,-1.0382963720114267,0.3246312408709453
-4.517999833152501,2.936061455407267,-0.005934119456780721,0.06265732014659643,0.006457718232379019,-0.012217304763960308,-0.026760560835891265,16.10329329176324,-0.4310360569796993,-1.0342821147318397,0.3216641811425549
-4.900147526954831,6.67512176421514,-0.0054105206811824215,0.06300638599699529,0.006283185307179586,-0.02652900463031381,-0.026469555398711455,16.060859871955955,-0.42522313384236066,-1.0316641208538482,0.32655110304813906
-5.483049498996524,5.28603844548361,-0.00471238898038469,0.05881759579220891,0.006283185307179586,-0.0066322511575784525,-0.02591713008715348,15.997335000127734,-0.4146978669292461,-1.0278243964994607,0.32934362985133
-5.014421320923748,6.035922851391044,-0.004363323129985824,0.061086523819801536,0.006108652381980154,-0.03298672286269283,-0.0243633276996404,15.956988236758685,-0.3888422718169193,-1.02503186969627,0.3438298626428829
-4.6200238865128656,10.59649426393919,-0.003839724354387525,0.05393067388662478,0.005585053606381855,-0.02356194490192345,-0.02392170987277064,15.894106779276482,-0.3802867532986419,-1.0210176124166828,0.34243359924128747
-4.590043496251719,4.009989939590661,-0.003490658503988659,0.017976891295541596,0.005235987755982988,-0.044156830075456545,-0.02458647092409648,15.855613021231335,-0.389912138284466,-1.018225085613492,0.33335788713091696
-5.015786052596551,11.573780466135135,-0.0033161255787892262,0.010297442586766544,0.004537856055185257,-0.06876597252857658,-0.02299995960920331,15.803987872491849,-0.36355519166622446,-1.0142108283339049,0.3506366467256608
-5.6463079868874555,1.7736207889844646,-0.003141592653589793,0.006806784082777886,0.004014257279586958,-0.0635299847725936,-0.023310008142739248,15.757294830880273,-0.36736921070607437,-1.011418301530714,0.3391174736624982
-4.491855833917036,1.9640570038063352,-0.0027925268031909274,0.029845130209103034,0.0033161255787892262,-0.0661479786505851,-0.024173721664521874,15.693243402206047,-0.37943801147898437,-1.007404044251127,0.34121186876489146
-5.48978501120198,-1.0717748586527325,-0.002617993877991494,0.020594885173533087,0.0027925268031909274,-0.06091199089460211,-0.022106903949863813,15.659749430599257,-0.346244983441382,-1.0044369845227368,0.33737214441050395
-5.318996670007099,3.6672236481365923,-0.0024434609527920616,0.013089969389957472,0.0019198621771937625,-0.06736970912698112,-0.02258359523146319,15.587874790890332,-0.35209011435429644,-1.0004227272431496,0.3473205211468716
-5.283793130103866,0.020689644439322162,-0.0024434609527920616,-0.013962634015954637,0.0013962634015954637,-0.04537856055185257,-0.02046384380234635,15.5551015693037,-0.31836161006533764,-0.9974556675147593,0.35325464060365236
-4.340587867083063,9.203364981928704,-0.0024434609527920616,0.016580627893946133,0.0008726646259971648,-0.039793506945470715,-0.021392235575215097,15.491992883833456,-0.3314589244429674,-0.993266877309973,0.36023595761162963
-4.199950738091811,3.4371577659014583,-0.0024434609527920616,0.016929693744344994,0.0006981317007977319,-0.012391837689159739,-0.02155376151092159,15.46014946300155,-0.33327598545941217,-0.9902998175815826,0.34592425774527613
-4.3780597752210095,11.821845945805642,-0.0024434609527920616,-0.013962634015954637,0.0005235987755982988,-0.02356194490192345,-0.01989600161027847,15.411189522897645,-0.30666151670885944,-0.9861110273767962,0.36250488563922223
-5.187627662407065,4.778910623354622,-0.0024434609527920616,0.012566370614359171,0.00034906585039886593,-0.010122909661567111,-0.020398876744631814,15.374125453508478,-0.3136583972910416,-0.9833185005736054,0.3492403833240654
-4.474339609333864,11.78,-0.0022689280275926286,0.0153588974175501,0.0,-0.018500490071139894,-0.019230749354529536,15.320188920472019,-0.2946550373668594,-0.9791297103688189,0.3649483465920143
-4.017014583940319,6.156383583986062,-0.0022689280275926286,-0.022165681500327987,0.00017453292519943296,0.014486232791552936,-0.01970152418342579,15.283507170581172,-0.30114735059062814,-0.9763371835656279,0.35499996985564664
-4.4597548043239374,8.13694205918674,-0.0022689280275926286,-0.003490658503988659,0.00017453292519943296,0.013788101090755204,-0.018648793353987426,15.230277328767079,-0.28405922519339183,-0.971973860435642,0.36075955638722795
-4.759958538704291,11.005391660100754,-0.0022689280275926286,-0.0012217304763960308,0.00034906585039886593,0.010821041362364843,-0.019998678211912858,15.196425195951921,-0.30394893971443454,-0.9691813336324512,0.35883969421003414
-4.596876370431896,4.833281564559301,-0.0020943951023931952,0.0006981317007977319,0.0005235987755982988,0.007853981633974483,-0.019266211194457032,15.138091874899484,-0.29168976650881995,-0.9649925434276648,0.3495894491744642
-4.088294567254868,9.585427668321442,-0.0020943951023931952,0.00820304748437335,0.0005235987755982988,0.02303834612632515,-0.01875676033131577,15.099404688727272,-0.2832491328689166,-0.962200016624474,0.3605850234620285
-4.0767313439574195,11.341982147278438,-0.0017453292519943296,0.021467549799530253,0.0005235987755982988,-0.0019198621771937625,-0.017782902244329865,15.055546215392988,-0.2677595318545271,-0.9580112264196875,0.35395277230445005
-4.100439995312946,4.793187322267113,-0.0015707963267948964,0.016580627893946133,0.0005235987755982988,-0.007853981633974483,-0.018158514950302993,15.01967205491423,-0.2727649199606025,-0.9552186996164966,0.33859387488689996
-4.468675040298786,6.120165713065167,-0.0013962634015954637,0.026703537555513242,0.00017453292519943296,-0.020594885173533087,-0.01730679670547396,14.96252736248105,-0.2589792767198248,-0.9510299094117102,0.3501130479500625
-4.666823223417714,1.76,-0.0012217304763960308,0.018500490071139894,0.0,-0.022689280275926284,-0.016717531271981795,14.92463333823118,-0.24952627051019238,-0.9482373826085192,0.34068826998929314
-4.044770912306798,8.411908877796412,-0.0008726646259971648,0.038571776469074684,-0.00034906585039886593,-0.027401669256310976,-0.016012329005923524,14.87625412866428,-0.23822383560663332,-0.9442231253289323,0.35552356863124496
-3.8912173104836874,4.558413608235243,-0.0006981317007977319,0.019198621771937627,-0.0005235987755982988,-0.032114058236695664,-0.015945268078467207,14.846818241595527,-0.23675656255753644,-0.9412560656005419,0.3473205211468716
-4.433921004856836,6.831766758841046,-0.00034906585039886593,0.022514747350726852,-0.0010471975511965976,-0.04380776422505767,-0.014972646594517271,14.79091143246848,-0.22147564008362172,-0.9370672753957555,0.3494149162492648
-5.71,11.643815066210824,-0.0,0.002617993877991494,-0.0012217304763960308,-0.00767944870877505,-0.015624746090773245,14.75002634051954,-0.23048417294852186,-0.9344492815177641,0.35796702958403703
-4.63787354915861,11.707023012837965,0.00017453292519943296,0.029845130209103034,-0.0013962634015954637,-0.020943951023931952,-0.01364089573683013,14.692639511025998,-0.20043319562754147,-0.9302604913129777,0.3534291735288517
-3.734366802261999,7.911274103892026,0.0006981317007977319,0.04974188368183839,-0.0013962634015954637,0.0,-0.01443179507089569,14.651970346674467,-0.21146891498178982,-0.9274679645097867,0.3501130479500625
-3.6362658142120265,-3.289402785076326,0.0010471975511965976,0.024260076602721184,-0.0015707963267948964,-0.0066322511575784525,-0.014694841645277568,14.607132494647411,-0.2146649505894531,-0.9232791743050003,0.3415609346152903
-5.022727751450007,6.927278999595886,0.0013962634015954637,0.03612831551628262,-0.0013962634015954637,0.020594885173533087,-0.013160202149748544,14.568904343517287,-0.1917407956438183,-0.92031211457661,0.3595378259108319
-5.496763329020981,5.216269565071789,0.0017453292519943296,0.02181661564992912,-0.0012217304763960308,0.017453292519943295,-0.01158561555332271,14.506830970654217,-0.16807808676741454,-0.9161233243718236,0.35779249665883756
-4.178143313273203,4.010930547191088,0.0020943951023931952,0.03769911184307752,-0.0010471975511965976,0.031241393610698498,-0.011512268820321608,14.464892060400258,-0.16653108283892987,-0.9131562646434332,0.35552356863124496
-3.7445624521216545,5.10678459674151,0.002617993877991494,0.04345869837465881,-0.0006981317007977319,0.016580627893946133,-0.010874325608797603,14.419308120549678,-0.15680643244208647,-0.9087929415134474,0.3651228795172138
-4.302846982462467,12.176391920104763,0.0029670597283903604,0.0307177948351002,-0.0006981317007977319,0.013439035240356337,-0.011982030999750938,14.387260792701321,-0.1723968551838258,-0.9060004147102565,0.3729768611511882
-5.0647826173652515,3.378938016215517,0.003141592653589793,0.02879793265790644,-0.0006981317007977319,-0.007330382858376184,-0.010442447700195815,14.326555403812938,-0.14960974361837417,-0.9016370915802707,0.3612831551628262
-4.593560191859612,9.865568687697708,0.0033161255787892262,0.031241393610698498,-0.0006981317007977319,-0.020420352248333655,-0.009733336541778178,14.291529651276491,-0.13910866077178116,-0.8986700318518803,0.3778637830567724
-4.585219189103596,10.01994288632193,0.003665191429188092,0.030368728984701335,-0.0010471975511965976,-0.02234021442552742,-0.008723078962432917,14.239322194308135,-0.12421388245378338,-0.8941321757966951,0.37594392087957856
-4.087844869523961,-0.20021378459291175,0.004014257279586958,0.025132741228718343,-0.0012217304763960308,-0.024609142453120045,-0.007417983986168663,14.210990953151358,-0.10541883693455749,-0.8911651160683047,0.37472219040318255
-4.555004092777651,10.030808523049796,0.004363323129985824,0.024434609527920616,-0.0013962634015954637,-0.012217304763960308,-0.006890574511652567,14.153253826920444,-0.09752559358722998,-0.8866272600131195,0.38798669271833947
-4.316844669693609,2.8752665204061487,0.004363323129985824,0.00767944870877505,-0.0017453292519943296,-0.03612831551628262,-0.007261545389250218,14.120400227548963,-0.10253772944596916,-0.8834856673595297,0.3810053757103622
-3.9138256344735463,3.6321717103061317,0.004363323129985824,-0.013613568165555772,-0.0020943951023931952,-0.034033920413889425,-0.006844138835095568,14.063270239538904,-0.09625247689332396,-0.878773278379145,0.3935717463247213
-4.231365945336709,1.7152941757141675,0.004363323129985824,-0.002617993877991494,-0.0022689280275926286,-0.008726646259971648,-0.007178950086737045,14.031037364852631,-0.1007298473623034,-0.8756316857255552,0.38257617203715705
-3.9857842859889945,12.487824350275531,0.004363323129985824,0.006981317007977318,-0.0022689280275926286,-0.012042771838760876,-0.005596577743665996,13.987416593796045,-0.07828248171494101,-0.8709192967451704,0.41399209857305497
-4.564986413737412,5.752521676627192,0.004537856055185257,-0.007504915783575617,-0.0022689280275926286,0.012391837689159739,-0.006444836261599206,13.948935991504671,-0.08989985318309217,-0.8677777040915806,0.40404372183668735
-4.826076104554135,3.1569689243416423,0.0041887902047863905,-0.031066860685499065,-0.0020943951023931952,0.0153588974175501,-0.006071503655406454,13.892834809887336,-0.08435143382144207,-0.8628907821859965,0.4082325120414737
-4.0225163635238825,6.440654909635543,0.004014257279586958,-0.041887902047863905,-0.0017453292519943296,0.02879793265790644,-0.004473802635414168,13.85901947221802,-0.06200293150064888,-0.8595746566072073,0.420449816805434
-3.5428415517260103,6.985724705247013,0.003665191429188092,-0.015009831567151233,-0.0012217304763960308,0.04852015320544237,-0.0046728429779465605,13.811523624886426,-0.06453955093627053,-0.8545132017764238,0.4220206131322289
-3.9273080281391755,10.565677025044495,0.003490658503988659,-0.016929693744344994,-0.0008726646259971648,0.07766715171374766,-0.005244530467883365,13.78019472183543,-0.07227131368314565,-0.8510225432724351,0.4379031093253773
-4.336816573083058,6.468779916315314,0.0033161255787892262,-0.019896753472735357,0.00017453292519943296,0.07923794804054256,-0.004535802964123998,13.732246064022238,-0.06228718955719991,-0.8457865555164521,0.4347615166717875
-4.5454519406240115,5.58454622961063,0.003141592653589793,-0.023387411976724018,0.0006981317007977319,0.08604473212332044,-0.004412578781135266,13.693798400778428,-0.060425356434641996,-0.842470429937663,0.43092179231739997
-4.317802347072166,5.689885120399724,0.0027925268031909274,-0.030543261909900768,0.0017453292519943296,0.08988445647770797,-0.004668221941344847,13.647275507632502,-0.06370897375325381,-0.8372344421816799,0.4300491276914028
-3.6213112381855055,12.691349128344864,0.0024434609527920616,-0.023387411976724018,0.0024434609527920616,0.08587019919812101,-0.005165478233601072,13.616736834398615,-0.07033758331821637,-0.8337437836776913,0.4497713482389387
-4.098607311609992,16.757190305813655,0.0022689280275926286,-0.010297442586766544,0.003490658503988659,0.07644542123735164,-0.0022426877350949052,13.56898417810497,-0.030431045413101657,-0.8285077959217082,0.45483280306972235
-4.272103501839303,11.190734918365765,0.0022689280275926286,-0.01884955592153876,0.004014257279586958,0.05166174585903215,-0.0037412286331618824,13.539412985678815,-0.050654275870895035,-0.8250171374177196,0.4572762640225143
-3.9256931472667365,9.539918423653212,0.0019198621771937625,-0.014835298641951801,0.004537856055185257,0.03735004599267865,-0.0030056468033717197,13.49364876995813,-0.04055726442158108,-0.8196066167365371,0.44767695313654554
-4.059070339592106,6.723564756120835,0.0017453292519943296,-0.022863813201125717,0.00471238898038469,0.017278759594743863,-0.0029183397422587374,13.456565252044115,-0.03927094065576472,-0.8161159582325485,0.443837228782158
-4.0383197938792,2.4325797627112737,0.0015707963267948964,-0.019024088846738195,0.004886921905584123,0.010995574287564275,-0.004220051354001225,13.412329460195728,-0.05660105509879583,-0.8107054375513661,0.4363323129985824
-3.8418376387858837,3.2314704311012004,0.0013962634015954637,-0.009250245035569947,0.004886921905584123,-0.0054105206811824215,-0.003032870859848427,13.375332427566638,-0.04056578033924438,-0.8072147790473774,0.4298745947662034
-4.132646573989758,4.485737709596337,0.0010471975511965976,-0.016231562043547264,0.004886921905584123,-0.017278759594743863,-0.0030455198449598738,13.331377383819321,-0.04060109991080248,-0.8019787912913945,0.43615778007338296
-4.01007294668903,3.2764304853756525,0.0008726646259971648,-0.022863813201125717,0.00471238898038469,-0.04642575810304917,-0.0007389403979608527,13.29480020809525,-0.00982406674466792,-0.7984881327874057,0.4497713482389387
-3.9919248199757322,8.771626012588827,0.0006981317007977319,-0.014137166941154071,0.0041887902047863905,-0.020071286397934793,-0.001396656401206921,13.244583530018458,-0.01849814439631786,-0.7930776121062233,0.44662975558534895
-4.043868890073844,5.504790564229024,0.0006981317007977319,-0.0013962634015954637,0.004014257279586958,-0.021467549799530253,-0.0006265843549901326,13.215924280677354,-0.008280892474721432,-0.7895869536022347,0.44034657027816937
-4.223760743624466,-3.8137003134902376,0.0005235987755982988,-0.013264502315156905,0.003665191429188092,-0.033335788713091695,-0.002295852451221541,13.166252232927508,-0.030227825572056014,-0.7841764329210522,0.4302236606166023
-3.8361337264464748,-1.1486696551808264,0.00034906585039886593,-0.018675022996339326,0.003490658503988659,-0.022514747350726852,0.001211077289636231,13.131161450269131,0.0159028591939198,-0.7806857744170637,0.4338888520457903
-4.008033728855232,5.0446320720092945,0.00017453292519943296,-0.023212879051524585,0.003141592653589793,-0.020071286397934793,0.0006874810319116856,13.0822173799833,0.00899377772099418,-0.7752752537358812,0.44558255803415237
-4.26,2.6594504950302493,-0.0,0.0027925268031909274,0.003141592653589793,0.012915436464758038,0.0015531994468873003,13.054676896124231,0.020276533239584234,-0.7717845952318925,0.44104470197896706
-4.36,5.408798904391261,-0.0,0.0054105206811824215,0.003141592653589793,0.008552113334772215,0.0018221454579224576,12.999378405763812,0.0236867845329487,-0.7665486074759096,0.4475024202113461
-4.061116310028624,-1.2212165667995114,-0.00017453292519943296,-0.010821041362364843,0.0033161255787892262,0.017278759594743863,0.003092728779210677,12.979620045128023,0.04014257244438664,-0.7628834160467215,0.4370304446993801
-4.181693367948748,8.91312065556269,-0.00034906585039886593,-0.007330382858376184,0.003490658503988659,0.014660765716752368,0.002169634054509142,12.924690137416045,0.028041891866774145,-0.757472895365539,0.4469788214357478
-3.99666595234958,8.44339514737925,-0.0005235987755982988,-0.02757620218151041,0.003665191429188092,0.03560471674068432,0.002032912913588918,12.897795065421713,0.026220130265611777,-0.7539822368615504,0.454309204294124
-3.9552250027930875,6.030004894974662,-0.0006981317007977319,-0.0008726646259971648,0.004014257279586958,0.017627825445142728,0.0038999037622012393,12.851670824267778,0.05012053349695537,-0.748571716180368,0.45937065912490754
-3.5874576085780854,5.073438384314763,-0.0006981317007977319,-0.004537856055185257,0.004363323129985824,0.028623399732707007,0.0036298040369240944,12.825224567797,0.04655325636461875,-0.7449065247511798,0.4536110725933263
-3.503447816528814,8.186818221492114,-0.0006981317007977319,0.003839724354387525,0.00471238898038469,0.039968039870670144,0.00447068560726921,12.779412493600336,0.05713311614543418,-0.7394960040699974,0.45779986279811263
-3.3342267800679544,11.120545443358987,-0.0006981317007977319,0.00017453292519943296,0.004886921905584123,0.02356194490192345,0.003715481357890128,12.745989868907595,0.04735770566722873,-0.7358308126408094,0.4618141200776996
-3.905071535487972,10.17071549147529,-0.0008726646259971648,-0.003839724354387525,0.005061454830783556,0.010122909661567111,0.005150200493911938,12.708366904039423,0.06545121619537014,-0.730420291959627,0.46094145545170245
-3.7776101040659085,3.363261058096831,-0.0010471975511965976,-0.00017453292519943296,0.005061454830783556,0.0027925268031909274,0.006143053606810663,12.669507483837448,0.07783044267949579,-0.7267551005304388,0.4564035993965172
-3.2180963972594627,2.250896402623543,-0.0010471975511965976,-0.010995574287564275,0.005061454830783556,-0.003839724354387525,0.006361418824254677,12.631954629125449,0.080358237937442,-0.721170046924057,0.46041785667610413
-3.3835755581604654,9.53581168458209,-0.0012217304763960308,0.0033161255787892262,0.004886921905584123,-0.030543261909900768,0.006211396567467143,12.606852393268976,0.07830716675264905,-0.7175048554948689,0.4717624968140673
-3.96741605977126,10.33789837455939,-0.0012217304763960308,-0.011519173063162575,0.004363323129985824,-0.04136430327226561,0.008213980448349957,12.564477578610756,0.10320669428536709,-0.711919801888487,0.4719370297392667
-4.025860757171665,7.997950648029429,-0.0012217304763960308,-0.006108652381980154,0.004014257279586958,-0.040491638646268445,0.007416187947353894,12.53222578534835,0.09294304578006202,-0.7080800775340995,0.47246062851486503
-3.480709372353402,11.453296389613277,-0.0013962634015954637,-0.015184364492350668,0.003490658503988659,-0.034557519189487726,0.009499145237008863,12.490888768052754,0.11865633550430127,-0.7024950239277177,0.4757767540936543
-3.4098282304748,2.1703542710053223,-0.0015707963267948964,-0.00820304748437335,0.003141592653589793,-0.00034906585039886593,0.011006021732603196,12.461576702140144,0.13715792214563832,-0.6986552995733302,0.4743804906920588
-3.9487900949544814,2.1350662477689943,-0.0017453292519943296,-0.00942477796076938,0.0029670597283903604,-0.017976891295541596,0.008978284852356695,12.423818146430548,0.11154757555707993,-0.6928957130417489,0.4687954370856769
-3.6681542370912656,9.303630127864508,-0.0019198621771937625,-0.016057029118347832,0.0027925268031909274,-0.012217304763960308,0.009400614094428286,12.393759288183698,0.11651238039404085,-0.6890559886873614,0.48328166987722987
-3.380138214904141,7.989867899081821,-0.0022689280275926286,-0.01780235837034216,0.002617993877991494,-0.018500490071139894,0.010958479913072795,12.346632367367823,0.13530573904650595,-0.68329640215578,0.4839798015780276
-3.401229264450284,7.998876561671566,-0.002617993877991494,-0.012915436464758038,0.0024434609527920616,-0.015707963267948967,0.010798232709140893,12.323531484473984,0.13307753316926604,-0.6794566778013925,0.4888667234836117
-3.388323106174855,2.425994445481951,-0.0029670597283903604,-0.028099800957108706,0.0022689280275926286,-0.027052603405912107,0.010654208661580376,12.281979580979161,0.13085972466058868,-0.6736970912698113,0.4824090052512327
-3.4666809263555804,9.068899240877055,-0.003141592653589793,-0.03298672286269283,0.0020943951023931952,-0.026878070480712675,0.010356406463581234,12.259162670265589,0.1269654107804872,-0.6696828339902242,0.4878195259324151
-3.648082986658323,8.779443335202844,-0.0033161255787892262,-0.030019663134302467,0.0017453292519943296,-0.021642082724729686,0.013043674452668724,12.215641615394937,0.15934588946492728,-0.6637487145334435,0.5021312257987686
-3.482533415076123,-1.2996588019637274,-0.003665191429188092,-0.009948376736367679,0.0015707963267948964,-0.02949606435870417,0.01361790048159559,12.18723857475604,0.1659748620418974,-0.659908990179056,0.4839798015780276
-3.2525063211553262,8.174025874345803,-0.004014257279586958,-0.03438298626428829,0.0012217304763960308,-0.0307177948351002,0.01441392916667116,12.149264620461249,0.17513076830298205,-0.6538003377970759,0.5108578720587402
-3.1295469790131767,-1.4323875661643781,-0.0041887902047863905,-0.03577924966588375,0.0010471975511965976,-0.01815142422074103,0.014374436987942357,12.127523133579317,0.17433832478835778,-0.6499606134426884,0.48502699912922415
-3.324803739996375,8.079463858857649,-0.004537856055185257,-0.03438298626428829,0.0008726646259971648,-0.010122909661567111,0.014082074331963838,12.08840647572857,0.1702410919045298,-0.6438519610607082,0.5044001538263613
-3.2885860176264496,3.905871898505184,-0.00471238898038469,-0.01815142422074103,0.0010471975511965976,0.017453292519943295,0.013418494099580574,12.05915246483772,0.16182537885455947,-0.6398377037811213,0.49811696851918164
-3.484665235643167,7.404927089957164,-0.005061454830783556,-0.020943951023931952,0.0013962634015954637,0.03892084231947355,0.015201275711873132,12.016709542145955,0.18268338653466387,-0.6339035843243405,0.5119050696099369
-3.0658430000432904,11.90130478733837,-0.005061454830783556,0.004537856055185257,0.0015707963267948964,0.027401669256310976,0.013729155261750123,11.993863680032272,0.1646759633559866,-0.6297147941195541,0.5152211951887261
-3.4594163292935027,7.684070877535323,-0.0054105206811824215,-0.02495820830351891,0.0017453292519943296,0.034557519189487726,0.016579653533317563,11.954783430292615,0.19822433063213427,-0.623606141737574,0.5223770451219029
-3.339952971522641,15.56069740839359,-0.0054105206811824215,-0.025656340004316644,0.0020943951023931952,0.04468042885105484,0.013978090504664226,11.930004347359894,0.16676954216421566,-0.6194173515327875,0.5321508889330712
-3.363818375409932,9.398408125203591,-0.005759586531581287,-0.004363323129985824,0.0024434609527920616,0.024609142453120045,0.01673570463905705,11.891904435328307,0.199037983011389,-0.613134166225608,0.5298819609054785
-3.2659945798574785,4.584563510271261,-0.005759586531581287,-0.008028514559173916,0.002617993877991494,0.03961897402027128,0.017203048947362087,11.866516612301057,0.2041604065900353,-0.6089453760208215,0.5267403682518886
-3.0635344029144065,4.624017797477771,-0.006108652381980154,-0.01937315469713706,0.0029670597283903604,0.03822271061867582,0.015831233888706542,11.828019736836827,0.1872677920041395,-0.602662190713642,0.5241223743738972
-3.430937511505157,3.078389985116752,-0.006108652381980154,-0.006283185307179586,0.003141592653589793,0.01815142422074103,0.018515288171157065,11.808332283953208,0.21865966229859918,-0.5982988675836561,0.5342452840354642
-3.278484717496465,9.149786398527059,-0.006283185307179586,0.006457718232379019,0.003490658503988659,0.028448866807507574,0.018920432606792326,11.767592650083703,0.2226745155275452,-0.5918411493512772,0.5412266010434417
-3.2718538456668287,10.831491251036551,-0.006283185307179586,-0.0054105206811824215,0.003665191429188092,0.019024088846738195,0.01830946591691586,11.740953570436233,0.2149946144506517,-0.5876523591464908,0.5459389900238263
-3.169190244232031,13.458688735199013,-0.006457718232379019,0.010471975511965976,0.003839724354387525,0.019722220547535925,0.02051745849489659,11.69828138742021,0.24005268845499234,-0.5810201079889122,0.5515240436302081
-3.2326365838883584,6.534966702639259,-0.006457718232379019,0.0005235987755982988,0.003839724354387525,0.012217304763960308,0.019055073816535074,11.677408915807906,0.22254082407760914,-0.5766567848589265,0.5431464632206354
-3.367370788200597,11.4759720714728,-0.006457718232379019,0.007853981633974483,0.003839724354387525,0.004363323129985824,0.020344953110677935,11.633106009929097,0.23670765632169802,-0.5701990666265475,0.5490805826774161
-3.5090307811484904,5.125629848318358,-0.006283185307179586,0.0054105206811824215,0.003839724354387525,0.013089969389957472,0.021283189610461932,11.618673074495362,0.24731976634867167,-0.5658357434965616,0.5525712411814048
-3.447812826480247,10.203010790110339,-0.006283185307179586,-0.005061454830783556,0.003665191429188092,-0.014311699866353503,0.021301680010132096,11.572501229367779,0.2465510110243925,-0.5592034923389831,0.5525712411814048
-2.6761962835756945,3.7972441884488712,-0.006283185307179586,0.019024088846738195,0.003665191429188092,-0.02303834612632515,0.021842459821824818,11.55017019409493,0.2523242570593344,-0.5548401692089974,0.5496041814530144
-2.683002943215182,4.732052101705593,-0.006283185307179586,-0.005235987755982988,0.0033161255787892262,-0.024260076602721184,0.020881725897712727,11.52383215822061,0.2406724868994536,-0.5482079180514189,0.5473352534254218
-2.5958357264415994,8.94002454611954,-0.006283185307179586,-0.0041887902047863905,0.0033161255787892262,-0.003141592653589793,0.021462890378885147,11.502221661701329,0.24690883712117295,-0.5438445949214331,0.5618214862169747
-2.8990160163475327,6.515523867245916,-0.006283185307179586,-0.0033161255787892262,0.003141592653589793,0.0012217304763960308,0.021308364994003834,11.471258809305775,0.2444707711287805,-0.5372123437638546,0.5501277802286126
-3.2403664412443294,7.31485279212254,-0.006283185307179586,0.006981317007977318,0.003141592653589793,0.004363323129985824,0.021758409296928835,11.450394661523013,0.2491816981267771,-0.5326744877086693,0.5576326960121882
-3.2344844262393804,11.830487648525446,-0.006108652381980154,0.008377580409572781,0.0033161255787892262,0.006981317007977318,0.023198092578082252,11.410100286372295,0.2647400545581037,-0.526042236551091,0.5674065398233565
-2.8454979538732337,8.951314088299734,-0.006283185307179586,0.010297442586766544,0.0033161255787892262,0.0158824961931484,0.022681398115907143,11.38636299014018,0.2583029278780314,-0.5216789134211051,0.5665338751973594
-2.9407915733483403,7.742923375324864,-0.006283185307179586,-0.0012217304763960308,0.003665191429188092,0.028623399732707007,0.024447447914889255,11.356022782118108,0.27768109895827664,-0.5148721293383273,0.5686282702997525
-2.807434640476187,5.773940644291669,-0.006108652381980154,0.015707963267948967,0.003839724354387525,0.044156830075456545,0.023800979753238496,11.332610343638445,0.26977817317428276,-0.510334273283142,0.562345084992573
-2.3955801627537903,2.6474678341602065,-0.006108652381980154,-0.0,0.004363323129985824,0.03543018381548489,0.022877571236879946,11.3092893241053,0.25877421975810044,-0.503527489200364,0.5557128338349945
-2.870660242879531,4.785999267281344,-0.005934119456780721,0.013089969389957472,0.00471238898038469,0.04520402762665313,0.026228839474595464,11.284651623829692,0.2960512087577363,-0.4989896331451788,0.5747369226817327
-2.762906453800499,4.159338823941911,-0.005934119456780721,0.008552113334772215,0.005061454830783556,0.027052603405912107,0.0239910937655169,11.258218777715893,0.2701488144011613,-0.49200831613720153,0.5654866776461628
-2.5595872252967777,11.097800022083423,-0.005759586531581287,0.010297442586766544,0.005235987755982988,0.02495820830351891,0.024220100181489783,11.231101011819502,0.2720715940029323,-0.4874704600820162,0.58171823968971
-2.7680533913751963,3.823702750924317,-0.005759586531581287,0.016755160819145562,0.0054105206811824215,0.017453292519943295,0.02539127269663079,11.20892898700609,0.28467015237904364,-0.4806636759992383,0.5754350543825304
-2.9401925840616845,7.7323580512966466,-0.005759586531581287,0.0029670597283903604,0.005585053606381855,0.005934119456780721,0.026301573940782925,11.178073625108906,0.29406874267880945,-0.47595128701885364,0.584510766492901
-2.7504273981805736,4.749646666007538,-0.005585053606381855,0.027227136331111543,0.005585053606381855,0.01064650843716541,0.026168478572081398,11.152495951591263,0.29191048676637027,-0.46896997001087637,0.5797983775125163
-3.0280870138330016,6.882020306411023,-0.005585053606381855,0.023911010752322315,0.005585053606381855,-0.0022689280275926286,0.027520549065869437,11.131514004014148,0.3064227407797626,-0.4642575810304917,0.5897467542488839
-2.8610714578324936,4.741531388304708,-0.005585053606381855,-0.00034906585039886593,0.0054105206811824215,-0.017627825445142728,0.0268944275268614,11.098170146182419,0.2985509177930603,-0.45710173109731495,0.5855579640440975
-2.8378449857831662,4.442220022025272,-0.0054105206811824215,-0.005934119456780721,0.0054105206811824215,-0.0008726646259971648,0.02912267027723661,11.073302861726157,0.3225753485474346,-0.45238934211693027,0.5904448859496817
-2.550235952751275,-0.0976490694649009,-0.0054105206811824215,-0.005759586531581287,0.005235987755982988,-0.00942477796076938,0.027742825630908716,11.045343567263897,0.30650768066932144,-0.4452334921837535,0.5862560957448953
-2.624360343376035,2.8096897470772526,-0.0054105206811824215,-0.034732052114687155,0.005235987755982988,0.003490658503988659,0.03104920188416794,11.026330931980151,0.3424688349179065,-0.44034657027816937,0.6052801845916335
-2.632926026612837,5.1011635825815365,-0.005585053606381855,0.0006981317007977319,0.005061454830783556,-0.013788101090755204,0.028536417639737174,10.994247690681535,0.31382163285094833,-0.4331907203449926,0.5955063407804652
-2.9255728482347694,8.390058539550711,-0.005759586531581287,0.0006981317007977319,0.005061454830783556,-0.00034906585039886593,0.029868322920251267,10.975684124506913,0.3279227986381292,-0.42830379843940847,0.6136577650012063
-2.7142984833397366,7.933788126468966,-0.005934119456780721,-0.014486232791552936,0.005061454830783556,0.0022689280275926286,0.0304640678453584,10.950211064676404,0.3336912076066092,-0.4209734155810323,0.6112143040484143
-2.779334808879013,5.374334143775986,-0.006108652381980154,-0.031415926535897934,0.005061454830783556,0.004363323129985824,0.031843093947825626,10.932637528697159,0.3482467172556791,-0.41608649367544814,0.6204645490839842
-2.576087255517746,6.168392025682289,-0.006457718232379019,-0.0291469985083053,0.005235987755982988,0.02111848394913139,0.03097380833015027,10.894013235043293,0.3375370265238425,-0.408756110817072,0.6178465552059926
-2.3070414753200956,4.211685598882354,-0.0066322511575784525,-0.00820304748437335,0.0054105206811824215,0.0301941960595019,0.03223075247098952,10.877096112435023,0.3506984384955438,-0.4036946559862884,0.6190682856823887
-2.477173700585534,4.339386322673827,-0.006806784082777886,-0.020594885173533087,0.005759586531581287,0.03577924966588375,0.03004807743897791,10.856287337753415,0.3263087751821918,-0.3963642731279123,0.6110397711232147
-2.196633901708607,13.203423291136684,-0.006806784082777886,-0.019024088846738195,0.005934119456780721,0.041189770347066175,0.02929228924039904,10.838662561674768,0.317580075878406,-0.3913028182971287,0.621162680784782
-2.254500391634971,8.255866747005548,-0.007155849933176752,-0.020594885173533087,0.006457718232379019,0.041887902047863905,0.03281392949444531,10.81443999968457,0.35499169372369727,-0.3837979025135531,0.6309365245959501
-2.119561778439929,3.1752281364919606,-0.007330382858376184,-0.020071286397934793,0.0066322511575784525,0.03385938748868999,0.03432833146586969,10.79952546292617,0.3708753853087785,-0.37891098060796896,0.6298893270447536
-2.307411125560453,1.2849974836819908,-0.007504915783575617,-0.0301941960595019,0.006981317007977318,0.031939525311496235,0.030876234626016266,10.774551390832183,0.3327833355504241,-0.37140606482439337,0.6169738905799955
-2.4059363067001116,18.16585255880669,-0.007504915783575617,0.0041887902047863905,0.007330382858376184,0.01832595714594046,0.03019473554046701,10.757887765192848,0.3249303307628659,-0.3663446099936098,0.6424556976591127
-2.068212399844626,14.103053196108,-0.00767944870877505,-0.008552113334772215,0.007504915783575617,0.031241393610698498,0.03384933590504026,10.736687518780807,0.36356860918741263,-0.35883969421003414,0.6400122367063207
-2.282725289682773,5.74661582801133,-0.007853981633974483,0.016231562043547264,0.00767944870877505,0.012915436464758038,0.03391525358792618,10.717829443893702,0.3636373381348257,-0.3536037064540512,0.6323327879975457
-2.3857318262385254,11.294616504820748,-0.007853981633974483,-0.01064650843716541,0.007853981633974483,0.013264502315156905,0.034399402577615916,10.689569714661708,0.36785992197641143,-0.3460987906704756,0.6400122367063207
-2.053297113075079,8.838568852563352,-0.008028514559173916,-0.004363323129985824,0.007853981633974483,0.016231562043547264,0.03468665568729466,10.671231778078408,0.37029786405564286,-0.341037335839692,0.6443755598363065
-2.3865036794157097,12.247220799129906,-0.00820304748437335,-0.015533430342749533,0.008028514559173916,0.019198621771937627,0.03623661255887423,10.650575298888699,0.3861097846655723,-0.33335788713091696,0.6524040743954804
-1.9237907707047803,3.7963369367371995,-0.00820304748437335,0.013613568165555772,0.00820304748437335,0.01884955592153876,0.03666294911561386,10.642581788723266,0.3903633553971828,-0.32812189937493397,0.6459463561631014
-2.0699868761862845,10.588257332278232,-0.00820304748437335,-0.006806784082777886,0.008377580409572781,0.008377580409572781,0.037827404181031886,10.613838321323763,0.4016855626706301,-0.3202679177409595,0.6572909963010646
-1.7915736948073535,6.948660073675279,-0.00820304748437335,0.010995574287564275,0.00820304748437335,-0.002617993877991494,0.0362125428421021,10.60332049749834,0.3841411267315651,-0.3150319299849765,0.6457718232379019
-2.303744287304508,5.346435570239571,-0.00820304748437335,-0.00890117918517108,0.00820304748437335,-0.0010471975511965976,0.037694396491141466,10.585388042557241,0.3991989013859287,-0.30717794835100204,0.6524040743954804
-2.1572838666691854,14.533205079074202,-0.00820304748437335,0.003665191429188092,0.00820304748437335,0.013788101090755204,0.03676704272866521,10.562753485530214,0.3885363009706687,-0.30194196059501904,0.6616543194310504
-1.5852921532366424,4.1648479561714655,-0.00820304748437335,0.024434609527920616,0.00820304748437335,0.023212879051524585,0.038306229961607076,10.545981735748363,0.4041745116966275,-0.29408797896104455,0.6557201999742697
-1.7193515552781098,8.158182615716706,-0.00820304748437335,0.005934119456780721,0.008377580409572781,0.010471975511965976,0.039732071884442846,10.537599782120367,0.41890112624885084,-0.28885199120506155,0.6646213791594406
-1.9848402181760523,9.242615227346501,-0.00820304748437335,-0.0013962634015954637,0.008377580409572781,0.015707963267948967,0.040913460926913336,10.513237555497096,0.43037309620499353,-0.28082347664588764,0.6649704450098396
-1.2266972657566841,4.331424449902371,-0.008028514559173916,0.01117010721276371,0.008377580409572781,-0.005235987755982988,0.04144510703502856,10.50863513720204,0.43578104988302435,-0.27558748888990464,0.6590363255530588
-1.1637603851509777,9.074220678996747,-0.008028514559173916,0.017278759594743863,0.008377580409572781,0.007330382858376184,0.040829712152248,10.490404603430974,0.4285583717334573,-0.2675589743307307,0.6623524511318482
-1.4639057837995721,9.723136706208978,-0.007853981633974483,0.016057029118347832,0.00820304748437335,0.0,0.040239311786647726,10.479535909101566,0.42191706042412974,-0.26232298657474773,0.6613052535806515
-1.4713654013833473,3.043189452256145,-0.00767944870877505,0.019024088846738195,0.00820304748437335,-0.003665191429188092,0.04173285198943751,10.46702798840299,0.43707269905347607,-0.2542944720155738,0.6656685767106373
-1.3760738239031256,11.17047885977087,-0.00767944870877505,0.00890117918517108,0.00820304748437335,-0.004363323129985824,0.041166145684369,10.45707911224828,0.43072097698412487,-0.24905848425959082,0.6682865705886287
-1.6149465092566468,4.073141766431902,-0.00767944870877505,0.012740903539558606,0.008028514559173916,-0.006806784082777886,0.04269430864752082,10.445964293291766,0.4462544013820162,-0.24102996970041693,0.6637487145334435
-1.6857194045675836,7.798673814290591,-0.007504915783575617,0.003490658503988659,0.007853981633974483,0.012217304763960308,0.04291712261702408,10.434064017130268,0.4480751387276771,-0.23561944901923448,0.6719517620178169
-1.2611421850685727,7.503919943144806,-0.007504915783575617,0.0153588974175501,0.007853981633974483,-0.005759586531581287,0.0435360340627789,10.426835666417189,0.4542300894997379,-0.2275909344600606,0.6696828339902242
-1.3318638849199251,9.33403694885676,-0.007330382858376184,0.012391837689159739,0.00767944870877505,-0.008377580409572781,0.043783794338064036,10.415842284224071,0.45633673601908303,-0.22218041377887815,0.6742206900454095
-1.2521283348544208,8.476154958425937,-0.007330382858376184,0.006981317007977318,0.007504915783575617,-0.009599310885968814,0.0442631779303435,10.400190618687542,0.4606463643921347,-0.21415189921970423,0.6757914863722044
-1.0461326792569696,5.950417475292155,-0.007330382858376184,0.006283185307179586,0.00767944870877505,0.013089969389957472,0.04469593484460954,10.39987993269254,0.46514213939685073,-0.20874137853852182,0.6688101693642271
-0.9912874700298749,2.6167722290852513,-0.007155849933176752,0.01832595714594046,0.007504915783575617,-0.006981317007977318,0.04520925155306795,10.38525878764374,0.4698299120250793,-0.2007128639793479,0.6714281632422185
-1.1728880518414573,4.743690080244093,-0.007155849933176752,0.015009831567151233,0.007504915783575617,-0.011519173063162575,0.04660065706861515,10.383874305102575,0.48424594922395275,-0.19530234329816545,0.6789330790257941
-0.9330961191647721,10.202523262300547,-0.006981317007977318,0.013439035240356337,0.007330382858376184,-0.0006981317007977319,0.045238650712624784,10.37439031050061,0.4696438442691776,-0.18727382873899157,0.6729989595690136
-0.41471401163843913,5.773705438096519,-0.006981317007977318,0.010471975511965976,0.007330382858376184,0.012217304763960308,0.04537721930782043,10.366149867952847,0.470710178820638,-0.1816887751326097,0.67404615712021
-0.5757032120709891,3.8496151353869164,-0.006981317007977318,-0.0012217304763960308,0.007330382858376184,-0.017976891295541596,0.046074868551622905,10.363823713932954,0.477850004735494,-0.1736602605734358,0.6771877497737999
-0.7592085695719734,9.98759939526957,-0.006981317007977318,0.0012217304763960308,0.007330382858376184,0.011344640137963142,0.04634790875194147,10.366083004993625,0.48079058521875184,-0.16807520696705394,0.6853907972581733
-0.7897514149953194,7.4204603743988615,-0.006981317007977318,0.02303834612632515,0.007330382858376184,0.00471238898038469,0.04597983002644448,10.35665057310528,0.476532900181743,-0.16004669240788003,0.6717772290926175
-0.9101215239616601,0.8532275278787723,-0.006806784082777886,0.0010471975511965976,0.007155849933176752,-0.005585053606381855,0.04806800150342047,10.346775049011365,0.49773219985864964,-0.15446163880149816,0.6705554986162214
-0.6198121877322633,-1.991650754214423,-0.006806784082777886,0.003665191429188092,0.006981317007977318,-0.025656340004316644,0.04580165344256662,10.341887300210606,0.47400704040409974,-0.14643312424232427,0.6714281632422185
-0.67291344714905,8.619609030923534,-0.006981317007977318,-0.009599310885968814,0.006806784082777886,-0.019722220547535925,0.047039082048812624,10.344450727421656,0.4869526755507126,-0.1408480706359424,0.6878342582109653
-0.561929698602588,5.484329290312211,-0.006981317007977318,-0.004886921905584123,0.006457718232379019,-0.012915436464758038,0.04653284393741852,10.33751681192909,0.48138155272706046,-0.13264502315156906,0.6810274741281874
-0.45447279595208334,3.591045289464291,-0.006981317007977318,-0.00017453292519943296,0.006283185307179586,-0.017453292519943295,0.04794198279245069,10.341006697894187,0.49614854493971255,-0.12723450247038662,0.6770132168486004
-0.7206339173908614,10.567147122990885,-0.006981317007977318,0.019024088846738195,0.005934119456780721,-0.01937315469713706,0.04937641719307353,10.332574564956612,0.5106005330951497,-0.11903145498601328,0.6918485154905523
-0.5814056909565356,7.128430417167058,-0.006981317007977318,-0.014835298641951801,0.005934119456780721,-0.004363323129985824,0.04764927121219769,10.33080686115925,0.49262830422471793,-0.11344640137963143,0.678060414399797
-0.6199027386604473,1.7176085124908684,-0.006981317007977318,0.003141592653589793,0.005759586531581287,-0.003490658503988659,0.04734264201616313,10.326081062582725,0.48922952137730724,-0.10541788682045751,0.67404615712021
-0.2771949463483372,9.435507051307209,-0.007155849933176752,-0.007853981633974483,0.005585053606381855,0.0,0.048569127743303915,10.331768340251845,0.5021999283238912,-0.09983283321407564,0.6874851923605664
-0.29384891050997597,4.191894709912834,-0.007330382858376184,0.00017453292519943296,0.005585053606381855,0.0017453292519943296,0.048093775217082815,10.328076272949438,0.49709950338434883,-0.0916297857297023,0.6787585461005947
0.018134154493243227,4.5505539894311555,-0.007330382858376184,-0.003665191429188092,0.005585053606381855,0.007330382858376184,0.048343559307332286,10.335571301377772,0.5000479188433816,-0.08604473212332044,0.6775368156241988
0.21620657590535647,-1.7089862770162418,-0.007504915783575617,-0.00767944870877505,0.005759586531581287,0.017278759594743863,0.04707725050887199,10.333722798368278,0.4868429681042617,-0.07801621756414652,0.6716026961674181
0.48210454549406095,5.1923444658886755,-0.007504915783575617,-0.033161255787892266,0.005585053606381855,0.012217304763960308,0.050211099561278706,10.339816216097311,0.5196102874921911,-0.07243116395776468,0.6855653301833726
0.1351358263889075,0.2954341513220419,-0.007853981633974483,-0.028274333882308142,0.005585053606381855,-0.009599310885968814,0.048783504229067125,10.349295646017318,0.5052757950690081,-0.06422811647339133,0.6799802765769908
0.39172174701907275,10.061708183304834,-0.00820304748437335,-0.02181661564992912,0.0054105206811824215,0.0024434609527920616,0.04899831936627288,10.358424566385725,0.5079519631145835,-0.058643062867009474,0.6906267850141562
0.363964314962059,4.6299226706781695,-0.008552113334772215,-0.016057029118347832,0.0054105206811824215,-0.0029670597283903604,0.049300117693790266,10.357624562871663,0.5110462099581501,-0.050265482457436686,0.6848671984825749
0.615364753235368,9.970471387913054,-0.008726646259971648,-0.026179938779914945,0.0054105206811824215,0.008377580409572781,0.04967168135764981,10.367359213803434,0.5153881013435441,-0.04485496177625427,0.6960373056953386
0.7502175860522884,10.197188183378655,-0.009075712110370514,-0.02181661564992912,0.005235987755982988,-0.007155849933176752,0.05091231890747708,10.377825808334581,0.5288161645811941,-0.03647738136668149,0.696560904470937
0.8007394697205089,7.253637911085238,-0.00942477796076938,-0.02495820830351891,0.005061454830783556,-0.021642082724729686,0.05029293481585901,10.389250320365907,0.5229468738455924,-0.031066860685499065,0.6890559886873614
0.6317701839906184,7.2223617889864204,-0.009773843811168246,-0.03159045946109736,0.00471238898038469,-0.012391837689159739,0.049752715540256426,10.401260722497604,0.517918376622177,-0.022863813201125717,0.6853907972581733
0.38002824159363224,3.173148415392668,-0.010122909661567111,-0.03246312408709453,0.004537856055185257,-0.022514747350726852,0.05088527677981376,10.402878086334521,0.5298106913052654,-0.017278759594743863,0.6791076119509937
0.5075929709123039,2.405176823485681,-0.01064650843716541,-0.030019663134302467,0.004014257279586958,-0.04066617157146788,0.05031784482523226,10.415929771998485,0.5245499128278374,-0.009075712110370514,0.6784094802501959
0.11400630103042456,8.564725842056783,-0.010995574287564275,-0.0322885911618951,0.003665191429188092,-0.028099800957108706,0.049695671289719426,10.418640472301226,0.5181879851170932,-0.003665191429188092,0.6801548095021902
0.20513285406247309,6.797146408548172,-0.011344640137963142,-0.039968039870670144,0.003141592653589793,-0.039269908169872414,0.051064684818172154,10.422988415556155,0.5327097304765042,-6.278647451124401,0.6785840131753954
-0.16456674220122808,15.53076019087855,-0.011693705988362009,-0.04363323129985824,0.0027925268031909274,-0.03752457891787808,0.04852457384606451,10.42589238746855,0.506309438646196,-6.273236930443219,0.68329640215578
0.13522262667902402,12.461081034514837,-0.012217304763960308,-0.04380776422505767,0.0024434609527920616,-0.032637657012293965,0.05274396630666357,10.432280150564914,0.5507506433478175,-6.265033882958845,0.6859143960337716
0.17935671509586307,6.65685835262766,-0.012566370614359171,-0.015009831567151233,0.0019198621771937625,-0.026878070480712675,0.0520346069864108,10.446149015465442,0.5440523726576699,-6.259623362277663,0.6750933546714066
0.49370220423224837,8.569370836049039,-0.012740903539558606,-0.026878070480712675,0.0015707963267948964,-0.016755160819145562,0.051628647791202,10.452573514665536,0.5401322324009785,-6.251594847718489,0.6784094802501959
0.3973272519679329,8.552256359189547,-0.013089969389957472,-0.014311699866353503,0.0013962634015954637,-0.004537856055185257,0.050976401666242614,10.457307328188126,0.5335381283670381,-6.246184327037306,0.6736970912698113
0.09364253167432424,1.5646783244634026,-0.013264502315156905,-0.013089969389957472,0.0012217304763960308,0.006457718232379019,0.05055493188628727,10.464582391483162,0.529487415077373,-6.238155812478133,0.663923247458643
0.07791025252232948,10.45152560347517,-0.013264502315156905,-0.008377580409572781,0.0012217304763960308,0.004363323129985824,0.04998742656197722,10.459960723036739,0.5233024571939359,-6.232745291796951,0.6724753607934152
0.3509609517727322,8.196832227551498,-0.013439035240356337,-0.014486232791552936,0.0010471975511965976,-0.0066322511575784525,0.05145001051398642,10.469658899298642,0.5391398641083632,-6.224716777237777,0.6716026961674181
0.4380364927664726,5.695329074444514,-0.013439035240356337,0.01064650843716541,0.0008726646259971648,0.00820304748437335,0.05172538321342312,10.476117828894965,0.5423649975313642,-6.219306256556594,0.6731734924942129
0.382184266080062,8.888486421045181,-0.013439035240356337,-0.0019198621771937625,0.0010471975511965976,0.02076941809873252,0.052210553483480075,10.48659970206391,0.5480092122097544,-6.21127774199742,0.6782349473249965
0.289488019281584,3.3254100490567304,-0.013439035240356337,0.00890117918517108,0.0012217304763960308,0.045553093477052,0.05152346392642165,10.493003892464102,0.5411148189077065,-6.205867221316238,0.6625269840570475
0.4609774181353091,7.615388167858907,-0.013264502315156905,0.01937315469713706,0.0015707963267948964,0.031939525311496235,0.05274706041532784,10.505644155517215,0.5546563403854519,-6.197664173831865,0.6819001387541845
0.4965892628106359,13.8037823037061,-0.013264502315156905,0.011868238913561441,0.0017453292519943296,0.0439822971502571,0.051408224757254005,10.502336361371727,0.5403825940789051,-6.192428186075881,0.6897541203881591
0.389966741875156,3.7496020588169405,-0.013089969389957472,0.0015707963267948964,0.0020943951023931952,0.026703537555513242,0.05072690277978482,10.514459710194746,0.5338239359743555,-6.184225138591508,0.6705554986162214
0.7323334873055439,11.996168025738552,-0.013089969389957472,0.012915436464758038,0.0022689280275926286,0.04153883619746504,0.04983539214638918,10.52236330679403,0.524820649282329,-6.178640084985126,0.6869615935849681
0.433542188108307,14.19644171068709,-0.012915436464758038,0.007504915783575617,0.002617993877991494,0.02652900463031381,0.05302261531761525,10.53001744881331,0.5588528819035163,-6.170437037500753,0.7009242276009228
0.5836363674797074,-0.04939845020806998,-0.012915436464758038,0.02600540585471551,0.002617993877991494,0.016755160819145562,0.05304437995383931,10.540057033902137,0.559615753302083,-6.164851983894371,0.6791076119509937
0.39613177963337265,3.7635986064644653,-0.012566370614359171,0.0153588974175501,0.0027925268031909274,0.009948376736367679,0.05043788663447666,10.551753733929337,0.5326599273916366,-6.156648936409997,0.6869615935849681
0.1612028880008787,10.220306166162347,-0.012566370614359171,0.0033161255787892262,0.0027925268031909274,-0.00767944870877505,0.05153993620515894,10.55387268857739,0.5444280770452237,-6.151063882803616,0.7049384848805097
0.294897395626944,11.1910574113723,-0.012566370614359171,-0.0024434609527920616,0.002617993877991494,0.003490658503988659,0.051520586624678635,10.57104228269072,0.5451086918814141,-6.142686302394043,0.7000515629749255
0.4423159725148674,7.914777754068356,-0.012391837689159739,0.013788101090755204,0.0027925268031909274,0.010995574287564275,0.050753587855993945,10.571186520710715,0.5369868025647841,-6.137101248787661,0.7017968922269199
0.24792602441354755,3.499566848775829,-0.012217304763960308,0.009773843811168246,0.002617993877991494,-0.0066322511575784525,0.050893752522140345,10.579162037090457,0.5388785980874898,-6.128723668378089,0.6984807666481307
0.6186177247935268,13.669036097405337,-0.012217304763960308,0.02408554367752175,0.002617993877991494,-0.017976891295541596,0.04992536504756427,10.589974103751588,0.5291480372953283,-6.123138614771706,0.7154104603924757
0.18729768045779502,4.699357322812543,-0.012042771838760876,-0.0022689280275926286,0.0022689280275926286,-0.013439035240356337,0.04986311292488608,10.599602907634868,0.5289676654900137,-6.114586501436935,0.6976081020221335
0.43159705294844763,0.5714613552500434,-0.012042771838760876,0.014835298641951801,0.0022689280275926286,-0.006283185307179586,0.05183652297589868,10.606286649408467,0.5502859873278839,-6.109001447830552,0.6918485154905523
0.35942692416839706,1.0072853986942172,-0.012042771838760876,0.00942477796076938,0.0022689280275926286,-0.0010471975511965976,0.0491739764646718,10.611583222364079,0.5222347466273674,-6.10062386742098,0.6967354373961364
0.5344710727100133,10.615587646856408,-0.011868238913561441,0.02408554367752175,0.0022689280275926286,0.019024088846738195,0.050953609934111736,10.619454098676878,0.5415682888993588,-6.094864280889398,0.7206464481484587
0.5761931105803051,5.83017122756346,-0.011693705988362009,0.005235987755982988,0.0022689280275926286,0.007155849933176752,0.04992659996722289,10.629661112385328,0.5311442331150796,-6.086312167554627,0.7079055446089001
0.3211712451283718,8.81118344422017,-0.011519173063162575,0.012915436464758038,0.0024434609527920616,0.027925268031909273,0.05076993786822303,10.636839590152665,0.5404961568087047,-6.080552581023045,0.7194247176720626
0.43712264411011376,11.432566120068545,-0.011344640137963142,0.010297442586766544,0.0027925268031909274,0.029845130209103034,0.04971810153217878,10.64795421083839,0.5298327031768072,-6.072000467688273,0.7131415323648831
0.6360885633210284,6.241117274714261,-0.01117010721276371,0.015533430342749533,0.003141592653589793,0.057246799465414014,0.048731891918988704,10.651495817971234,0.5194788270660192,-6.066240881156691,0.7099999397112933
0.16732574289269797,9.762506637221021,-0.010995574287564275,0.0153588974175501,0.003665191429188092,0.06283185307179587,0.04971283303658092,10.658643882411688,0.5303083176570353,-6.057688767821919,0.721170046924057
0.5858059775870377,-1.1498864553878538,-0.010995574287564275,0.005585053606381855,0.003839724354387525,0.058643062867009474,0.04935577473638054,10.675272456017758,0.5273145902697329,-6.051929181290338,0.7047639519553103
0.43121766737504563,3.3818348450202897,-0.010821041362364843,0.011868238913561441,0.004537856055185257,0.07592182246175334,0.04824661434491621,10.688576520215426,0.5160881303600758,-6.043377067955565,0.7209955139988575
0.5129301349336274,7.878084030654876,-0.010821041362364843,0.018675022996339326,0.005061454830783556,0.05969026041820607,0.04749979342777978,10.684235513255404,0.507881002794454,-6.037617481423984,0.7257079029792421
0.2819321318053565,8.519914678593853,-0.01064650843716541,0.010995574287564275,0.005934119456780721,0.08429940287132612,0.0470862795558789,10.701121595093033,0.5042487176711331,-6.028890835164012,0.7218681786248546
0.7157175510227174,9.289613316111506,-0.010471975511965976,0.025656340004316644,0.006283185307179586,0.05445427266222309,0.04694766440554903,10.709619598130924,0.5031613509601118,-6.023131248632431,0.7305948248848263
0.7404866564453276,16.130716732367485,-0.010471975511965976,0.0029670597283903604,0.006981317007977318,0.047472955654245766,0.04766484824758574,10.721085191705791,0.5114062517764829,-6.01440460237246,0.7372270760424048
0.6168984006958902,14.729923692301076,-0.010471975511965976,-0.002617993877991494,0.007155849933176752,0.039095375244672985,0.044851685444474446,10.722360410931934,0.48123867805459275,-6.008645015840878,0.7379252077432026
0.555064415149878,13.812045280753408,-0.010297442586766544,0.006108652381980154,0.007504915783575617,0.024609142453120045,0.04760793357516173,10.730786838377382,0.5112569025911646,-5.999918369580906,0.7361798784912083
0.6633898137016287,4.988881890888382,-0.010297442586766544,0.015184364492350668,0.007504915783575617,0.030543261909900768,0.04654964386677275,10.738218821047544,0.500221619051253,-5.9941587830493255,0.7257079029792421
0.13322018175847286,10.333552505587841,-0.010297442586766544,-0.003839724354387525,0.00767944870877505,0.013788101090755204,0.04545642080964647,10.746730536339173,0.4888446496277412,-5.9854321367893535,0.7271041663808377
0.3499313977843423,5.078578216696737,-0.010297442586766544,0.005585053606381855,0.007853981633974483,0.009599310885968814,0.046826982766754566,10.76361618271608,0.5043963978786271,-5.979498017332573,0.7272786993060372
0.4245404270467631,5.666857398959432,-0.010297442586766544,-0.0054105206811824215,0.007853981633974483,0.0158824961931484,0.044140165982295004,10.767140419133895,0.47557226646339557,-5.9709459039978015,0.7180284542704671
0.6038392137396075,5.283937938277804,-0.010297442586766544,-0.003141592653589793,0.007853981633974483,0.013788101090755204,0.04597845213402414,10.77561355691704,0.4957954549055134,-5.96518631746622,0.7189011188964644
0.6991184755012825,4.7651437738282985,-0.010471975511965976,-0.002617993877991494,0.008028514559173916,0.02548180707911721,0.04363656453515398,10.792624882556684,0.47125222177085707,-5.9564596712062485,0.710698071412091
0.7256613022407179,4.823162021781085,-0.010471975511965976,-0.0,0.008028514559173916,0.012740903539558606,0.04389759423353447,10.795756216587849,0.47421236719592247,-5.950874617599865,0.7037167544041136
0.5527904961244938,8.416800963519561,-0.01064650843716541,-0.019024088846738195,0.008028514559173916,0.0,0.04375962032088958,10.810864252611506,0.4733815137257103,-5.9423225042650945,0.7126179335892847
0.8690599854524476,11.505316879006138,-0.010821041362364843,-0.015009831567151233,0.007853981633974483,0.0041887902047863905,0.0429775430572266,10.811371290314893,0.4649324645383525,-5.936562917733513,0.7145377957664785
0.8739201974034397,0.4527513052924068,-0.010995574287564275,0.0015707963267948964,0.00767944870877505,-0.006981317007977318,0.04092544213793234,10.829727538699213,0.44345899735208005,-5.92818533732394,0.6880087911361648
0.6121606270605666,3.89534926314892,-0.01117010721276371,-0.02234021442552742,0.00767944870877505,-0.0012217304763960308,0.043888315136373854,10.835907904792268,0.47587532133259997,-5.922425750792359,0.6955137069197403
0.7809475911435865,8.271304619587779,-0.011519173063162575,-0.014137166941154071,0.007504915783575617,-0.016231562043547264,0.042163914701284964,10.846109603249749,0.45758563688899817,-5.914048170382786,0.6972590361717347
0.8084891814466006,5.519051251790265,-0.011693705988362009,-0.010297442586766544,0.007330382858376184,-0.004537856055185257,0.042180528520061614,10.861065443847878,0.4583973727054195,-5.908637649701603,0.6864379948093697
0.9083332026742663,9.819550381598336,-0.012042771838760876,-0.01780235837034216,0.007155849933176752,-0.005235987755982988,0.04227953610487118,10.879388204235065,0.4602497602939244,-5.90043460221723,0.6895795874629596
0.6271567637360257,7.195332787848971,-0.012391837689159739,-0.025132741228718343,0.006981317007977318,-0.0013962634015954637,0.04079923204095776,10.878409263984476,0.44407717141048897,-5.894849548610848,0.6803293424273897
0.9261090902496015,6.3232265028839505,-0.012740903539558606,-0.02757620218151041,0.006981317007977318,0.012217304763960308,0.04020603845507143,10.894169704306801,0.43824757765275874,-5.886821034051675,0.6747442888210079
0.7875590103765241,14.414691426780877,-0.012915436464758038,-0.027052603405912107,0.007155849933176752,0.03246312408709453,0.03933427221417096,10.906722341344896,0.4292293741206513,-5.881410513370492,0.6843435997069767
0.8169606566198755,5.294875366535808,-0.013264502315156905,-0.02303834612632515,0.007504915783575617,0.03961897402027128,0.03975298525039074,10.91795424594205,0.43425004663228095,-5.873207465886118,0.6670648401122328
1.0532013548933736,8.581288683664683,-0.013613568165555772,-0.024783675378319478,0.00767944870877505,0.03159045946109736,0.03943112677866923,10.92219558293696,0.43089782383898756,-5.867971478130135,0.6665412413366344
1.1073117428769166,5.660014013777264,-0.014137166941154071,-0.0164060949687467,0.008028514559173916,0.05759586531581288,0.038771146209280835,10.93961379266111,0.4243540170441181,-5.859942963570962,0.6602580560294549
0.794435379707296,12.512790011297565,-0.014311699866353503,-0.011344640137963142,0.008377580409572781,0.04328416544945937,0.03720952514959953,10.94933816724205,0.40760780890066745,-5.854706975814978,0.6595599243286571
0.9692133682826835,9.683476629651665,-0.014660765716752368,-0.012566370614359171,0.00890117918517108,0.06126105674500097,0.039141841690439154,10.958039787504875,0.42913703895216637,-5.846852994181004,0.6583381938522611
0.7916181642371044,12.833430682174791,-0.014660765716752368,-0.03159045946109736,0.009075712110370514,0.028448866807507574,0.03756401674448519,10.967895716768568,0.41219211189228266,-5.841617006425021,0.65868725970266
0.7750085732494054,5.251682110773246,-0.015009831567151233,-0.011868238913561441,0.009250245035569947,0.020420352248333655,0.03717828676716581,10.987877458165016,0.4086987810148468,-5.833937557716246,0.6421066318087139
0.917232634517505,7.676369724677092,-0.0153588974175501,-0.0010471975511965976,0.00942477796076938,0.017278759594743863,0.038039754719333956,10.989532229408475,0.4182408646589905,-5.828701569960263,0.6466444878638992
0.6226118014743564,6.736600110498578,-0.015533430342749533,-0.0158824961931484,0.00942477796076938,0.012915436464758038,0.03761739267170955,11.01002080489457,0.41436374537310466,-5.821022121251487,0.640535835481919
1.1616822887430727,9.451427614273614,-0.015707963267948967,-0.009075712110370514,0.00942477796076938,-0.005061454830783556,0.03784455624035921,11.007857700196604,0.4167864841393876,-5.815960666420705,0.6445500927615059
1.108208643506583,13.070394184742105,-0.0158824961931484,-0.0005235987755982988,0.009250245035569947,-0.009948376736367679,0.038620812497401756,11.024875497145263,0.42600147371583746,-5.808281217711929,0.6368706440527309
0.7467985284166124,5.244191052593497,-0.016057029118347832,-0.017627825445142728,0.00890117918517108,-0.02356194490192345,0.037157313938612886,11.036955463923789,0.41029246209676806,-5.803219762881146,0.6206390820091836
1.0751068902416867,7.901255173656029,-0.016231562043547264,-0.020245819323134222,0.008552113334772215,-0.024783675378319478,0.03806416928126327,11.055523275904088,0.4210226663553428,-5.79571484709757,0.6234316088123745
1.143911236625267,19.957624321445035,-0.0164060949687467,-0.0066322511575784525,0.00820304748437335,-0.028274333882308142,0.03597561882932652,11.062643860460845,0.39815724461889235,-5.790827925191986,0.6373942428283292
1.0009510522830074,13.387219657718353,-0.0164060949687467,-0.00890117918517108,0.00767944870877505,-0.047647488579445195,0.03825427841383787,11.078233109940355,0.42399665803208647,-5.78349754233361,0.6129596333004085
1.158804635112293,7.617779176802583,-0.016580627893946133,-0.003839724354387525,0.007330382858376184,-0.04921828490624009,0.037986865613889385,11.086900334766915,0.42135928668339595,-5.778436087502826,0.6108652381980153
0.8342182978727818,7.806960916151673,-0.016580627893946133,-0.013962634015954637,0.006806784082777886,-0.038571776469074684,0.03715353495880499,11.106647229744357,0.41284118355664345,-5.77128023756965,0.5988224663592545
0.9270106136942058,7.594211115789064,-0.016755160819145562,-0.011868238913561441,0.006457718232379019,-0.029670597283903602,0.03704077893979476,11.115504381796926,0.41191534311144506,-5.766393315664065,0.5995205980600522
1.1281339244305544,6.574818526641144,-0.016929693744344994,-0.013264502315156905,0.005934119456780721,-0.028972465583105872,0.037408404974273037,11.13254049150693,0.4166449506532229,-5.759237465730889,0.5939355444536704
1.1022228268624297,0.9715698788356513,-0.016929693744344994,-0.0066322511575784525,0.005585053606381855,-0.017453292519943295,0.03868734403014957,11.138229631107642,0.43112363219196437,-5.754525076750504,0.5822418384653083
1.2678521977807298,4.421560076534755,-0.016929693744344994,-0.004886921905584123,0.005235987755982988,-0.013962634015954637,0.03671595661882145,11.163327178831613,0.41005651344360505,-5.747543759742527,0.5843362335677016
1.4273517127315312,3.5892852956849572,-0.01710422666954443,-0.009075712110370514,0.004886921905584123,-0.020594885173533087,0.036730636588965054,11.17403710175137,0.41061417124856986,-5.742831370762143,0.5722934617289407
0.8636109666622599,-0.5289583566873431,-0.017278759594743863,-0.0153588974175501,0.004537856055185257,-0.016580627893946133,0.036452845127933294,11.187260821638716,0.4079882150767566,-5.735850053754165,0.5757841202329294
0.9700086880475578,6.917566012661423,-0.017453292519943295,-0.013264502315156905,0.004363323129985824,-0.011344640137963142,0.036622132280114926,11.198169173643027,0.41028427093896414,-5.731312197698979,0.580496509213314
1.0124305623245597,9.13777644740514,-0.01780235837034216,-0.021467549799530253,0.004014257279586958,-0.010471975511965976,0.03631450718803204,11.212595494608301,0.4073589627492557,-5.724330880691002,0.5757841202329294
0.928312347004877,7.883612850578647,-0.01780235837034216,-0.016580627893946133,0.003839724354387525,0.0008726646259971648,0.03646280554368828,11.223764630564114,0.4094314145715681,-5.719793024635817,0.5782275811857214
1.2589208489704848,6.575551566177976,-0.017976891295541596,-0.009250245035569947,0.003665191429188092,0.002617993877991494,0.03539392834747649,11.233661120925019,0.39776950995514265,-5.712811707627839,0.568802803224952
1.114314493438434,14.319002079379448,-0.01832595714594046,-0.030019663134302467,0.003490658503988659,-0.01815142422074103,0.03428272589634448,11.249050159676987,0.3857992590330839,-5.708273851572654,0.5811946409141117
1.261487480843894,-2.1463846547489265,-0.018675022996339326,-0.019547687622336492,0.0033161255787892262,-0.0019198621771937625,0.03409346799588021,11.264605971025292,0.3841983542128781,-5.701467067489877,0.5579817618625872
1.1473694802466627,9.184400504259486,-0.01884955592153876,-0.022863813201125717,0.0033161255787892262,-0.004014257279586958,0.03471257293409214,11.268893732557196,0.3913294873535029,-5.696929211434692,0.5719443958785418
0.8946243615643635,4.7094089628192,-0.019024088846738195,-0.02356194490192345,0.003141592653589793,-0.008028514559173916,0.03449320765176252,11.285718784785544,0.3894351013383124,-5.690122427351913,0.5599016240397809
0.9877431894666902,10.980886904665502,-0.01937315469713706,-0.026179938779914945,0.0027925268031909274,-0.023736477827122883,0.033338444661859035,11.301586575060872,0.3769169706654232,-5.685584571296728,0.5651376117957639
1.2119779404771929,9.965670214663238,-0.019722220547535925,-0.041015237421866746,0.0024434609527920616,-0.018675022996339326,0.03520260852322082,11.322618480581868,0.39875043309441144,-5.67895232013915,0.5674065398233565
1.2925787856403481,2.66179032471187,-0.019896753472735357,-0.029670597283903602,0.0022689280275926286,-0.019024088846738195,0.0338448401102239,11.324456809023813,0.3834208406502377,-5.674414464083965,0.5476843192758206
1.180230239712016,0.9501084524160129,-0.020245819323134222,-0.032114058236695664,0.0019198621771937625,-0.016755160819145562,0.03250007538646037,11.345231871092121,0.36885076704315184,-5.667782212926386,0.5473352534254218
1.0964718288328594,8.302358764655516,-0.020420352248333655,-0.031415926535897934,0.0017453292519943296,-0.015533430342749533,0.03270875149189227,11.358869129607639,0.371666981222999,-5.6634188897964,0.5508259119294104
1.2274595343301513,7.10085029458193,-0.020594885173533087,-0.02234021442552742,0.0013962634015954637,-0.013264502315156905,0.031866825275756724,11.372346702701607,0.3625233071400461,-5.656786638638822,0.5422737985946382
1.3209089694624283,3.34713865124927,-0.020943951023931952,-0.016231562043547264,0.0012217304763960308,-0.008377580409572781,0.033454966032396595,11.385301688156247,0.3810370484896142,-5.652597848434035,0.5365142120630569
1.4180478680978013,6.7494929038967815,-0.02111848394913139,-0.023736477827122883,0.0010471975511965976,-0.01710422666954443,0.03221925905072713,11.406699580753315,0.3676426317453974,-5.6461401302016565,0.5420992656694388
1.2353051771536279,2.73330561985355,-0.021467549799530253,-0.027052603405912107,0.0008726646259971648,-0.006806784082777886,0.03168810812804012,11.416501271017507,0.3618884632643636,-5.64177680707167,0.528485697503883
1.4329578595714603,12.258872582109634,-0.02181661564992912,-0.017976891295541596,0.0005235987755982988,-0.014137166941154071,0.03287989332535459,11.434301926967215,0.3760941675976499,-5.6353190888392914,0.5429719302954359
1.6075450710598744,3.8588408662355644,-0.02181661564992912,-0.0019198621771937625,0.00034906585039886593,-0.007155849933176752,0.030047761650268793,11.448128325386572,0.34409419470686536,-5.631130298634504,0.5145230634879283
1.475948639579764,2.6516196251758193,-0.02199114857512855,-0.020071286397934793,-0.00017453292519943296,-0.028972465583105872,0.030703001007258892,11.461231166787691,0.3520048076352519,-5.624847113327326,0.5230751768227005
1.390952370446447,2.824237487533561,-0.022165681500327987,-0.015533430342749533,-0.00034906585039886593,-0.040317105721069016,0.029931043322688523,11.479244658075437,0.34368840837787656,-5.6208328560477385,0.503876555050763
1.3761405874395924,-0.8143360950632885,-0.022165681500327987,-0.0008726646259971648,-0.0008726646259971648,-0.024609142453120045,0.029330389736528555,11.494606971819783,0.33723801334500675,-5.614549670740558,0.5094616086571448
1.242875124069031,-0.5240718320693395,-0.022165681500327987,-0.014486232791552936,-0.0010471975511965976,-0.007853981633974483,0.03032008214696621,11.5035537619908,0.34889561570359,-5.610535413460972,0.4972443038931845
1.5775101542471859,-0.7417194296371795,-0.02234021442552742,0.008726646259971648,-0.0013962634015954637,-0.015533430342749533,0.028080227946974887,11.528829991135048,0.3238172884784056,-5.604426761078992,0.4942772441647941
1.3838790088555037,9.393833118663236,-0.022165681500327987,0.0024434609527920616,-0.0015707963267948964,-0.016231562043547264,0.027826481658994717,11.539554348645117,0.32118810176484275,-5.600412503799404,0.5003858965467743
1.5250509020049674,11.720844832480763,-0.022165681500327987,0.010821041362364843,-0.0019198621771937625,-0.00820304748437335,0.029959042368182864,11.5539367106777,0.34624847673981624,-5.594478384342624,0.503527489200364
1.5090979141933343,8.387951979347047,-0.02199114857512855,0.012566370614359171,-0.0019198621771937625,-0.013613568165555772,0.02789400940074982,11.574845739944918,0.322952620762707,-5.590464127063037,0.4960225734167885
1.2779396098826388,13.00185101620374,-0.02181661564992912,0.0027925268031909274,-0.0022689280275926286,0.00034906585039886593,0.029520861822906183,11.58324926359107,0.3420468692255202,-5.584704540531456,0.49881510021997943
1.4655381654648276,0.568733460176433,-0.021642082724729686,0.011868238913561441,-0.0024434609527920616,-0.0158824961931484,0.029870399889198086,11.601147713969128,0.3466340211936442,-5.580690283251869,0.48502699912922415
1.2138496324165842,3.0019546258700536,-0.021467549799530253,-0.0015707963267948964,-0.0027925268031909274,-0.0164060949687467,0.027243127400420356,11.622033921193719,0.3166989046852853,-5.574930696720288,0.4771730174952497
1.4216048534362058,1.4374084058728922,-0.02129301687433082,0.012566370614359171,-0.0029670597283903604,-0.026179938779914945,0.02832067071117341,11.632496162777722,0.32952819859127885,-5.5710909723659,0.47246062851486503
1.4529891915216582,1.9072297401022364,-0.02111848394913139,0.02234021442552742,-0.0033161255787892262,-0.014660765716752368,0.026478743495234092,11.659514594850974,0.3088014689685321,-5.565505918759518,0.4680973053848792
1.4252396840341583,7.242507175887669,-0.020943951023931952,0.0158824961931484,-0.003490658503988659,-0.015009831567151233,0.02631965197929711,11.672033209704788,0.3072748074666002,-5.561666194405131,0.47211156266446613
1.3979933025581612,7.944504186032999,-0.020594885173533087,0.016057029118347832,-0.003839724354387525,-0.00890117918517108,0.026825985796279834,11.683595570912997,0.3134991739469273,-5.556081140798749,0.4703662334124718
1.1755897275065867,-1.6283721453635198,-0.020420352248333655,0.006457718232379019,-0.004014257279586958,-0.0012217304763960308,0.027857854063368433,11.695360216183976,0.32589194638785124,-5.552241416444361,0.45832346157371096
1.5317120084456215,7.198945975350859,-0.020420352248333655,0.005061454830783556,-0.0041887902047863905,-0.012391837689159739,0.026541088695885128,11.71658036901331,0.3110438383569513,-5.54665636283798,0.46722464075888204
1.616689758481292,2.1958788774650686,-0.020245819323134222,0.0005235987755982988,-0.0041887902047863905,-0.006806784082777886,0.026517443754426467,11.73006384140694,0.31112423647916687,-5.542991171408792,0.4551818689201212
1.2846522808730545,9.362969216412557,-0.020245819323134222,0.0019198621771937625,-0.004363323129985824,0.006283185307179586,0.02637990907346277,11.750290285086532,0.3100435123632173,-5.537406117802409,0.4693190358612752
1.852681885770688,0.18666622319025677,-0.020245819323134222,0.00890117918517108,-0.004363323129985824,0.0033161255787892262,0.026335481183169376,11.764155313854372,0.30988633555447204,-5.533740926373222,0.45483280306972235
1.7638793907925876,6.5031049984666405,-0.020071286397934793,0.009075712110370514,-0.004537856055185257,-0.00034906585039886593,0.02453876750410923,11.77810362315725,0.2890781716913801,-5.528330405692039,0.45186574334133195
1.5871596035227267,6.72535309169974,-0.020071286397934793,-0.003490658503988659,-0.00471238898038469,-0.00820304748437335,0.023879772537776085,11.799535837886669,0.28182380329743834,-5.524665214262851,0.4495968153137393
1.4547804758603313,4.923870731768407,-0.020245819323134222,-0.008028514559173916,-0.005061454830783556,-0.009075712110370514,0.02445722948776525,11.813496001219374,0.2889830040321622,-5.519254693581669,0.45169121041613247
1.464706051772922,5.570241117630201,-0.020245819323134222,-0.010297442586766544,-0.005235987755982988,-0.0158824961931484,0.023179076968012104,11.828311679599258,0.2742184583301401,-5.51558950215248,0.4445353604829557
1.1594534102623753,3.035713155741581,-0.020245819323134222,-0.01937315469713706,-0.0054105206811824215,-0.02129301687433082,0.02271255392237142,11.843012520517387,0.2690313229088127,-5.510353514396498,0.43999750442777047
1.687373205501216,8.107289239939446,-0.020420352248333655,-0.005235987755982988,-0.005759586531581287,-0.01815142422074103,0.02218432355701261,11.864144960938303,0.26324121617128476,-5.506862855892508,0.4441862946325569
1.6730448439575694,2.770868338192396,-0.020594885173533087,-0.015184364492350668,-0.005934119456780721,-0.014137166941154071,0.022708631016536283,11.879466642596812,0.2698128054499442,-5.501452335211326,0.4380776422505767
1.598707093020875,3.3039761418536355,-0.02076941809873252,-0.0301941960595019,-0.006108652381980154,-0.0022689280275926286,0.02157260666995195,11.894456848888103,0.2566342509789072,-5.497961676707337,0.42551127163621755
1.6294680891564324,3.142224367542237,-0.020943951023931952,-0.019547687622336492,-0.006283185307179586,-0.0029670597283903604,0.021811613818075906,11.916899368000468,0.25996803452525863,-5.492900221876554,0.43074725939220054
1.64848273783824,8.38834945270239,-0.02111848394913139,-0.005759586531581287,-0.0066322511575784525,0.005585053606381855,0.02008327047302796,11.92496514125235,0.23952450427092095,-5.489409563372565,0.4298745947662034
1.4763089249978372,3.4883964911534235,-0.02129301687433082,-0.017976891295541596,-0.006806784082777886,-0.024260076602721184,0.02073189401301882,11.941139366807182,0.24759791023440367,-5.484173575616583,0.4270820679630124
1.746084105498909,7.39373301295883,-0.021467549799530253,-0.00820304748437335,-0.006981317007977318,0.007155849933176752,0.01973912954199094,11.956493531887608,0.23604143201917915,-5.480857450037794,0.42132248143143114
1.712290526073815,2.6173933868580344,-0.021642082724729686,-0.016580627893946133,-0.006981317007977318,0.0066322511575784525,0.019920948210449804,11.979903567810732,0.23868261264425752,-5.47579599520701,0.41783182292744253
1.9335601996104104,3.9847567842541065,-0.021642082724729686,-0.003839724354387525,-0.006981317007977318,0.006108652381980154,0.019700344638859512,11.988765990354366,0.23621338101482142,-5.472654402553419,0.4094542425178697
1.5091346772664116,11.3581577756649,-0.02181661564992912,-0.015009831567151233,-0.006981317007977318,0.010995574287564275,0.019851686723159876,12.012691358029885,0.2385035169393105,-5.467592947722636,0.4162610266006476
1.6972657911265412,-2.0673532342751955,-0.02181661564992912,0.003490658503988659,-0.006806784082777886,0.015707963267948967,0.018999483190922532,12.028454589732002,0.2285619235741933,-5.464451355069047,0.3869394951671429
1.517046258463982,1.585581805814624,-0.02181661564992912,-0.020245819323134222,-0.0066322511575784525,0.034557519189487726,0.01774244398867065,12.045358043232941,0.21373651855681128,-5.459738966088661,0.39426987802551905
1.7181522100841533,9.586593045406879,-0.02181661564992912,0.0013962634015954637,-0.006457718232379019,0.03612831551628262,0.01670309872072325,12.060642016948654,0.20146883075809632,-5.456422840509872,0.4016002608838953
1.875106981500677,7.039740333480226,-0.021642082724729686,0.015009831567151233,-0.006108652381980154,0.029670597283903602,0.017144944146095843,12.08559666660407,0.20722718496793155,-5.451710451529488,0.3876376268679406
2.000037083277127,2.2509979581004367,-0.021642082724729686,0.02076941809873252,-0.005934119456780721,0.046774823953448036,0.01705692419916052,12.095601173109436,0.20633376289750976,-5.448743391801098,0.38013271108436497
1.4712440676548382,-2.364784864076049,-0.02129301687433082,0.014486232791552936,-0.005585053606381855,0.03630284844148206,0.015314725793640077,12.119092748069248,0.18561509397044018,-5.444205535745913,0.37140606482439337
1.4659923009703082,1.7781663205766254,-0.02111848394913139,0.005759586531581287,-0.0054105206811824215,0.024783675378319478,0.016204159189524888,12.129077680744416,0.19655870964837804,-5.441063943092322,0.3691371367968007
1.7229368090758692,2.9543120360742843,-0.020943951023931952,0.0066322511575784525,-0.005235987755982988,0.012915436464758038,0.01559945397351356,12.154694906537227,0.18962198506480338,-5.436526087037137,0.37472219040318255
1.802004937849711,6.097565166958387,-0.02076941809873252,0.009948376736367679,-0.005235987755982988,0.019547687622336492,0.015485365860304653,12.164545704681872,0.18838749922662096,-5.433559027308747,0.37507125625358145
1.6661706992518457,9.880054655276332,-0.020594885173533087,0.014486232791552936,-0.005061454830783556,0.01937315469713706,0.016715165745428157,12.1983265808875,0.20391604213103917,-5.429195704178761,0.3785619147575701
1.9029922638142924,1.933043372312932,-0.020594885173533087,0.02303834612632515,-0.004886921905584123,0.010122909661567111,0.01605744402545251,12.201105561315426,0.19593540998283995,-5.426228644450371,0.36320301734002
1.6555392777193016,7.591417916883072,-0.020420352248333655,0.014660765716752368,-0.004886921905584123,0.013439035240356337,0.015575106369554446,12.226556983295838,0.19044532545633897,-5.421865321320385,0.3635520831904189
1.6280247003362494,5.193645681337201,-0.020245819323134222,0.019024088846738195,-0.004886921905584123,0.010471975511965976,0.01497740444213972,12.243377327452686,0.1833877268493017,-5.419072794517194,0.3574434308084387
1.5917449621188464,-0.022767477687961925,-0.020071286397934793,-0.003141592653589793,-0.004886921905584123,0.005235987755982988,0.0139502552117901,12.2622902651199,0.17107317631875874,-5.414709471387208,0.34644785652087445
1.8982592530778153,0.1547750431146226,-0.020071286397934793,0.00890117918517108,-0.004886921905584123,0.0017453292519943296,0.015455413075341094,12.281891906454318,0.18983682842964453,-5.4117424116588175,0.3511602455012591
1.8843611365520463,1.7343165075671398,-0.020071286397934793,-0.002617993877991494,-0.005061454830783556,0.003490658503988659,0.014581891273093771,12.300282601650364,0.17937409723677658,-5.407553621454031,0.3551745027808461
2.0099835731386904,6.997922211900102,-0.020071286397934793,-0.0015707963267948964,-0.005061454830783556,-0.010297442586766544,0.014585312893569364,12.31105810127047,0.1795733682670186,-5.404761094650841,0.3609340893124273
1.5939259489176014,5.202211555515565,-0.020071286397934793,-0.012042771838760876,-0.005061454830783556,0.0005235987755982988,0.014200577373747495,12.33761430518277,0.1752130243156476,-5.400572304446054,0.35098571257605965
1.6997065119131127,4.129266023665936,-0.020071286397934793,-0.006457718232379019,-0.005235987755982988,0.008552113334772215,0.014693224530653899,12.356158372228442,0.18156487555246098,-5.397779777642863,0.3518583772020568
1.976255781741394,10.508571169218936,-0.020245819323134222,-0.0024434609527920616,-0.005061454830783556,0.023736477827122883,0.014739752243093103,12.376571070947776,0.18244080377719782,-5.393416454512876,0.35709436495803987
1.9713021596666531,3.490764439113241,-0.020245819323134222,-0.013264502315156905,-0.004886921905584123,0.04520402762665313,0.013754193380098463,12.386502619982918,0.17037709633061338,-5.390798460634886,0.3466223894460738
1.8094031510816668,2.7608412894954375,-0.020594885173533087,-0.02775073510670984,-0.004537856055185257,0.030543261909900768,0.012822927146194686,12.406042484159972,0.15909049865813038,-5.386609670430099,0.3415609346152903
1.6462963764162752,8.70133168637525,-0.02076941809873252,-0.028274333882308142,-0.0041887902047863905,0.033335788713091695,0.01214947978703004,12.423065138765914,0.1509412056728467,-5.383817143626909,0.3483677186980682
1.6717450965372802,-3.0126721546934756,-0.020943951023931952,-0.026179938779914945,-0.003839724354387525,0.02775073510670984,0.010738216817530564,12.448983130854884,0.13368501843171818,-5.3798028863473215,0.3221877799181532
1.791672535477702,-0.23648637706945597,-0.02111848394913139,-0.026354471705114377,-0.003665191429188092,0.029321531433504737,0.012936700459848634,12.463551527417074,0.1612462281702919,-5.37701035954413,0.33265975543011916
1.7720329235008097,3.2446210632400376,-0.02129301687433082,-0.011519173063162575,-0.0033161255787892262,0.03822271061867582,0.011017186874717186,12.48162522391949,0.13751796154081286,-5.372996102264544,0.3314380249537232
1.7423690512206254,2.9174746289348166,-0.021467549799530253,-0.02600540585471551,-0.003141592653589793,0.015707963267948967,0.010487395289354032,12.5001816077419,0.13109915207785816,-5.370378108386552,0.32655110304813906
1.9044753032785255,-3.2003371771822207,-0.02181661564992912,-0.023387411976724018,-0.003141592653589793,0.0066322511575784525,0.009036384238679392,12.526011132839102,0.11319293056078751,-5.366363851106965,0.3166027263117714
1.9085406948710306,8.599364816669778,-0.02199114857512855,-0.02303834612632515,-0.0029670597283903604,0.01780235837034216,0.010247890249458443,12.539643830885565,0.12850939243124312,-5.363745857228974,0.33719761148530447
1.6718437990267876,10.31799142087242,-0.022165681500327987,-0.02129301687433082,-0.0029670597283903604,0.0019198621771937625,0.011640990075816973,12.563990832342576,0.14626389952118224,-5.359731599949387,0.33580134808370904
1.9328417937420352,1.2507090027112475,-0.022165681500327987,-0.009948376736367679,-0.003141592653589793,-0.010297442586766544,0.010142033553443817,12.579625003787617,0.12758735348913333,-5.357288138996594,0.31695179216217023
2.2299155016923122,3.93972409341749,-0.02234021442552742,-0.003141592653589793,-0.0033161255787892262,-0.014137166941154071,0.010571412734195169,12.60234554348876,0.13322955920893226,-5.353448414642207,0.32306044454415045
1.6456892153260665,0.9762731789025607,-0.02234021442552742,-0.009773843811168246,-0.0033161255787892262,-0.00942477796076938,0.00999467908909309,12.62077786947738,0.1261448250421166,-5.350830420764216,0.30543261909900765
1.7561232798911,8.553214001231456,-0.022514747350726852,-0.020071286397934793,-0.003490658503988659,-0.014835298641951801,0.0105731551759017,12.6440452377871,0.13369243428488112,-5.347165229335028,0.3220132469929538
1.9509203641092043,7.402460672323969,-0.022514747350726852,-0.010471975511965976,-0.003665191429188092,-0.02129301687433082,0.009053005192010476,12.660463022407912,0.11461836874773423,-5.344721768382236,0.3104940739297912
1.8686981101407765,1.7886342025250694,-0.022689280275926284,-0.015707963267948967,-0.004014257279586958,-0.01937315469713706,0.008509380194642839,12.681588671063514,0.10791506418052042,-5.341056576953047,0.2977531703902326
1.975927784596821,-0.4649693820989489,-0.022689280275926284,-0.005759586531581287,-0.004014257279586958,-0.01780235837034216,0.009003407519684656,12.701609832423443,0.11436085957581345,-5.338438583075056,0.290248254606657
2.2924458640816416,1.309100777389913,-0.022689280275926284,0.0027925268031909274,-0.0041887902047863905,-0.0006981317007977319,0.007971418751722803,12.729042841515941,0.10147068007540655,-5.334947924571067,0.2909463863074548
2.1325571249327204,-0.6435516661691598,-0.022689280275926284,0.0024434609527920616,-0.0041887902047863905,-0.004363323129985824,0.010078422799123368,12.738535412179404,0.1283886927652852,-5.332678996543475,0.29391344603584507
2.002043268848737,6.091600085117476,-0.022514747350726852,0.0158824961931484,-0.004363323129985824,-0.010297442586766544,0.008851000615619975,12.765337879832469,0.11298896397486388,-5.329013805114286,0.2932153143350474
1.9724122857756434,9.556168476617636,-0.022689280275926284,0.0027925268031909274,-0.004363323129985824,-0.00890117918517108,0.0074752615747647865,12.782326094966594,0.09555301091973956,-5.326744877086694,0.29496064358704166
2.1156634464445836,5.170923880802763,-0.022689280275926284,-0.00017453292519943296,-0.004537856055185257,-0.011519173063162575,0.008778984504342696,12.8005916057813,0.11237908240834599,-5.323254218582705,0.2892010570554604
2.2167594820481002,3.8546781023950745,-0.022514747350726852,0.0017453292519943296,-0.00471238898038469,-0.015009831567151233,0.007834806211200737,12.825445200368824,0.10048693382863673,-5.320985290555113,0.2802998778702893
2.1850171031481103,5.482431674083631,-0.022514747350726852,0.008028514559173916,-0.005061454830783556,-0.026703537555513242,0.008469617112802296,12.849543165349427,0.10883331306202738,-5.317494632051124,0.28501226685067405
1.8334718220078676,7.104587346752883,-0.022689280275926284,-0.00767944870877505,-0.0054105206811824215,-0.02757620218151041,0.007073682983859648,12.866881704124095,0.09101776025581061,-5.315225704023532,0.28466320100027515
1.715643712632005,1.1352099801858615,-0.022689280275926284,-0.0164060949687467,-0.005759586531581287,-0.03944444109507185,0.00786019518538759,12.891459367025705,0.10133147370085507,-5.311909578444743,0.2789036144686939
2.1996564959880156,4.961342923573102,-0.022689280275926284,0.009075712110370514,-0.006108652381980154,-0.03787364476827695,0.008174439696254329,12.904757900530432,0.10549151496228373,-5.309640650417149,0.2792526803190927
2.1220862605951756,8.180736151844224,-0.022689280275926284,-0.007853981633974483,-0.006457718232379019,-0.01884955592153876,0.007863532484804894,12.92744204046362,0.10165745577369885,-5.30632452483836,0.2776818839922978
2.0068276675198886,-0.516052973716396,-0.022689280275926284,-0.017453292519943295,-0.006806784082777886,-0.016755160819145562,0.007519730229567812,12.946957312756325,0.09735946139973302,-5.304055596810768,0.2609267231731523
2.3272559983226886,-1.2934695409684516,-0.022689280275926284,-0.0066322511575784525,-0.007155849933176752,-0.01815142422074103,0.006721303247668861,12.974911158841937,0.08720962577237637,-5.300914004157178,0.2631956512007449
2.0962932617851653,4.847624577824413,-0.022863813201125717,-0.014486232791552936,-0.007155849933176752,-0.02408554367752175,0.00718247461900383,12.989188190897876,0.09329611882635068,-5.298819609054785,0.2686061718819273
1.9698185306828588,4.598973778706836,-0.022863813201125717,0.002617993877991494,-0.007504915783575617,-0.017278759594743863,0.00789890943406539,13.013952444286941,0.10279816969974402,-5.295503483475995,0.27401669256310973
2.4955478951887455,-5.031755036614368,-0.022863813201125717,0.013788101090755204,-0.007853981633974483,-0.03595378259108319,0.009230954923846613,13.031811579882644,0.12029948221686798,-5.293234555448403,0.25761059759436306
2.609437480215497,-1.3866077897446554,-0.022689280275926284,0.005585053606381855,-0.008377580409572781,-0.03787364476827695,0.006688468661111914,13.062049601231267,0.08736641220827962,-5.290092962794813,0.2579596634447619
2.5111733592542573,-0.8655817949598611,-0.022863813201125717,-0.0022689280275926286,-0.008552113334772215,-0.03961897402027128,0.007531866581688763,13.085525575549022,0.09856029653618062,-5.28799856769242,0.25394540616517497
1.8879197097066445,1.899996715365487,-0.022863813201125717,-0.01884955592153876,-0.009075712110370514,-0.02775073510670984,0.007318169887528913,13.108553120099533,0.09593233129022319,-5.28485697503883,0.26668630970473356
2.294596814677738,7.212725170369864,-0.022863813201125717,0.008726646259971648,-0.009250245035569947,-0.03735004599267865,0.006040006965125862,13.12532621457111,0.07927802582320237,-5.282762579936437,0.2609267231731523
2.5681884140739344,5.24601197885903,-0.022689280275926284,0.010122909661567111,-0.009599310885968814,-0.024434609527920616,0.006859609738362579,13.150896223584875,0.09021143075154817,-5.279620987282847,0.2609267231731523
2.4337650043670807,6.748305903658051,-0.022689280275926284,0.003141592653589793,-0.009948376736367679,-0.01832595714594046,0.005572340685028304,13.168169101216705,0.07337828392084082,-5.277526592180454,0.26005405854715513
2.1029948629572064,7.49881762240409,-0.022689280275926284,-0.005235987755982988,-0.010297442586766544,-0.030892327760299633,0.007412293071136694,13.198010431139647,0.09782931292701398,-5.2743849995268635,0.2609267231731523
2.341340389049515,3.9065185292491424,-0.022689280275926284,0.0033161255787892262,-0.01064650843716541,-0.02303834612632515,0.006933135734009915,13.210029550411429,0.0915883954296473,-5.272465137349671,0.25865779514555964
2.4136730844062924,8.111100097941552,-0.022689280275926284,-0.00017453292519943296,-0.010995574287564275,-0.022863813201125717,0.006196396894492877,13.238446114448372,0.08203171627256116,-5.26949807762128,0.2516764781375823
2.6087041759643816,-1.5054518772089396,-0.022689280275926284,0.013439035240356337,-0.01117010721276371,-0.02356194490192345,0.0059290151454626195,13.258810865775287,0.07861261159832383,-5.267403682518887,0.23561944901923448
2.4365164606446355,1.1761603156465328,-0.022514747350726852,0.012217304763960308,-0.011693705988362009,-0.03682644721708035,0.0062089416142675205,13.290862560446646,0.08252325009385306,-5.264436622790496,0.2488839513343914
2.2220854086704094,0.614475687752528,-0.02234021442552742,-0.0020943951023931952,-0.012042771838760876,-0.04066617157146788,0.006100964570789971,13.311588135309389,0.08121453524651967,-5.262516760613302,0.23841197582242543
2.4155750175277464,2.3735806407166966,-0.02234021442552742,0.009250245035569947,-0.012391837689159739,-0.04293509959906051,0.005501773716292161,13.340484810669807,0.07339706925997151,-5.259724233810112,0.23492131731843677
2.4452189449330346,2.6654062296465755,-0.02234021442552742,0.0041887902047863905,-0.012566370614359171,-0.023387411976724018,0.005380943922245824,13.361279009563228,0.07189698699642731,-5.2578043716329175,0.2314306588144481
2.459508098678793,-1.8315953690841242,-0.022165681500327987,0.011693705988362009,-0.012915436464758038,-0.013264502315156905,0.004590440942898683,13.390104321941255,0.06146691485637362,-5.254837311904527,0.23230332344044527
2.379624726801149,4.420528421005934,-0.022165681500327987,0.017278759594743863,-0.013089969389957472,-0.020071286397934793,0.004631443358521861,13.410759154464571,0.06211161552290726,-5.253091982652533,0.23335052099164189
2.6783486670138874,-0.8757329711192354,-0.02199114857512855,0.009250245035569947,-0.013439035240356337,-0.028448866807507574,0.003998526498934037,13.440349916837642,0.053741881709964565,-5.250299455849342,0.22322761133007477
2.4458398926245613,6.422848740273398,-0.02181661564992912,-0.008552113334772215,-0.013788101090755204,-0.01884955592153876,0.004492596496213584,13.456248731049417,0.060453902624073526,-5.248379593672148,0.23527038316883564
2.4318169238795626,1.6574003540073738,-0.02181661564992912,0.021467549799530253,-0.013962634015954637,-0.03612831551628262,0.004017323047803967,13.485058909243815,0.05417412939408483,-5.245761599794157,0.2214822820780804
2.14990595144187,-5.913748413174163,-0.021642082724729686,0.01064650843716541,-0.014137166941154071,-0.02548180707911721,0.005510416995387146,13.504659416576075,0.0744170579846416,-5.243841737616963,0.21031217486531673
2.410745339857876,9.479055064996958,-0.021467549799530253,0.0033161255787892262,-0.014660765716752368,-0.04258603374866164,0.005014971495095106,13.534534452471895,0.06787587350417819,-5.2412237437389715,0.23020892833805207
2.3879740418527513,2.7990333793762034,-0.021467549799530253,-0.009948376736367679,-0.014835298641951801,-0.02530727415391778,0.004007808360576234,13.551913794302575,0.05431376421237585,-5.239478414486977,0.2150245638457014
2.26886329595841,-0.6815491909140411,-0.021467549799530253,-0.005585053606381855,-0.015009831567151233,-0.013788101090755204,0.0034988207043061695,13.581833352127102,0.047520593646700776,-5.236860420608986,0.2097885760897184
2.2569474768156406,-2.4761716387909143,-0.021467549799530253,0.0013962634015954637,-0.015184364492350668,-0.015009831567151233,0.004955677498603911,13.60158415909903,0.06740561636250825,-5.234940558431792,0.2092649773141201
2.1602102193715864,1.2759400231512517,-0.021467549799530253,-0.008726646259971648,-0.0153588974175501,-0.0054105206811824215,0.0034269807282612495,13.627528892149892,0.046701461711084996,-5.232322564553801,0.21799162357409177
2.6149636907203178,-2.199788786528428,-0.021467549799530253,-0.003490658503988659,-0.015533430342749533,0.005934119456780721,0.004042076466849647,13.64395596605213,0.05515021368052849,-5.230577235301806,0.2085668456133224
2.6870673134808705,-0.9075169628526901,-0.021642082724729686,-0.013788101090755204,-0.015533430342749533,-0.011693705988362009,0.002862206312977068,13.678820737042782,0.03915171398092027,-5.227959241423815,0.2118829711921116
2.571000968672005,3.2519269719298443,-0.02181661564992912,-0.023387411976724018,-0.015533430342749533,-0.0029670597283903604,0.002827118202129106,13.700048485922455,0.03873175963377718,-5.22621391217182,0.21223203704251048
2.4454071436591445,6.1092649328274575,-0.02181661564992912,-0.008552113334772215,-0.015707963267948967,0.010297442586766544,0.00453313192759217,13.72391757777762,0.062212755086597404,-5.223595918293829,0.22776546738526002
2.5531814924384917,-4.036449256908531,-0.022165681500327987,-0.016580627893946133,-0.015707963267948967,0.0,0.003846483175330258,13.750354170855934,0.05289076682054928,-5.221850589041835,0.205599785884932
2.970543173767569,1.9790828770487219,-0.02234021442552742,-0.015533430342749533,-0.015707963267948967,0.0010471975511965976,0.002918920197018718,13.771340396063758,0.040197557784493694,-5.219232595163843,0.2150245638457014
2.797801856020905,11.743019522108169,-0.022514747350726852,-0.031415926535897934,-0.015533430342749533,0.018500490071139894,0.0007786776384473902,13.798755328599459,0.010744784384447377,-5.217661798837048,0.2241002759560719
2.4063306678226035,-8.068332912278983,-0.02303834612632515,-0.054628805587422516,-0.015533430342749533,0.01117010721276371,0.000825673357677513,13.825207172943507,0.011415107821103481,-5.215043804959057,0.19565140914856435
2.217026874336755,4.6598531988573635,-0.023212879051524585,-0.038397243543875255,-0.015533430342749533,0.006457718232379019,0.001101945680612785,13.854762528764876,0.015267201904063261,-5.213298475707062,0.20996310901491785
2.6141460724725527,-1.9535690749754409,-0.023736477827122883,-0.038397243543875255,-0.015707963267948967,-0.011693705988362009,0.0013042323936976893,13.88023584849932,0.01810306349034849,-5.21085501475427,0.20088739690454732
2.6784961353532037,-3.5963769967425923,-0.023911010752322315,-0.041189770347066175,-0.015707963267948967,-0.012740903539558606,0.0021949818339541843,13.905366104143988,0.03052207501098952,-5.209109685502276,0.19634954084936207
2.7702030194254044,-3.039003864104482,-0.024434609527920616,-0.045727626402251434,-0.0158824961931484,-0.007853981633974483,0.0001414929678366147,13.937173429628338,0.001972012044971788,-5.206666224549484,0.19442967867216832
2.5313177445730766,1.8008045487505981,-0.024609142453120045,-0.04380776422505767,-0.016057029118347832,-0.008552113334772215,0.0008521982360192229,13.95335745109519,0.011891029484956826,-5.205095428222689,0.19879300180215415
2.267445601936447,3.008748437984449,-0.025132741228718343,-0.05183627878423159,-0.0164060949687467,-0.011868238913561441,0.0003897831670911858,13.984811766979844,0.005451044497768219,-5.202651967269897,0.19826940302655582
2.269876937918895,1.1699076025278687,-0.02548180707911721,-0.03787364476827695,-0.016580627893946133,-0.024260076602721184,0.0010875410125043962,14.001326229166063,0.015227022506902641,-5.201081170943102,0.19285888234537343
2.5812784621975915,3.6753755934619514,-0.025830872929516076,-0.026878070480712675,-0.01710422666954443,-0.031241393610698498,0.000609164645146792,14.031674125924365,0.008547600847019865,-5.19863770999031,0.19722220547535926
2.9809265958972677,10.433374761910487,-0.02600540585471551,-0.041887902047863905,-0.017278759594743863,-0.015533430342749533,-0.000752179916977426,14.054243202642198,-0.01057132147900586,-5.197241446588715,0.2001892652037496
2.6795822829525213,4.484894420779984,-0.026354471705114377,-0.028972465583105872,-0.017627825445142728,-0.01884955592153876,-0.00028392805534805505,14.089369902647746,-0.0040003675050349205,-5.1947979856359225,0.1832595714594046
2.477754450301557,5.795758776891777,-0.026703537555513242,-0.030368728984701335,-0.01780235837034216,-0.026179938779914945,-0.0010221770771660131,14.107003663453177,-0.014419860794457007,-5.193401722234327,0.18552849948699723
2.4114357524823578,-0.41842812055748463,-0.026878070480712675,-0.027052603405912107,-0.01815142422074103,-0.02303834612632515,-0.0003990988987453121,14.14178233448547,-0.005643970055646117,-5.191132794206735,0.17854718247901993
3.025561809957742,6.16275946780294,-0.027052603405912107,-0.009599310885968814,-0.01832595714594046,-0.014660765716752368,-0.001144267723336891,14.159479872433447,-0.01620224286872603,-5.189736530805139,0.1790707812546182
3.3764077844384572,4.392993361648631,-0.027052603405912107,-0.00820304748437335,-0.018675022996339326,-0.012915436464758038,0.00026032433706877766,14.189865106352954,0.003693967310351909,-5.187642135702746,0.1799434458806154
3.2493591672881417,8.301918243909489,-0.027227136331111543,0.003490658503988659,-0.01884955592153876,-0.02234021442552742,-0.0017436375907193284,14.21754485791041,-0.02479027078505175,-5.186245872301151,0.1741838593490341
2.3587997163502927,3.3767698019591013,-0.027401669256310976,-0.024783675378319478,-0.019198621771937627,-0.029321531433504737,-0.0008098029518111843,14.253137617986264,-0.011542235438675295,-5.184326010123957,0.16318828506146982
2.942316841374317,-3.896287121857351,-0.027401669256310976,0.010297442586766544,-0.019198621771937627,-0.0158824961931484,-1.1239584110385904e-06,14.270225351046545,-1.603913981073164e-05,-5.182929746722361,0.15463617172669758
2.9996335602458366,3.024864948654617,-0.027401669256310976,-0.0010471975511965976,-0.019547687622336492,-0.026703537555513242,-0.0015932938337514867,14.30146960968153,-0.022786462624485693,-5.181009884545167,0.15498523757709648
3.1786035418820724,3.1872195632334335,-0.027227136331111543,0.013613568165555772,-0.019722220547535925,-0.014311699866353503,-0.0018664781399310756,14.327969755699058,-0.02674287339369145,-5.179788154068771,0.15498523757709648
3.047036752734783,9.536024100887136,-0.026878070480712675,0.02408554367752175,-0.020071286397934793,-0.00942477796076938,-0.0006574555735275878,14.372325993895299,-0.009449167190702606,-5.177868291891578,0.16493361431346415
2.8972589434496934,-0.6905441016064068,-0.026878070480712675,0.026179938779914945,-0.020245819323134222,-0.017453292519943295,-0.0018752788929651005,14.395731322949235,-0.02699604274413023,-5.176646561415182,0.14172073526193957
2.6001863991770438,0.5553451267212988,-0.026703537555513242,0.0005235987755982988,-0.020245819323134222,-0.010122909661567111,-0.0026857563985592595,14.422534919254028,-0.03873550857966139,-5.1749012321631875,0.13980087308474579
2.757671281531088,5.929356096392454,-0.02652900463031381,0.014137166941154071,-0.020420352248333655,-0.003490658503988659,-0.0028017210160944223,14.448577111098116,-0.04048098806528304,-5.17385403461199,0.14643312424232427
3.0196465833937016,3.2155019053669216,-0.026179938779914945,0.03508111796508603,-0.020594885173533087,-0.003839724354387525,-0.0017668530505212797,14.484222384674139,-0.025591519135072006,-5.172108705359997,0.143116998663535
3.117883131068294,2.874485271536507,-0.025830872929516076,0.046949356878647465,-0.02076941809873252,-0.016755160819145562,-0.0037417717982897785,14.502598978594811,-0.05426566911552506,-5.1710615078088,0.12828170002158323
2.768542986842217,-1.8498864141311695,-0.02530727415391778,0.041713369122664476,-0.020943951023931952,-0.00820304748437335,-0.003643776100663093,14.533302729210412,-0.052956335517535556,-5.169316178556805,0.12985249634837812
2.6178518764762906,3.7759556896867585,-0.025132741228718343,0.039095375244672985,-0.020943951023931952,-0.013613568165555772,-0.0037751504000798535,14.560709180709663,-0.054969128224868165,-5.168268981005609,0.12880529879718153
2.4167495523315754,-2.844646047459474,-0.024609142453120045,0.024609142453120045,-0.02111848394913139,-0.011519173063162575,-0.003515664829556593,14.592501427213756,-0.05130255540788836,-5.166698184678815,0.1244419756671957
2.7779580044926995,-1.8081830105265049,-0.024260076602721184,0.04066617157146788,-0.02129301687433082,-0.03246312408709453,-0.003169075293051917,14.605625456396648,-0.046286481725842064,-5.165825520052817,0.11466813185602745
2.637559934836465,1.2421392419513648,-0.023911010752322315,0.03368485456349056,-0.021642082724729686,-0.01884955592153876,-0.002921844127558396,14.637215074716465,-0.04276778261525998,-5.164254723726022,0.12496557444279399
2.516923887356813,5.528614026978588,-0.02356194490192345,0.015184364492350668,-0.02181661564992912,-0.01832595714594046,-0.0030705604511452518,14.663519638205583,-0.04502536498059357,-5.1632075261748245,0.1308996938995747
2.886926069841075,0.7585727135837573,-0.02303834612632515,0.04363323129985824,-0.02199114857512855,-0.004886921905584123,-0.003571515403815939,14.690572351245464,-0.05246782853188521,-5.16181126277323,0.11746065865921838
2.8106707848802026,-3.6999356127088836,-0.022863813201125717,0.03508111796508603,-0.02199114857512855,-0.002617993877991494,-0.002207461443219809,14.71814480981633,-0.0324897899564269,-5.160764065222033,0.1153662635568252
2.7481350087216314,-1.6709117496899764,-0.02234021442552742,0.033510321638291124,-0.02199114857512855,0.0033161255787892262,-0.004234167891518031,14.744641201712374,-0.06243165944398587,-5.159367801820438,0.10873401239924674
2.5594408646395292,-0.32038893496722765,-0.022165681500327987,0.02757620218151041,-0.02199114857512855,-0.008726646259971648,-0.002707678879587985,14.77228857808408,-0.0399987115366216,-5.15849513719444,0.12147491593880534
2.4557051938269145,10.819287637559427,-0.02199114857512855,0.007504915783575617,-0.022165681500327987,-0.004363323129985824,-0.0032244484154398275,14.799328101010937,-0.047719835427111466,-5.157098873792846,0.12496557444279399
3.031110078203579,-9.411520307908754,-0.02181661564992912,0.018675022996339326,-0.022165681500327987,0.00942477796076938,-0.00278698033379594,14.822101553694319,-0.04130901248833262,-5.156051676241649,0.09878563566287905
3.0525866468738845,-4.707324318769056,-0.021467549799530253,0.02949606435870417,-0.022165681500327987,0.005934119456780721,-0.004958124011808752,14.861409133489532,-0.07368531327692233,-5.154829945765253,0.10541788682045751
2.8768413883626467,3.5899956849530104,-0.021467549799530253,-0.00034906585039886593,-0.022165681500327987,-0.006981317007977318,-0.004642910050945322,14.875788055505524,-0.06906744216607646,-5.153957281139255,0.11274826967883368
2.2421258238897286,1.5238848653237278,-0.02129301687433082,-0.0010471975511965976,-0.02234021442552742,-0.0066322511575784525,-0.004276247445918478,14.907415999609487,-0.06374818816671377,-5.15256101773766,0.11047934165124106
2.5677308646360255,4.889993133136966,-0.02129301687433082,0.0022689280275926286,-0.02234021442552742,-0.0024434609527920616,-0.005177715280250501,14.92970369068715,-0.07730244572372535,-5.151688353111663,0.11344640137963143
2.8145795648845886,3.4288354374669003,-0.02129301687433082,-0.005235987755982988,-0.02234021442552742,-0.002617993877991494,-0.00464659040000235,14.96135872305588,-0.06951980614372756,-5.150466622635267,0.10646508437165411
2.8089500208293297,-1.2859067496439376,-0.02111848394913139,-0.003141592653589793,-0.02234021442552742,-0.009599310885968814,-0.004661917317143486,14.988289481686977,-0.06987467249620723,-5.14959395800927,0.10192722831646885
2.752728378057515,5.722333414887626,-0.02129301687433082,-0.009599310885968814,-0.022514747350726852,-0.0054105206811824215,-0.005631399818216424,15.019777393155515,-0.08458326580358447,-5.148372227532874,0.09913470151327791
2.605524071767015,0.12716488563898162,-0.021467549799530253,-0.008726646259971648,-0.022514747350726852,-0.012915436464758038,-0.004876170981081674,15.042873012968135,-0.07335220222501958,-5.147674095832076,0.09826203688728075
2.5895640723543574,3.3836074889404633,-0.021467549799530253,0.0019198621771937625,-0.022689280275926284,-0.00890117918517108,-0.005250073534549034,15.069125215003828,-0.0791147423684903,-5.14645236535568,0.09459684545809266
2.7347160584411583,0.21803995952252386,-0.021467549799530253,-0.01117010721276371,-0.022863813201125717,-0.017453292519943295,-0.005558878521972261,15.087628208487233,-0.0838711563019554,-5.145579700729682,0.08744099552491591
2.8923638733337538,0.7483270595202501,-0.021642082724729686,0.004014257279586958,-0.02303834612632515,-0.0041887902047863905,-0.0061876641573996895,15.118499487142206,-0.09354939130767172,-5.144707036103685,0.08185594191853406
2.6084104227788916,-13.057867480918063,-0.02181661564992912,0.0006981317007977319,-0.02303834612632515,-0.018675022996339326,-0.00474346219475946,15.14698733066367,-0.07184970065145137,-5.143834371477689,0.056548667764616284
2.6084253492681824,-1.6398081376940754,-0.02181661564992912,-0.013264502315156905,-0.023212879051524585,-0.014137166941154071,-0.00555292672645576,15.178114491568127,-0.08428382391631775,-5.142787173926492,0.08709192967451705
2.687207323053384,0.5296195804830033,-0.02199114857512855,-0.004886921905584123,-0.023387411976724018,-0.020245819323134222,-0.005695555074110434,15.195749020527746,-0.08654916130690883,-5.1420890422256935,0.08011061266653972
2.672184586791451,1.6304890291151424,-0.02181661564992912,0.0015707963267948964,-0.02356194490192345,-0.007330382858376184,-0.006332815173504598,15.22714604340937,-0.09643199063678647,-5.141216377599696,0.07749261878854824
2.754204293500631,-0.9688125723964297,-0.02181661564992912,0.00017453292519943296,-0.02356194490192345,-0.003141592653589793,-0.006303370190815595,15.245500726769588,-0.09609930758301802,-5.140692778824099,0.07243116395776468
2.415333950859775,3.8793668117560522,-0.02181661564992912,0.0024434609527920616,-0.023736477827122883,-0.016580627893946133,-0.0056546048438864465,15.277644563469034,-0.08638996371397266,-5.139645581272902,0.08080874436733745
2.4365524803131677,-2.925942032910907,-0.02181661564992912,0.0054105206811824215,-0.023911010752322315,-0.02495820830351891,-0.0063977280213049674,15.299920527901115,-0.09788606581110441,-5.138947449572104,0.05899212871740834
2.390369415019812,-2.5616454443975467,-0.021642082724729686,0.0006981317007977319,-0.02408554367752175,-0.015707963267948967,-0.007140599849357188,15.322446689546169,-0.10941332012432875,-5.138249317871307,0.06265732014659643
2.557124876776092,0.7315797081626727,-0.021642082724729686,0.019024088846738195,-0.024260076602721184,-0.013962634015954637,-0.006252557859268361,15.345366196822784,-0.0959490403798273,-5.137725719095708,0.06754424205218056
2.576743155112349,2.1950441921307906,-0.02129301687433082,0.025656340004316644,-0.024434609527920616,-0.016057029118347832,-0.006900044841267559,15.376383381898243,-0.10609941865662299,-5.136853054469711,0.062482787221396996
2.0688024008376273,5.339497759293636,-0.02111848394913139,0.004014257279586958,-0.024434609527920616,-0.022514747350726852,-0.006880513649884993,15.394595868089656,-0.10592439854897404,-5.136329455694113,0.06981317007977318
2.320894592868501,3.9561360894149527,-0.020943951023931952,0.011344640137963142,-0.024609142453120045,-0.008552113334772215,-0.00608123884328954,15.427530812259032,-0.09381965616387797,-5.1354567910681155,0.06806784082777885
2.349436709773936,1.6756319413601408,-0.02076941809873252,0.017976891295541596,-0.024783675378319478,-0.009948376736367679,-0.006335404572340763,15.436429133840067,-0.09779733216059806,-5.134933192292516,0.06597344572538566
2.236700551752877,2.738208381333089,-0.020420352248333655,0.02548180707911721,-0.02495820830351891,-0.0020943951023931952,-0.0068150665803364,15.46769042017127,-0.10541497206666682,-5.1342350605917195,0.06335545184739416
1.763810528440558,2.102753326997808,-0.020245819323134222,0.019722220547535925,-0.02495820830351891,-0.007853981633974483,-0.00621436981922999,15.481630004782929,-0.09620981274682605,-5.13371146181612,0.06841690667817772
1.696592530587078,0.6692436183978211,-0.019896753472735357,0.028099800957108706,-0.025132741228718343,-0.017627825445142728,-0.00696443466382102,15.504376596362613,-0.10798096362711913,-5.133013330115324,0.05707226654021458
1.4203188134750058,3.192009514341609,-0.019547687622336492,0.0291469985083053,-0.025132741228718343,-0.019198621771937627,-0.006954030028463736,15.522064348098588,-0.10794264156865457,-5.132489731339724,0.06091199089460211
1.3813469476544291,5.04392032252776,-0.019198621771937627,0.0328121899374934,-0.02530727415391778,-0.006457718232379019,-0.0065330220711269735,15.536645086142318,-0.10150268932083825,-5.131791599638928,0.06318091892219473
1.0804840684715546,2.9687370864218425,-0.019024088846738195,0.017976891295541596,-0.02548180707911721,-0.014486232791552936,-0.007202019394201188,15.54984789569909,-0.11199224244005178,-5.131442533788528,0.0582939970166106
1.0206267553112358,5.373772842515297,-0.018675022996339326,0.023212879051524585,-0.02548180707911721,-0.008552113334772215,-0.0061982742841764134,15.560362040705666,-0.09644862703308364,-5.130744402087731,0.059864793343405505
0.898975674712199,-0.5336769931680359,-0.018500490071139894,0.019547687622336492,-0.025656340004316644,-0.007504915783575617,-0.006457405045810187,15.569295596825668,-0.10053864537336053,-5.130220803312132,0.052185344634630454
1.0137530792089708,1.4816832369255386,-0.01815142422074103,0.03961897402027128,-0.025830872929516076,-0.0020943951023931952,-0.0068914593485904715,15.578067836764614,-0.10735732077757344,-5.129522671611335,0.05637413483941684
0.46296561595554836,-4.567956308554448,-0.017976891295541596,0.0066322511575784525,-0.025830872929516076,-0.016231562043547264,-0.00612834661511534,15.59212394159633,-0.09555513622597234,-5.129173605760935,0.0471238898038469
0.5966413637202432,-1.2087564815280623,-0.01780235837034216,0.017976891295541596,-0.02600540585471551,-0.005235987755982988,-0.00723640841124885,15.596686832900179,-0.11286596589035043,-5.128650006985338,0.04642575810304917
1.0527155154822783,3.872231918963013,-0.017453292519943295,0.014835298641951801,-0.026179938779914945,-0.014835298641951801,-0.007496764305038895,15.60566243776095,-0.11699416487631714,-5.128126408209739,0.054279739737023644
1.443342143473072,1.405453374475339,-0.017453292519943295,0.0066322511575784525,-0.026179938779914945,-0.0008726646259971648,-0.007173017812577907,15.611238287889247,-0.11198161088818513,-5.1276028094341415,0.046251225177849735
1.7042811732428542,4.19543037945999,-0.017278759594743863,0.025830872929516076,-0.026354471705114377,-0.013089969389957472,-0.0075810787967728315,15.63355711841258,-0.11852149898295407,-5.127253743583742,0.05235987755982989
1.3804807681869797,3.7108371569563916,-0.017278759594743863,-0.007155849933176752,-0.026354471705114377,-0.0033161255787892262,-0.007172264599745414,15.64792599302424,-0.1122329901390827,-5.126555611882944,0.050789081233034994
1.5838595760271597,-1.8925788055176913,-0.01710422666954443,0.012391837689159739,-0.02652900463031381,-0.010821041362364843,-0.007260277143065277,15.656724394919015,-0.11367415558317845,-5.126206546032545,0.03717551306747922
1.7748087673482915,-4.037259887395201,-0.01710422666954443,0.003839724354387525,-0.02652900463031381,-0.01117010721276371,-0.007844673372930343,15.67882077559487,-0.12299775091638532,-5.125682947256947,0.034732052114687155
1.9891137817954243,-3.182617602958005,-0.01710422666954443,-0.01064650843716541,-0.02652900463031381,-0.010995574287564275,-0.007091090732436126,15.693422643138206,-0.1112853491460122,-5.125333881406549,0.039793506945470715
2.074945799268723,2.4795895722116033,-0.017278759594743863,-0.016057029118347832,-0.026703537555513242,-0.00820304748437335,-0.007502210882903755,15.715683169524002,-0.11790458132942848,-5.124984815556149,0.039095375244672985
1.8165419906411062,0.5284682506785694,-0.017453292519943295,-0.016929693744344994,-0.026703537555513242,-0.009948376736367679,-0.008172394426232864,15.728954061841714,-0.12854607829801637,-5.12463574970575,0.03543018381548489
1.5336956264296975,-0.47760293475943794,-0.017627825445142728,-0.013788101090755204,-0.026878070480712675,-0.008377580409572781,-0.007919208231134223,15.755817298350491,-0.12477620644738935,-5.124112150930153,0.03630284844148206
1.4403586373044992,-5.832842361815917,-0.01780235837034216,0.0013962634015954637,-0.026878070480712675,-0.0008726646259971648,-0.007430226586131913,15.761262020988655,-0.11711190328902003,-5.123763085079753,0.026179938779914945
1.1117415974727145,-0.2089177938181588,-0.017976891295541596,-0.020420352248333655,-0.026878070480712675,-0.006981317007977318,-0.008100751145335065,15.774170895866764,-0.12778542814929117,-5.1234140192293545,0.03665191429188092
1.3560695854087166,-2.0740844209187808,-0.017976891295541596,-0.00767944870877505,-0.027052603405912107,0.00017453292519943296,-0.008191999465726142,15.783292366831846,-0.12929961503247592,-5.123064953378956,0.028448866807507574
1.5529322674329173,0.5807954099573903,-0.01815142422074103,-0.013962634015954637,-0.027227136331111543,-0.023911010752322315,-0.008026232199292669,15.80173226051661,-0.1268310957891048,-5.122715887528557,0.030368728984701335
1.9704413956281932,-0.8429823996237669,-0.01832595714594046,-0.010297442586766544,-0.027227136331111543,-0.005061454830783556,-0.008118389088248166,15.810825684913805,-0.12836125475051,-5.122366821678158,0.029321531433504737
1.776001811469083,3.9259561087216217,-0.01832595714594046,0.0005235987755982988,-0.027227136331111543,-0.006806784082777886,-0.007698609552541095,15.837926865434577,-0.1219324239891096,-5.122017755827759,0.03787364476827695
1.7629504329284549,-0.021261423337811947,-0.01832595714594046,0.009948376736367679,-0.027227136331111543,0.02076941809873252,-0.008770647495638792,15.855038026421287,-0.13906251533822184,-5.121843222902559,0.023736477827122883
1.850806472823946,3.4334918450769947,-0.01832595714594046,0.005061454830783556,-0.027227136331111543,0.005585053606381855,-0.00737551115631562,15.874533594972544,-0.1170849227070342,-5.121319624126961,0.041015237421866746
2.315184484052449,-1.4957023305202504,-0.01832595714594046,0.006457718232379019,-0.027227136331111543,-0.01884955592153876,-0.007871087815748821,15.887844804176318,-0.12505720426631392,-5.121145091201762,0.026179938779914945
2.4577694191041752,3.231957502813302,-0.01815142422074103,-0.0006981317007977319,-0.027401669256310976,-0.022514747350726852,-0.008031888044718579,15.91951374701206,-0.1278665017624304,-5.120796025351363,0.03159045946109736
2.304459557532457,-5.773206943182495,-0.01832595714594046,-0.0054105206811824215,-0.02757620218151041,0.005061454830783556,-0.007698677830524538,15.938179606658643,-0.12270533423995614,-5.120621492426163,0.012915436464758038
2.2560595960359913,-2.732795762784398,-0.01815142422074103,0.003665191429188092,-0.027401669256310976,0.01710422666954443,-0.008114837910727446,15.959941589764433,-0.12951518196199832,-5.120272426575765,0.026354471705114377
1.947640632478265,4.42912471723256,-0.017976891295541596,0.023387411976724018,-0.027401669256310976,-0.006108652381980154,-0.009181639479284059,15.976699788504218,-0.1466964198417848,-5.1200978936505654,0.027227136331111543
2.3226063142962587,6.885528495505334,-0.01780235837034216,0.02757620218151041,-0.027401669256310976,0.005061454830783556,-0.008025627632736494,16.00010767747677,-0.12841366338622492,-5.119923360725366,0.02879793265790644
1.8551898275216776,-3.6031171132874786,-0.017627825445142728,0.009948376736367679,-0.027401669256310976,-0.008552113334772215,-0.008267148535914932,16.02262034793869,-0.1324644001574336,-5.119748827800167,0.010122909661567111
1.895186509413746,-5.577657247607118,-0.017453292519943295,0.013089969389957472,-0.027401669256310976,-0.0012217304763960308,-0.009900422297285024,16.044041102035912,-0.1588479723050681,-5.119574294874966,0.004886921905584123
2.512503474492994,1.177762500351569,-0.017278759594743863,0.002617993877991494,-0.027401669256310976,-0.006981317007977318,-0.009001020971433632,16.058622447869293,-0.14454790112554747,-5.119399761949767,0.014137166941154071
2.8933641168674358,-0.4966586937085116,-0.017278759594743863,0.01064650843716541,-0.027401669256310976,0.0017453292519943296,-0.009384521293062111,16.093910943785914,-0.15103808390305246,-5.119399761949767,0.004537856055185257
3.23070382824606,6.921950403984433,-0.01710422666954443,0.012391837689159739,-0.027401669256310976,-0.0041887902047863905,-0.009624884973369129,16.11572341714613,-0.1551167741060564,-5.119225229024568,0.02356194490192345
3.2621289956001176,-4.212788132261846,-0.016929693744344994,0.0008726646259971648,-0.027401669256310976,0.014486232791552936,-0.009363754924664004,16.15675780869318,-0.15129234228973265,-5.119050696099369,0.0022689280275926286
3.1460084887400397,-1.3554961494622733,-0.016929693744344994,0.013788101090755204,-0.027401669256310976,-0.0029670597283903604,-0.008789215334702467,16.18428267421241,-0.1422508084530484,-5.1188761631741695,0.00471238898038469
3.4157550574021416,2.1951959542897406,-0.016929693744344994,-0.0024434609527920616,-0.027401669256310976,0.0013962634015954637,-0.00917135140990094,16.219571469394197,-0.14875956059223003,-5.1188761631741695,0.005061454830783556
4.346763503880721,0.004668702401931346,-0.016929693744344994,-0.009948376736367679,-0.027227136331111543,-0.010821041362364843,-0.008988989000208739,16.25090697920411,-0.14608315870073518,-5.1188761631741695,0.0020943951023931952
3.9728218134462905,6.7842372409909535,-0.01710422666954443,-0.014137166941154071,-0.027401669256310976,-0.015533430342749533,-0.008312167637490634,16.30091428813239,-0.1354990528611263,-5.1188761631741695,0.008028514559173916
3.295396303246409,0.6684630130645847,-0.01710422666954443,-0.031066860685499065,-0.02757620218151041,-0.017976891295541596,-0.009499872766666572,16.330970696061787,-0.1551468110050406,-5.1188761631741695,-0.004014257279586958
3.553672273601946,2.8801566370066203,-0.017453292519943295,-0.012566370614359171,-0.02775073510670984,-0.016580627893946133,-0.008512503598451644,16.36745712199899,-0.13933140310881217,-5.1188761631741695,0.007853981633974483
3.624523156345558,-1.3459662559712038,-0.017627825445142728,-0.008028514559173916,-0.02775073510670984,0.00034906585039886593,-0.009137041492788517,16.393691412387952,-0.14979400722205072,-5.1188761631741695,-0.008552113334772215
3.6420485886473233,-1.2497949499349963,-0.01780235837034216,-0.022514747350726852,-0.027925268031909273,-0.012042771838760876,-0.009267662453484841,16.438292438851956,-0.15234890738717471,-5.1188761631741695,-0.009773843811168246
3.6966489310802184,4.097504271529517,-0.01815142422074103,-0.03420845333908886,-0.027925268031909273,-0.012740903539558606,-0.009157990581585791,16.460920271910293,-0.1507531673332729,-5.119050696099369,0.0017453292519943296
3.245676255582784,-2.1653499055854453,-0.018500490071139894,-0.02600540585471551,-0.028099800957108706,-0.0066322511575784525,-0.009841722379109599,16.5092537987633,-0.16248473867104654,-5.119050696099369,-0.017278759594743863
3.6176935007938216,-1.2659020508477625,-0.018675022996339326,-0.01884955592153876,-0.028274333882308142,-0.007155849933176752,-0.008933191692951866,16.536973810834684,-0.14773188685685257,-5.119225229024568,-0.009250245035569947
3.5506857706581534,3.8382955137528407,-0.019024088846738195,-0.02530727415391778,-0.028274333882308142,0.006981317007977318,-0.008510728308067168,16.577197248562456,-0.14108742834641505,-5.119225229024568,-0.003665191429188092
3.3766416359883165,-0.2143946801634767,-0.019024088846738195,-0.020420352248333655,-0.028274333882308142,-0.013439035240356337,-0.00895255900728882,16.602929658350504,-0.14864267863476724,-5.119399761949767,-0.00942477796076938
3.270546740878116,3.8356202578566374,-0.019198621771937627,-0.017627825445142728,-0.028448866807507574,-0.013613568165555772,-0.009698289440899071,16.642709841520155,-0.16141087775354948,-5.119574294874966,-0.017976891295541596
3.5739615463279404,2.1118436217780636,-0.01937315469713706,-0.02408554367752175,-0.028623399732707007,-0.016929693744344994,-0.009343406832658555,16.67457894887154,-0.15580190870563485,-5.119748827800167,-0.012915436464758038
3.6935421743352155,1.4674502581512474,-0.019722220547535925,-0.01937315469713706,-0.02879793265790644,-0.012391837689159739,-0.00929453668707573,16.718961607543562,-0.15539947696158835,-5.119923360725366,-0.018500490071139894
3.7970552210816915,-2.6731751899057508,-0.019896753472735357,0.0024434609527920616,-0.02879793265790644,-0.0153588974175501,-0.009115564141393286,16.750016618878377,-0.15269008006709614,-5.119923360725366,-0.024260076602721184
3.974785568902313,-5.568262203894213,-0.019896753472735357,-0.0012217304763960308,-0.028972465583105872,0.00942477796076938,-0.009677360264321274,16.78930101851089,-0.16248118676548076,-5.120272426575765,-0.028274333882308142
3.9935222203115512,1.7454554543260716,-0.020071286397934793,-0.005585053606381855,-0.028972465583105872,0.003490658503988659,-0.009497442862382889,16.820947588834354,-0.1597607921951322,-5.120272426575765,-0.015707963267948967
3.8530766808814287,1.1225359297839104,-0.020071286397934793,0.003141592653589793,-0.028972465583105872,0.007504915783575617,-0.00927118195382497,16.86524463831076,-0.1563652318780729,-5.120621492426163,-0.02199114857512855
3.832882153492574,1.4007688258492863,-0.020071286397934793,-0.003839724354387525,-0.02879793265790644,0.007853981633974483,-0.009458470765803494,16.900940817251662,-0.1598618218847471,-5.120796025351363,-0.022514747350726852
4.012284265168068,3.1221002250045866,-0.020071286397934793,0.008377580409572781,-0.028623399732707007,0.016580627893946133,-0.008626097100507017,16.950815758480505,-0.14622300947961822,-5.120970558276563,-0.0153588974175501
4.2046572524346955,-2.9777305580060376,-0.020071286397934793,0.011344640137963142,-0.028448866807507574,0.01815142422074103,-0.00965404682608563,16.972166522194815,-0.1638551808451758,-5.121319624126961,-0.039095375244672985
4.0864865207245495,-0.4975900732865537,-0.020071286397934793,0.0015707963267948964,-0.028448866807507574,0.006457718232379019,-0.009184529595741267,17.026041188170268,-0.15638057640739925,-5.12166868997736,-0.025830872929516076
3.877443112520091,-6.3621673858578545,-0.020071286397934793,0.014835298641951801,-0.028274333882308142,-0.005235987755982988,-0.008830963362039927,17.057563106235108,-0.15063863075430142,-5.121843222902559,-0.04084070449666731
3.798258046750197,-7.866282014093645,-0.020071286397934793,-0.009075712110370514,-0.028274333882308142,0.006283185307179586,-0.009906582251867227,17.10105902034881,-0.1694185900831964,-5.1221922887529585,-0.040491638646268445
4.525961517659857,2.896308274513071,-0.020071286397934793,-0.015009831567151233,-0.028274333882308142,0.017453292519943295,-0.009139232595936641,17.141979506134174,-0.1566688998388095,-5.122541354603357,-0.02495820830351891
4.2395922276685996,1.3164107255052184,-0.020245819323134222,-0.012566370614359171,-0.028099800957108706,0.017453292519943295,-0.008905629368238547,17.18642816731553,-0.15306000585167837,-5.122890420453756,-0.030368728984701335
3.8188865089171298,2.2351603946053538,-0.020245819323134222,0.007330382858376184,-0.027925268031909273,0.013264502315156905,-0.009437895960977234,17.225957565472683,-0.1625816226184626,-5.123239486304155,-0.030368728984701335
4.193896845651959,-1.5320515003663562,-0.020420352248333655,-0.016755160819145562,-0.02775073510670984,0.00471238898038469,-0.00972949884078562,17.274605910493097,-0.1680785618298826,-5.123588552154554,-0.0439822971502571
4.026455917102712,-3.0309835221779426,-0.020420352248333655,-0.010297442586766544,-0.02775073510670984,0.020071286397934793,-0.009199677489928433,17.30574393532408,-0.15921175453298542,-5.123937618004953,-0.044156830075456545
4.040484313337206,-4.097981584213634,-0.020594885173533087,-0.016755160819145562,-0.02757620218151041,0.005934119456780721,-0.010074042602509487,17.349472300854785,-0.17478523590083794,-5.124461216780551,-0.05096361415823442
3.790066568107461,6.321336557242094,-0.020943951023931952,-0.026878070480712675,-0.02775073510670984,0.019198621771937627,-0.010067127865035112,17.385329144338975,-0.1750262443103612,-5.12481028263095,-0.032114058236695664
3.840322579228696,-1.3696366395470096,-0.02129301687433082,-0.0291469985083053,-0.02757620218151041,-0.003490658503988659,-0.009649200494850541,17.429748511473942,-0.16818835783618147,-5.125333881406549,-0.05096361415823442
4.18657560917233,-3.0314954502994254,-0.021467549799530253,-0.03298672286269283,-0.027401669256310976,-0.00767944870877505,-0.008595333751650076,17.45721583259226,-0.15005429179905796,-5.125682947256947,-0.046949356878647465
3.616137965066044,-8.034733646704549,-0.02199114857512855,-0.041887902047863905,-0.027401669256310976,0.010821041362364843,-0.01049622988175541,17.508915935154995,-0.18378435591101824,-5.126206546032545,-0.0619591884457987
3.7863648660503344,1.6452942164177573,-0.02234021442552742,-0.04590215932745086,-0.027401669256310976,0.009075712110370514,-0.00944302340701246,17.53609429342539,-0.16559867109230172,-5.126555611882944,-0.04241150082346221
3.6904060793260087,5.888937608149554,-0.022863813201125717,-0.055326937288220246,-0.027227136331111543,-0.0033161255787892262,-0.008846323476912756,17.581361322676507,-0.15553446668906265,-5.127253743583742,-0.04084070449666731
3.716463433139962,-2.037092882435718,-0.023387411976724018,-0.0471238898038469,-0.027227136331111543,0.010821041362364843,-0.008314545591930402,17.612714417091926,-0.14644509169861994,-5.1276028094341415,-0.04485496177625427
3.496396357516399,-4.582133807873345,-0.023911010752322315,-0.054279739737023644,-0.027227136331111543,0.0013962634015954637,-0.010423409393393547,17.6551232865165,-0.1840332428694781,-5.128126408209739,-0.06161012259539984
4.111787154893169,6.314789091691725,-0.024260076602721184,-0.038571776469074684,-0.027227136331111543,0.006806784082777886,-0.009888019823255748,17.68653531807202,-0.17489051171990008,-5.128475474060139,-0.032114058236695664
3.446573679928379,3.609704807721081,-0.024783675378319478,-0.03892084231947355,-0.027052603405912107,-0.005759586531581287,-0.009459417683989235,17.731092144715973,-0.1677308095035492,-5.128999072835736,-0.04782202150464463
3.5136046899350237,0.6954668267419225,-0.025132741228718343,-0.05393067388662478,-0.027052603405912107,-0.007330382858376184,-0.009495457073583178,17.758180926857918,-0.16862711274145134,-5.129522671611335,-0.047472955654245766
3.370332510339319,1.959347986296258,-0.025656340004316644,-0.040317105721069016,-0.027227136331111543,-0.01064650843716541,-0.009065095653138155,17.802229261128378,-0.16138333172546962,-5.130046270386933,-0.04485496177625427
3.9128252135917387,-0.003565971234797932,-0.02600540585471551,-0.039269908169872414,-0.027227136331111543,-0.009773843811168246,-0.008529987718481045,17.834137674574464,-0.15212866501395383,-5.130395336237331,-0.04241150082346221
3.5265192761799464,-3.316139800717467,-0.02652900463031381,-0.03508111796508603,-0.027401669256310976,-0.009599310885968814,-0.009349035577718047,17.877673863350974,-0.16714387873085237,-5.1309189350129305,-0.052185344634630454
3.441154828141688,-3.857928971418443,-0.026703537555513242,-0.025830872929516076,-0.027401669256310976,-0.01064650843716541,-0.008812770170218722,17.909395001392042,-0.15783546814898958,-5.1312680008633285,-0.04991641660703782
3.5620769059585355,-6.902418468004565,-0.026878070480712675,-0.004886921905584123,-0.02757620218151041,-0.004537856055185257,-0.009855549469475424,17.943147120810163,-0.17684529989499337,-5.131791599638928,-0.054105206811824215
3.56766077097719,-6.953874315648838,-0.027052603405912107,-0.013613568165555772,-0.02757620218151041,-0.00767944870877505,-0.008074391356794771,17.975848125032716,-0.14514718707431865,-5.1321406654893265,-0.05567600313861911
3.4826437489417152,-0.5689210135694317,-0.027227136331111543,-0.004363323129985824,-0.02757620218151041,-0.0029670597283903604,-0.009209575270329498,18.023653589164166,-0.16599488742505367,-5.132838797190124,-0.05061454830783556
3.6466332909460273,4.607468290693409,-0.027227136331111543,0.0029670597283903604,-0.02757620218151041,0.02234021442552742,-0.009637030928961223,18.041545901765467,-0.17387231853939852,-5.133187863040523,-0.04293509959906051
3.4431683588064477,-10.684444345389831,-0.027227136331111543,0.00034906585039886593,-0.027401669256310976,0.004886921905584123,-0.010758569470678384,18.089475788878964,-0.19462439107201554,-5.133885994741321,-0.07086036763096978
3.776715058715047,-3.766800422776966,-0.027052603405912107,0.0301941960595019,-0.027227136331111543,0.020071286397934793,-0.008482370392825272,18.117632728174826,-0.15368415734872637,-5.1342350605917195,-0.047647488579445195
3.7155039355895085,7.790410701134719,-0.026703537555513242,0.02199114857512855,-0.027052603405912107,0.0153588974175501,-0.007865944686838482,18.16280533296023,-0.14287056873335457,-5.134933192292516,-0.03892084231947355
3.682970551405201,-5.441555276923771,-0.02652900463031381,0.04084070449666731,-0.026878070480712675,0.008552113334772215,-0.00905603832853835,18.19703068661518,-0.164797512503412,-5.135282258142916,-0.06318091892219473
3.886729364959991,1.6611968454799915,-0.02600540585471551,0.03612831551628262,-0.026703537555513242,0.02181661564992912,-0.009162747899992012,18.237270734927627,-0.16710819072980304,-5.135980389843713,-0.04974188368183839
4.01781973085055,-2.8833703621763513,-0.025830872929516076,0.038397243543875255,-0.026703537555513242,-0.003839724354387525,-0.00894385770879545,18.27349783940186,-0.1634399225351086,-5.136503988619312,-0.06091199089460211
3.8467515537437693,-5.191050127723659,-0.02530727415391778,0.04468042885105484,-0.026878070480712675,-0.016755160819145562,-0.009540560620599103,18.31708867099626,-0.1747605972610314,-5.137202120320111,-0.06318091892219473
4.033118726787328,-5.24371955147817,-0.02495820830351891,0.052534410485029326,-0.026878070480712675,-0.011693705988362009,-0.008997971720165891,18.348219283823205,-0.16510121397906896,-5.1375511861705085,-0.07120943348136864
4.216782251580824,-5.903601618133326,-0.024434609527920616,0.045029494701453704,-0.027052603405912107,-0.010122909661567111,-0.009904610979918719,18.39676325640528,-0.18221874201628632,-5.138423850796506,-0.0747000919853573
4.011418814482568,-0.8297287684642919,-0.02408554367752175,0.03874630939427412,-0.027052603405912107,0.0027925268031909274,-0.00967702259386593,18.432797676902634,-0.17838016774534754,-5.138947449572104,-0.07120943348136864
3.662936195671165,-3.9759156214380065,-0.023736477827122883,0.03560471674068432,-0.027052603405912107,-0.0006981317007977319,-0.008870730540530258,18.47727000334767,-0.16391118272956592,-5.139820114198101,-0.07016223593017205
3.8974702199526754,-3.0374486516360806,-0.023387411976724018,0.038571776469074684,-0.027052603405912107,0.019198621771937627,-0.008641510164108164,18.512594607144486,-0.159980756706365,-5.140343712973699,-0.07400196028455958
4.267417429356843,-1.689268429456594,-0.02303834612632515,0.031415926535897934,-0.026878070480712675,0.006108652381980154,-0.009038193227546561,18.556990727162393,-0.16772623506469558,-5.141216377599696,-0.0762708883121522
3.4514350935584996,-2.2552773502015317,-0.022689280275926284,0.004537856055185257,-0.026703537555513242,0.013264502315156905,-0.00863003594881165,18.592594613733347,-0.16045874344109645,-5.141914509300494,-0.07679448708775051
3.993874740003273,2.339979827193715,-0.022689280275926284,0.016580627893946133,-0.02652900463031381,0.014835298641951801,-0.00830410763210917,18.641583915614017,-0.15480527764922897,-5.142787173926492,-0.0715584993317675
3.971226963859985,0.8876403686843812,-0.022689280275926284,-0.006981317007977318,-0.02652900463031381,0.011344640137963142,-0.008833208105291656,18.66375669534334,-0.16486513483725795,-5.143485305627289,-0.07435102613495843
4.030830541846647,-0.12742142816054325,-0.022863813201125717,-0.012391837689159739,-0.026354471705114377,0.007853981633974483,-0.008809413918295228,18.716691866903453,-0.1648873512622935,-5.144532503178485,-0.08918632477691024
4.161121124375171,1.040438080344329,-0.022863813201125717,-0.0010471975511965976,-0.026354471705114377,-0.005061454830783556,-0.008620915161977154,18.74288280609259,-0.1615848055858884,-5.145230634879284,-0.07958701389094143
3.955960555403829,-4.58401972807892,-0.02303834612632515,-0.017976891295541596,-0.026354471705114377,-0.0024434609527920616,-0.00876278412366309,18.79627275710248,-0.1647118963986234,-5.146103299505281,-0.09058258817850572
3.610830650091631,-7.170595586188036,-0.023387411976724018,-0.019722220547535925,-0.026354471705114377,0.009075712110370514,-0.008089730129605796,18.818596768215865,-0.15224069035362045,-5.146801431206078,-0.09704030641088474
3.6537212000618458,-3.409878229204028,-0.023736477827122883,-0.024609142453120045,-0.026354471705114377,0.006283185307179586,-0.008103079173131123,18.862699893633025,-0.1528492960278584,-5.148023161682474,-0.09128071987930345
3.59721250314876,3.1082698123788255,-0.023911010752322315,-0.03665191429188092,-0.026179938779914945,-0.009773843811168246,-0.008384513458062513,18.89329081492126,-0.15841476331162907,-5.1487212933832724,-0.079412480965742
3.725417792461949,1.2524773127368483,-0.024434609527920616,-0.03612831551628262,-0.026179938779914945,0.007330382858376184,-0.00856205862099294,18.938071732799802,-0.16215284277685876,-5.149768490934469,-0.0958185759344887
3.364417903716887,-3.9508130631000733,-0.024783675378319478,-0.03438298626428829,-0.026179938779914945,0.013962634015954637,-0.007657457430130128,18.96919710801329,-0.14525865851003872,-5.150466622635267,-0.09546951008408983
3.395132418196315,-3.923446044605254,-0.025132741228718343,-0.038397243543875255,-0.02600540585471551,0.013264502315156905,-0.008529688933063615,19.008796649535157,-0.16214305470285106,-5.151513820186463,-0.09546951008408983
3.4796413929254264,3.638217501342793,-0.02530727415391778,-0.02548180707911721,-0.02600540585471551,0.0015707963267948964,-0.008797237081839344,19.039442445868858,-0.16749881011267378,-5.152211951887261,-0.08499753457212385
3.5742536595997287,-3.2039475042799825,-0.025830872929516076,-0.026354471705114377,-0.02600540585471551,0.008377580409572781,-0.008012386040376834,19.075301398348817,-0.1528419493867471,-5.153259149438457,-0.09093165402890457
3.5179607678749187,-2.0786639982396085,-0.02600540585471551,-0.013089969389957472,-0.02600540585471551,-0.0015707963267948964,-0.007803147328052637,19.101690857526794,-0.14905633329088133,-5.153957281139255,-0.0895353906273091
3.513670324111935,-8.838861859662137,-0.026354471705114377,-0.018500490071139894,-0.02600540585471551,-0.0010471975511965976,-0.008654391362939955,19.141687490190016,-0.16566379089710273,-5.155004478690452,-0.09965830028887622
3.4386242418203277,-0.26350699632958874,-0.026354471705114377,-0.013264502315156905,-0.025830872929516076,-0.008028514559173916,-0.007970548570325899,19.16414673487688,-0.1527519971329144,-5.15570261039125,-0.08726646259971647
3.6302138227125607,-0.8130501135382894,-0.02652900463031381,0.006108652381980154,-0.02600540585471551,-0.0017453292519943296,-0.007420487096555695,19.212687471805037,-0.1425701162936108,-5.156749807942446,-0.08063421144213803
3.8074059823456707,-3.450275764516679,-0.026703537555513242,0.013439035240356337,-0.025830872929516076,0.004886921905584123,-0.008365403645292075,19.239743187652753,-0.1609519722858242,-5.1574479396432436,-0.09616764178488756
3.3823828334771178,-5.079803300286005,-0.02652900463031381,0.009773843811168246,-0.025830872929516076,-0.005934119456780721,-0.008035222486116197,19.279701430854665,-0.1549200246039835,-5.15849513719444,-0.0879645943005142
3.418907916590925,-2.1867701988642114,-0.02652900463031381,0.013089969389957472,-0.025830872929516076,-0.0012217304763960308,-0.00729525177182713,19.31141061532044,-0.14088410183353045,-5.159018735970039,-0.08028514559173917
3.6897959222724914,-3.6749989703598667,-0.026354471705114377,0.02879793265790644,-0.025830872929516076,0.003141592653589793,-0.008580711573704972,19.355341856225973,-0.16608668214265326,-5.160065933521236,-0.0942477796076938
3.8111166391022295,-5.274194654562743,-0.026179938779914945,0.027925268031909273,-0.025830872929516076,0.009075712110370514,-0.0076633545721197655,19.387670250085304,-0.1485774999689057,-5.160764065222033,-0.0926769832808989
3.5840219385695957,-6.968198702164638,-0.02600540585471551,0.017453292519943295,-0.025830872929516076,-0.022514747350726852,-0.008011359012231063,19.423262328153914,-0.1556100568288085,-5.16181126277323,-0.08621926504851989
3.750015378548749,-3.0890060156180277,-0.025656340004316644,0.0307177948351002,-0.025830872929516076,-0.012740903539558606,-0.008417407302891308,19.453751477528858,-0.16375401724776614,-5.162334861548828,-0.09232791743050003
3.7963882678956793,-3.1951629926114635,-0.02530727415391778,0.04206243497306335,-0.02600540585471551,-0.014660765716752368,-0.008069152489164746,19.49386423811879,-0.15730237720527102,-5.163382059100025,-0.08726646259971647
3.4960268623784714,-4.0875513348499295,-0.025132741228718343,0.023911010752322315,-0.02600540585471551,-0.016580627893946133,-0.007608033049564319,19.530253510840087,-0.1485896810854764,-5.1640801908008225,-0.08552113334772216
3.7828184065275448,-2.9356428828758627,-0.02495820830351891,0.02949606435870417,-0.026179938779914945,-0.003665191429188092,-0.00793992045582654,19.565937478197405,-0.15535525188699023,-5.165127388352019,-0.08866272600131195
3.325581378048077,-3.712321941161105,-0.024609142453120045,0.02076941809873252,-0.026179938779914945,-0.01117010721276371,-0.007475362712676647,19.601402128023416,-0.14653032001677527,-5.165825520052817,-0.09005898940290741
3.3841897525670914,-4.12903276244732,-0.024434609527920616,0.011868238913561441,-0.026354471705114377,-0.005585053606381855,-0.0077464811301448215,19.64706704020077,-0.1521986784796904,-5.166698184678815,-0.08482300164692443
3.1570528926842467,-3.8988067671285567,-0.024260076602721184,0.023387411976724018,-0.026354471705114377,-0.014311699866353503,-0.006823841430057947,19.677593923871218,-0.13427886489139934,-5.1673963163796115,-0.08063421144213803
3.32358884936446,6.479894603841466,-0.023911010752322315,0.018675022996339326,-0.02652900463031381,-0.02111848394913139,-0.0064603525928399064,19.71847414026377,-0.1273900678010624,-5.168443513930808,-0.06998770300497262
3.428511555990547,-2.5517440642774463,-0.023736477827122883,0.015707963267948967,-0.026703537555513242,-0.0015707963267948964,-0.00802883910283844,19.740431037936006,-0.1584961503121117,-5.169141645631606,-0.0926769832808989
3.318186284840205,-1.1903799935627382,-0.02356194490192345,0.011519173063162575,-0.026703537555513242,-0.016057029118347832,-0.007657184823173997,19.78128205415477,-0.15147189313045514,-5.170188843182803,-0.08621926504851989
3.398173652548188,6.172934918841574,-0.023212879051524585,0.005235987755982988,-0.026703537555513242,-0.02495820830351891,-0.008309908911094182,19.816438574735155,-0.16467659007371588,-5.1708869748836,-0.07435102613495843
3.567705062744576,-0.9693356410841784,-0.02303834612632515,0.022514747350726852,-0.027052603405912107,-0.019547687622336492,-0.006980322995238489,19.856686785353357,-0.13860833861059693,-5.171759639509597,-0.08342673824532895
3.182539430148987,-1.4382263996681819,-0.022863813201125717,0.023212879051524585,-0.027227136331111543,-0.03298672286269283,-0.006728291990743291,19.88341103330179,-0.13378341399795649,-5.172457771210396,-0.0804596785169386
3.6502141833939237,2.8038723302146535,-0.022689280275926284,0.01710422666954443,-0.02757620218151041,-0.012740903539558606,-0.00679568225079447,19.92871563203864,-0.13543130390596161,-5.173504968761592,-0.0804596785169386
3.634001100277256,-4.164790658636605,-0.022514747350726852,0.017627825445142728,-0.02757620218151041,-0.01064650843716541,-0.007213449471779739,19.95095882176913,-0.14391772958105759,-5.174203100462389,-0.09128071987930345
3.6924681385701015,-2.2164559864078806,-0.02234021442552742,0.026179938779914945,-0.027925268031909273,-0.027052603405912107,-0.007272322008170844,19.995633668600984,-0.1454172503491114,-5.1752502980135855,-0.08691739674931762
3.6785612304377,7.5002352465481685,-0.02234021442552742,0.02303834612632515,-0.028099800957108706,-0.021467549799530253,-0.008128592665104241,20.023000419116784,-0.16276239914460508,-5.175948429714384,-0.0715584993317675
3.4131888852523398,1.9532025452826023,-0.02234021442552742,0.004014257279586958,-0.028448866807507574,-0.041189770347066175,-0.007063392675268991,20.067646639089563,-0.14174802562957264,-5.176995627265581,-0.08779006137531478
3.5768797567094235,-2.750880353754607,-0.02234021442552742,-0.0033161255787892262,-0.02879793265790644,-0.05480333851262195,-0.006799364111356768,20.095028352032674,-0.13663552021495554,-5.177693758966378,-0.09302604913129776
3.8046467473520122,-3.5808457243307044,-0.022514747350726852,-0.004363323129985824,-0.02949606435870417,-0.0486946861306418,-0.006843534631402553,20.13964261236615,-0.13782849337351885,-5.178740956517575,-0.09302604913129776
3.7229800867917127,-4.073685182230056,-0.022514747350726852,0.0027925268031909274,-0.029845130209103034,-0.03787364476827695,-0.006576076571059689,20.166590187817004,-0.13261895295039405,-5.1794390882183725,-0.0942477796076938
3.450536198998303,5.398363517590201,-0.022514747350726852,-0.003141592653589793,-0.030019663134302467,-0.017278759594743863,-0.005772339360914249,20.21573384514427,-0.11669337225753575,-5.1806608186947685,-0.08011061266653972
3.160132510499255,3.6947607654019614,-0.022514747350726852,-0.01710422666954443,-0.030368728984701335,-0.034732052114687155,-0.007272152023908781,20.238403023450743,-0.147179338003756,-5.181358950395566,-0.08779006137531478
3.206050166151035,-5.967193544394635,-0.022689280275926284,-0.01937315469713706,-0.0307177948351002,-0.016231562043547264,-0.006861328300222303,20.27880186572971,-0.13914170063904444,-5.182406147946763,-0.10157816246606999
3.494690198828861,0.9394254919378325,-0.022863813201125717,-0.013613568165555772,-0.030892327760299633,-0.01780235837034216,-0.006586118265979459,20.305485343998765,-0.13373626161982816,-5.183104279647561,-0.09058258817850572
3.3830917770881963,-1.3758741199028222,-0.02303834612632515,-0.0158824961931484,-0.031241393610698498,-0.02775073510670984,-0.006432752312546972,20.350686284200016,-0.1309127299977018,-5.184326010123957,-0.096342174710087
3.3597645295704326,-5.8118930804042455,-0.023212879051524585,-0.02652900463031381,-0.031415926535897934,-0.012740903539558606,-0.00638003031633764,20.36917052668084,-0.1299576887836665,-5.185024141824754,-0.10925761117484503
2.801921953518916,-1.484092849189169,-0.02356194490192345,-0.028623399732707007,-0.03159045946109736,-0.025830872929516076,-0.0057850995891332675,20.409552047902405,-0.11807260836316236,-5.186245872301151,-0.09389871375729493
3.357482424593125,-3.2529944178464643,-0.023736477827122883,-0.013089969389957472,-0.031939525311496235,-0.041887902047863905,-0.005937442642524359,20.440812924734896,-0.12136758051008245,-5.186944004001948,-0.10000736613927509
3.25192099191779,-6.680081077524604,-0.02408554367752175,-0.029321531433504737,-0.0322885911618951,-0.030892327760299633,-0.006428709750402454,20.482194093476732,-0.13167589486406003,-5.188165734478344,-0.10384709049366261
3.4256971742302746,2.950340202336885,-0.02408554367752175,-0.009599310885968814,-0.032637657012293965,-0.026878070480712675,-0.006626194850607891,20.504221616132064,-0.1358669561733017,-5.189038399104342,-0.09128071987930345
3.0589693521158936,-1.9040120506256952,-0.02408554367752175,0.005061454830783556,-0.03298672286269283,-0.03595378259108319,-0.0064494271956557145,20.54939407075161,-0.13253365856333382,-5.190260129580738,-0.10576695267085638
3.168607396767289,0.21867624271956185,-0.02408554367752175,0.0029670597283903604,-0.033161255787892266,-0.019722220547535925,-0.006385412647607788,20.567322224651868,-0.13133262442892324,-5.190958261281535,-0.09930923443847736
3.336220144857501,-0.8037862539194853,-0.02408554367752175,0.005585053606381855,-0.033335788713091695,-0.01832595714594046,-0.005772693595718829,20.60791610357027,-0.11896450677252499,-5.192179991757931,-0.10140362954087055
3.344923374192275,-6.78343301111486,-0.024260076602721184,0.005235987755982988,-0.033510321638291124,-0.024434609527920616,-0.00530452708178705,20.635638214734016,-0.10946332845526356,-5.193052656383928,-0.10402162341886204
3.442508395113912,-6.374727076159176,-0.02408554367752175,0.032637657012293965,-0.03385938748868999,-0.031241393610698498,-0.006423339062464408,20.671279604097535,-0.1327804638994679,-5.194274386860324,-0.11065387457644049
3.089492855612551,-5.925744675694333,-0.023911010752322315,0.010995574287564275,-0.034033920413889425,-0.027925268031909273,-0.005297035454511302,20.70338755763527,-0.1096676036291125,-5.195147051486321,-0.11030480872604163
3.334737691982627,-6.847782305080403,-0.023736477827122883,0.011693705988362009,-0.03438298626428829,-0.04345869837465881,-0.006404008027490292,20.740575009436213,-0.13282462463116768,-5.196368781962717,-0.11484266478122689
3.381665181795381,0.02093001575292861,-0.023736477827122883,0.017976891295541596,-0.034732052114687155,-0.05131268000863329,-0.005927102800358271,20.76792915467007,-0.12309509251966576,-5.197241446588715,-0.10018189906447451
3.294312120621392,7.725719063430435,-0.023736477827122883,0.015009831567151233,-0.035255650890285456,-0.05777039824101231,-0.004646879096951744,20.81276152267215,-0.09671508260912179,-5.198463177065111,-0.08761552845011535
3.702904091048811,0.3732580290215887,-0.023387411976724018,0.034732052114687155,-0.03560471674068432,-0.04328416544945937,-0.0058905516638508345,20.83613050901441,-0.12273772285037708,-5.199335841691108,-0.10227629416686772
3.1714637907939913,-6.946434756925194,-0.02303834612632515,0.028448866807507574,-0.03612831551628262,-0.029845130209103034,-0.005903591610783204,20.872586515003697,-0.12322465820675764,-5.200557572167504,-0.11065387457644049
3.4348294995409065,2.960555723271438,-0.022863813201125717,0.02600540585471551,-0.03630284844148206,-0.052534410485029326,-0.005840584651884332,20.90426788104922,-0.12209453446180774,-5.201430236793501,-0.09791297103688189
3.36556879216412,-0.5741829948140186,-0.022514747350726852,0.03368485456349056,-0.03682644721708035,-0.03612831551628262,-0.005671388302401864,20.94103285541837,-0.11876600213460653,-5.202826500195097,-0.10995574287564276
3.139213857162516,-1.8497217722605892,-0.02234021442552742,0.02076941809873252,-0.03700098014227979,-0.025656340004316644,-0.005602581011381401,20.972978085852766,-0.11750403821987268,-5.203699164821094,-0.11501719770642631
3.404707145661908,-6.913749255401824,-0.022165681500327987,0.027052603405912107,-0.03717551306747922,-0.013439035240356337,-0.0056004258734919455,21.00970333555329,-0.11766451633089087,-5.20492089529749,-0.11693705988362008
3.194555685841666,-8.146045411773036,-0.02199114857512855,0.0164060949687467,-0.03735004599267865,-0.0041887902047863905,-0.005108585965534983,21.036727353597858,-0.1074688650159645,-5.205793559923486,-0.1244419756671957
3.252450066296911,-3.058328981558662,-0.021642082724729686,0.031241393610698498,-0.03752457891787808,-0.021467549799530253,-0.00492537316964956,21.073583100746518,-0.1037961001344285,-5.207189823325082,-0.11100294042683936
3.2605218767269366,-8.317044414092432,-0.021467549799530253,0.025830872929516076,-0.03752457891787808,-0.004363323129985824,-0.004671399678075039,21.10603565246948,-0.09859544533587578,-5.208237020876279,-0.12583823906879116
3.4913856473497,-3.6359396356358804,-0.02129301687433082,0.02495820830351891,-0.03752457891787808,-0.010122909661567111,-0.00512315393427846,21.138423564422006,-0.10829634532429164,-5.209633284277874,-0.12007865253720987
3.3516737870812916,-3.3661378860429743,-0.02111848394913139,0.03752457891787808,-0.03769911184307752,-0.01780235837034216,-0.005037373797780358,21.17068467027134,-0.10664555428905897,-5.210505948903871,-0.11972958668681101
3.3274152607382677,-6.397906902987325,-0.020943951023931952,0.022514747350726852,-0.03787364476827695,-0.005235987755982988,-0.005304838251038386,21.203200406468525,-0.11248060367978305,-5.212076745230666,-0.1291543646475804
3.248698559125662,-0.2008042357004056,-0.02076941809873252,0.017627825445142728,-0.03787364476827695,-0.012391837689159739,-0.005212847755860899,21.234880481483096,-0.11069520173477333,-5.212949409856663,-0.11868238913561441
3.4356994914385117,-5.448929036602322,-0.020594885173533087,0.02548180707911721,-0.03804817769347639,-0.011868238913561441,-0.004831161030063848,21.27208065414303,-0.10276964663777037,-5.214520206183458,-0.12566370614359174
3.2056816523842335,-0.9721909273108903,-0.020420352248333655,0.02199114857512855,-0.03822271061867582,-0.031939525311496235,-0.00473362678188464,21.304005083085524,-0.10084596224979712,-5.215392870809455,-0.12164944886400476
3.4221089735469095,0.8961802393759788,-0.020245819323134222,0.02181661564992912,-0.038571776469074684,-0.039269908169872414,-0.003935462025345967,21.336211652153114,-0.08396828421862167,-5.216963667136251,-0.11571532940722405
3.206327846233092,-1.8489761560389761,-0.020071286397934793,0.020594885173533087,-0.03892084231947355,-0.03769911184307752,-0.004878572253522675,21.369098817136955,-0.10425151965167338,-5.217836331762247,-0.12636183784438945
3.190828859375327,1.021078381150513,-0.020071286397934793,0.006457718232379019,-0.03944444109507185,-0.04276056667386108,-0.0040740678889315185,21.401882928318347,-0.08719320641326155,-5.219407128089043,-0.1228711793404008
3.2533473181004036,-6.527287469510352,-0.020071286397934793,0.01117010721276371,-0.03961897402027128,-0.039269908169872414,-0.004197819864827115,21.438486907714715,-0.0899954348375951,-5.220454325640239,-0.13718287920675432
3.3055257626806815,-0.8702029181039522,-0.019896753472735357,0.013788101090755204,-0.039968039870670144,-0.025830872929516076,-0.0037937900132046947,21.475437899173457,-0.08147369271080375,-5.222025121967034,-0.12496557444279399
3.1911402772811486,2.9932299448640465,-0.019896753472735357,0.00942477796076938,-0.040317105721069016,-0.03560471674068432,-0.004367268163048416,21.495456405868843,-0.09387701925207767,-5.223072319518231,-0.12496557444279399
3.321477028275624,-4.5339487661197735,-0.019896753472735357,0.013613568165555772,-0.040491638646268445,-0.007853981633974483,-0.0043592661573573915,21.5369121576995,-0.09388572701358577,-5.2246431158450255,-0.13805554383275148
3.37307755703086,-0.983254927455506,-0.019896753472735357,0.00820304748437335,-0.040491638646268445,-0.007853981633974483,-0.0042925396474046305,21.560834870199507,-0.0925513069591121,-5.225690313396223,-0.1329940890019679
3.060640235659707,-6.035006048921941,-0.019896753472735357,0.0066322511575784525,-0.04066617157146788,-0.013962634015954637,-0.004274752293138252,21.60277464043969,-0.09234707293468677,-5.227261109723017,-0.13910274138394807
3.30862705456027,-0.8395315067141962,-0.019896753472735357,0.0013962634015954637,-0.04084070449666731,-0.01064650843716541,-0.003169981297225178,21.625384154922482,-0.06855229293890379,-5.228308307274213,-0.12217304763960307
3.0735053810421697,2.5689568062026487,-0.019896753472735357,-0.0024434609527920616,-0.041015237421866746,-0.026354471705114377,-0.003144649859558497,21.667374139951256,-0.0681365296430351,-5.229879103601009,-0.1254891732183923
3.4686132176167064,0.23158704288595916,-0.019896753472735357,0.015184364492350668,-0.041015237421866746,-0.018500490071139894,-0.0040968611567333835,21.692010251948393,-0.0888696514173404,-5.230926301152205,-0.130201562198777
3.364291231840517,-6.33588887654369,-0.019896753472735357,0.005759586531581287,-0.041189770347066175,-0.021642082724729686,-0.0036613818530952936,21.729548911181094,-0.079560531581655,-5.232497097479,-0.13805554383275148
3.026223309852014,-11.479332982031359,-0.019896753472735357,-0.005759586531581287,-0.04153883619746504,-0.023387411976724018,-0.002552229886145892,21.75193959236738,-0.05551607085095873,-5.233544295030197,-0.14538592669112765
3.1865164086667326,-0.11185415492458366,-0.020071286397934793,-0.004014257279586958,-0.041713369122664476,-0.03769911184307752,-0.002905796845921275,21.799402604995148,-0.06334481361992057,-5.235115091356992,-0.12461650859239513
3.285143728520196,0.7812943541571398,-0.019896753472735357,-0.010471975511965976,-0.041887902047863905,-0.03385938748868999,-0.00344418267268012,21.819330911912513,-0.07515005860972633,-5.236162288908188,-0.12601277199399058
3.1526700924864284,1.3085250903878596,-0.019896753472735357,0.014660765716752368,-0.04223696789826278,-0.031415926535897934,-0.0027637797013138473,21.86522892568561,-0.06043082973599456,-5.237733085234983,-0.1239183768915974
3.31804153407546,-5.837481550889601,-0.019896753472735357,0.005585053606381855,-0.04241150082346221,-0.03438298626428829,-0.0030642758311981246,21.89421638804571,-0.0670901281083653,-5.23878028278618,-0.13892820845874862
3.4159976338393063,-3.774045412209356,-0.019896753472735357,0.013089969389957472,-0.04276056667386108,-0.014835298641951801,-0.0032308729159532257,21.92791614563715,-0.07084655688993863,-5.240351079112974,-0.130201562198777
3.235612836246301,-4.491068397278201,-0.019896753472735357,0.016231562043547264,-0.04293509959906051,-0.028274333882308142,-0.003131028305387841,21.951747016518826,-0.06873176586183005,-5.241398276664171,-0.13473941825396224
3.233601485973923,-7.058409165858622,-0.019896753472735357,-0.009948376736367679,-0.04345869837465881,-0.047472955654245766,-0.003057438209290099,21.994968279415826,-0.0672484659743553,-5.242969072990967,-0.1356120828799594
3.372815020776304,-1.7797968288050567,-0.019896753472735357,0.012391837689159739,-0.04380776422505767,-0.02757620218151041,-0.002952114222657834,22.018650891528605,-0.06500176129037709,-5.244016270542162,-0.13072516097437528
3.1081524296146887,-5.644841801835275,-0.019896753472735357,0.016057029118347832,-0.044156830075456545,-0.034557519189487726,-0.00308447243142143,22.066051793941494,-0.06806234427657144,-5.245761599794157,-0.13805554383275148
3.166188860754097,-2.8947285201382367,-0.019722220547535925,0.0066322511575784525,-0.044331363000655974,-0.026179938779914945,-0.0021379755025814112,22.0886751830446,-0.04722511838023164,-5.2466342644201545,-0.12618730491919003
3.292116020618073,-1.2130276386777177,-0.019722220547535925,0.005585053606381855,-0.04468042885105484,-0.0153588974175501,-0.0026666597788779136,22.127945567568275,-0.0590078423040189,-5.248205060746948,-0.13351768777756623
3.249462464540981,-3.1227627454276736,-0.019722220547535925,0.00890117918517108,-0.04468042885105484,-0.020943951023931952,-0.0023757973842596296,22.152330964367003,-0.05262954898140784,-5.249426791223344,-0.13386675362796507
2.976923018851921,1.2730821165388384,-0.019722220547535925,-0.003665191429188092,-0.045029494701453704,-0.02356194490192345,-0.0022747898576793756,22.195193532116477,-0.05048948822491426,-5.25099758755014,-0.13194689145077132
3.032180663473527,-0.5256466851220851,-0.019896753472735357,0.003490658503988659,-0.04520402762665313,-0.02408554367752175,-0.002385326858620509,22.210576630706917,-0.0529795854635155,-5.2520447851013365,-0.1275835683207855
3.186759891214192,-5.084582614754585,-0.019896753472735357,-0.0019198621771937625,-0.04520402762665313,-0.0041887902047863905,-0.002717951372280122,22.24991859066292,-0.060474345679918086,-5.253790114353331,-0.14189526818713902
3.4123351431591686,-5.237898766940437,-0.019896753472735357,-0.0054105206811824215,-0.04537856055185257,0.003665191429188092,-0.0021485110658319433,22.277409895172863,-0.04786333532518647,-5.254662778979328,-0.13753194505715316
3.287643974059202,-10.4690365409169,-0.019896753472735357,0.010122909661567111,-0.045553093477052,-0.023736477827122883,-0.0028533754541485807,22.32223751027608,-0.06369389745355165,-5.256408108231323,-0.14538592669112765
3.019194747986627,-3.9457315696821533,-0.019896753472735357,-0.0012217304763960308,-0.045727626402251434,-0.04345869837465881,-0.0023378601541839384,22.34140759252789,-0.05223118175706479,-5.2574553057825195,-0.1403244718603441
2.9413038213763074,-10.266039867223949,-0.020071286397934793,0.005061454830783556,-0.0460766922526503,-0.02408554367752175,-0.0028234103424316344,22.380713520797133,-0.06319010593542498,-5.259026102109313,-0.14329153158873448
3.342786869677252,-0.065386191465832,-0.020071286397934793,-0.010995574287564275,-0.046251225177849735,0.009948376736367679,-0.002684808564501076,22.405121917672982,-0.06015360774634751,-5.26007329966051,-0.13386675362796507
3.3178163331641852,2.3886293943209687,-0.020245819323134222,-0.00767944870877505,-0.046251225177849735,-0.01815142422074103,-0.0015538696392399017,22.446760550374965,-0.03487936779072418,-5.261644095987306,-0.12356931104119853
3.3558540308840987,2.468482898768751,-0.020245819323134222,0.015533430342749533,-0.04642575810304917,-0.018675022996339326,-0.002606439498694038,22.477963148302166,-0.05858758367209164,-5.262865826463702,-0.12566370614359174
2.929105921197756,-7.852278835006214,-0.020245819323134222,-0.004363323129985824,-0.0466002910282486,-0.03298672286269283,-0.0026918459554709636,22.512958868506818,-0.06060156364962158,-5.264436622790496,-0.14381513036433277
3.2658544585395393,-5.4064207407876825,-0.020420352248333655,0.011868238913561441,-0.046774823953448036,-0.007504915783575617,-0.0021652166204031062,22.532154513179698,-0.048787071686033044,-5.265483820341693,-0.14433872913993104
2.9780253456246064,-0.8196930743538119,-0.020420352248333655,0.008377580409572781,-0.046774823953448036,-0.017976891295541596,-0.0014585131209086766,22.56965681392833,-0.03291816393936058,-5.267229149593687,-0.12426744274199626
2.949254303923495,-5.397680784957566,-0.020420352248333655,0.005235987755982988,-0.046949356878647465,-0.0006981317007977319,-0.0020559382830573616,22.604550820235783,-0.046473626882172665,-5.268276347144885,-0.14067353771074298
3.008272516392646,0.6874042477074619,-0.020420352248333655,0.007155849933176752,-0.046949356878647465,-0.015533430342749533,-0.0017501536479125636,22.634441188941338,-0.0396137902614752,-5.2698471434716785,-0.1275835683207855
3.0038302955813796,-2.96721732099408,-0.020245819323134222,0.009773843811168246,-0.0471238898038469,-0.01815142422074103,-0.0021994095838114114,22.655533589115887,-0.049828878049735445,-5.270894341022875,-0.13788101090755203
2.778918601677905,-3.7580632869369386,-0.020245819323134222,0.010471975511965976,-0.04729842272904633,-0.02775073510670984,-0.002025214394894207,22.69928425190104,-0.045970980070652166,-5.272465137349671,-0.13072516097437528
3.261935592296606,-1.5243644044018083,-0.020420352248333655,0.012217304763960308,-0.047472955654245766,0.00942477796076938,-0.0018603609073072369,22.72387615688694,-0.042274659634833026,-5.273512334900867,-0.12723450247038662
3.0714252080114597,-0.18617872570038355,-0.020245819323134222,0.013089969389957472,-0.04729842272904633,0.017453292519943295,-0.0019126637662197313,22.759110794558374,-0.043530579650533675,-5.275083131227662,-0.12880529879718153
3.2205340704548178,-7.328780821854538,-0.020071286397934793,0.0301941960595019,-0.04729842272904633,-0.00820304748437335,-0.001137123155464139,22.787002673922615,-0.025911639552482102,-5.276130328778859,-0.13473941825396224
2.798108180992698,-5.405271211794319,-0.019896753472735357,0.016929693744344994,-0.047472955654245766,-0.0054105206811824215,-0.002156572307917661,22.82417650035406,-0.049222063299103835,-5.2777011251056525,-0.13578661580515886
2.92349473327381,-0.1214277447047496,-0.019896753472735357,0.017453292519943295,-0.047472955654245766,0.0017453292519943296,-0.0022168017687410955,22.840309237105586,-0.05063252085505124,-5.27874832265685,-0.13107422682477415
3.046035875676591,-7.603727729867657,-0.019722220547535925,0.00942477796076938,-0.04729842272904633,0.018500490071139894,-0.0020163156509695264,22.88437601041735,-0.04614218804329122,-5.280319118983645,-0.13945180723434694
3.1428523752245714,-4.408471736107226,-0.019547687622336492,0.03717551306747922,-0.0471238898038469,0.010995574287564275,-0.001835981151695304,22.90867350048608,-0.04205994001616894,-5.281366316534841,-0.13421581947836395
3.139301201108373,-1.5888663016728226,-0.019198621771937627,0.019198621771937627,-0.046949356878647465,0.007330382858376184,-0.0016271354521282472,22.952876429030468,-0.03734747192601277,-5.282937112861636,-0.12775810124598494
3.023639055847862,-8.964773124447886,-0.019024088846738195,0.0301941960595019,-0.046949356878647465,-0.009948376736367679,-0.0010760517053971185,22.971628246366453,-0.024718669290729498,-5.283984310412833,-0.13456488532876282
2.9243159279555484,-2.995852962884245,-0.01884955592153876,0.019198621771937627,-0.046949356878647465,-0.0033161255787892262,-0.001460793267986068,23.012833702541126,-0.03361701646193237,-5.285555106739628,-0.12304571226560022
2.9746967677030325,-3.5525412404912275,-0.018675022996339326,0.012217304763960308,-0.046949356878647465,0.00820304748437335,-0.0016814592088214093,23.029214143978535,-0.038722720687968025,-5.2864277713656245,-0.1265363707695889
3.3080181639641038,-5.263592047471498,-0.018500490071139894,0.016755160819145562,-0.046774823953448036,0.013613568165555772,-0.002055905873397101,23.070545127497205,-0.047430936056333084,-5.28799856769242,-0.1350884841043611
3.197689300018308,-8.058791253127795,-0.01832595714594046,0.03612831551628262,-0.046774823953448036,0.01937315469713706,-0.000662052168147306,23.101063613245422,-0.015294111486194372,-5.289045765243617,-0.12880529879718153
3.184949392155618,-3.05236924145606,-0.01815142422074103,0.026878070480712675,-0.0466002910282486,0.0020943951023931952,-0.001862759441777484,23.130826269646708,-0.043087214865628,-5.2906165615704115,-0.13159782560037245
3.155401173896611,-4.6424080675293515,-0.017976891295541596,0.028972465583105872,-0.04642575810304917,0.021642082724729686,-0.0010643774609675918,23.158790716033074,-0.02464970416995668,-5.291663759121608,-0.12304571226560022
3.101010510146457,-1.5907606467468414,-0.017627825445142728,0.028972465583105872,-0.0460766922526503,0.017453292519943295,-0.002016920892971105,23.196990471632223,-0.04678655817840716,-5.293234555448403,-0.12897983172238095
3.144310136927314,-5.883485133769219,-0.017453292519943295,0.03944444109507185,-0.04590215932745086,0.013089969389957472,-0.001451700636287436,23.216441178381935,-0.033703346106857664,-5.2942817529996,-0.13316862192716733
3.534140004844776,-12.144278035617177,-0.017278759594743863,0.041887902047863905,-0.045727626402251434,0.021642082724729686,-0.0023930139121198343,23.254575995890185,-0.05564863010290288,-5.295852549326394,-0.14189526818713902
3.1943848730579836,8.85363105988232,-0.01710422666954443,0.02234021442552742,-0.045553093477052,0.005759586531581287,-0.0021818692287633814,23.279928521147614,-0.050793840290390434,-5.296899746877591,-0.1059414855960558
3.1384171030586594,3.419704607046261,-0.016929693744344994,0.012740903539558606,-0.04537856055185257,0.016231562043547264,-0.0017390748935147244,23.318824508049453,-0.040553223131038624,-5.298296010279186,-0.12339477811599911
3.0909728506874856,-1.4121178449528082,-0.016929693744344994,0.009075712110370514,-0.04537856055185257,-0.0010471975511965976,-0.001523766677334343,23.343961039224336,-0.03557077747874523,-5.299343207830383,-0.12426744274199626
3.191460391232512,-3.0109243864992443,-0.016755160819145562,0.02181661564992912,-0.04537856055185257,0.00034906585039886593,-0.0014308579443330822,23.387934335668117,-0.03346483448386032,-5.300739471231978,-0.12147491593880534
3.3260906536392985,-6.01900942164269,-0.016755160819145562,0.02356194490192345,-0.04537856055185257,-0.0019198621771937625,-0.0014487334690298545,23.404797567073274,-0.033907337293188025,-5.3017866687831745,-0.12985249634837812
3.251059664874375,-4.497684347366423,-0.016580627893946133,0.005061454830783556,-0.04537856055185257,-0.0054105206811824215,-0.0017652670980455886,23.446787538272808,-0.041389885588798574,-5.30335746510997,-0.13212142437597074
3.130850652566508,-8.623285683605618,-0.016580627893946133,0.021642082724729686,-0.04537856055185257,0.0024434609527920616,-0.0009486175655712691,23.474737049762503,-0.022268554592212424,-5.304404662661167,-0.1349139511791617
2.85177397633831,-2.92846345861231,-0.016580627893946133,-0.00820304748437335,-0.045553093477052,-0.005934119456780721,-0.0014942089105089245,23.507967108467906,-0.03512584006278319,-5.3059754589879615,-0.12601277199399058
3.3428740304155573,2.817521699408306,-0.016580627893946133,0.006981317007977318,-0.04537856055185257,0.00890117918517108,-0.0022061076522792897,23.535665817022558,-0.05192229669418075,-5.307022656539158,-0.12461650859239513
3.307361708178472,-1.7978312720745924,-0.016580627893946133,0.014311699866353503,-0.04537856055185257,0.00942477796076938,-0.001146916505907674,23.577211800512014,-0.027041105234070217,-5.308418919940754,-0.11920598791121272
2.7748642769764453,-5.372071551637344,-0.016580627893946133,-0.013264502315156905,-0.04520402762665313,0.003839724354387525,-0.0013265613676506347,23.59971902623954,-0.031306493911645916,-5.309640650417149,-0.1350884841043611
2.8367613713989277,-4.482229141471242,-0.016929693744344994,-0.01064650843716541,-0.04520402762665313,-0.005585053606381855,-0.0014392553246373048,23.63652416250056,-0.03401901674643135,-5.311036913818745,-0.12932889757277982
2.9639275867580346,-4.657991935430965,-0.016929693744344994,-0.0015707963267948964,-0.04520402762665313,-0.02111848394913139,-0.0014386335946572856,23.653137542415926,-0.034028221763263825,-5.312084111369941,-0.13212142437597074
3.20952929898511,-7.143320108282793,-0.01710422666954443,-0.0010471975511965976,-0.04520402762665313,-0.01117010721276371,-0.0019565155947358663,23.687362878347873,-0.04634475400485441,-5.313654907696736,-0.13718287920675432
3.472577638486315,-9.412847097454199,-0.01710422666954443,0.014660765716752368,-0.04520402762665313,0.008028514559173916,-0.0011252082989130516,23.7155479625716,-0.026684942642636423,-5.314702105247933,-0.13700834628155487
3.006281097812102,-2.4899845449446936,-0.01710422666954443,-0.00017453292519943296,-0.04520402762665313,-0.0015707963267948964,-0.001394796706161958,23.757514348019868,-0.03313692424804617,-5.316272901574728,-0.12566370614359174
2.598142898997547,0.5220098136540553,-0.01710422666954443,-0.016929693744344994,-0.04537856055185257,-0.023736477827122883,-0.0017306654974451174,23.78028090647328,-0.04115575277434001,-5.317320099125925,-0.12531464029319286
2.807523420870631,-13.182743458436308,-0.017278759594743863,-0.003665191429188092,-0.045553093477052,-0.015533430342749533,-0.001714767693564147,23.803031062465692,-0.04081670868102888,-5.31871636252752,-0.13578661580515886
3.2918702306270866,-1.205669487658332,-0.017453292519943295,0.022863813201125717,-0.045553093477052,-0.01064650843716541,-0.0018051892578875462,23.83402041077337,-0.04302496435307962,-5.319763560078717,-0.130201562198777
3.143134638191329,-1.701331616478848,-0.017278759594743863,0.015533430342749533,-0.045727626402251434,-0.00034906585039886593,-0.0005456484994600934,23.875722937147987,-0.013027753687107383,-5.321334356405512,-0.11728612573401895
2.865545434939422,2.3646511682552114,-0.017278759594743863,0.006108652381980154,-0.045727626402251434,-0.010995574287564275,-0.0014534371770833726,23.896512537915118,-0.034732104182202385,-5.322381553956708,-0.11868238913561441
2.773756413904693,-6.474989634466181,-0.017278759594743863,0.020943951023931952,-0.04590215932745086,-0.017627825445142728,-0.0015277406367124734,23.93307544670331,-0.0365635603677844,-5.323777817358304,-0.1324704902263696
2.707113909659013,1.7402912002673132,-0.01710422666954443,0.013089969389957472,-0.04590215932745086,-0.011868238913561441,-0.0015049561881157985,23.95024997890359,-0.03604410412468992,-5.324825014909501,-0.11990411961201045
3.2101104663531834,-4.1181043551663254,-0.017278759594743863,0.0006981317007977319,-0.0460766922526503,0.0024434609527920616,-0.0013974708984237025,23.987864597109294,-0.03352236451201154,-5.326395811236295,-0.13142329267517303
3.0673800342010082,-2.6425826654326094,-0.01710422666954443,0.014835298641951801,-0.0460766922526503,-0.006457718232379019,-0.0013043853087460339,24.013256167354527,-0.03132255632413974,-5.327268475862293,-0.13177235852557187
2.8120572316757824,-0.11011576510086898,-0.01710422666954443,0.004014257279586958,-0.0460766922526503,-0.008377580409572781,-0.0008506153959081375,24.04472725116424,-0.020452820123108315,-5.328839272189087,-0.1239183768915974
2.764615146461456,-5.7850453622359055,-0.01710422666954443,0.009075712110370514,-0.046251225177849735,0.011344640137963142,-0.00024044853411246076,24.06412375947668,-0.005786183394177364,-5.329886469740283,-0.1228711793404008
2.933410663907336,6.301113635927532,-0.016929693744344994,0.023212879051524585,-0.0460766922526503,0.005759586531581287,-0.0001202636764507222,24.101161538954297,-0.0028984943073813705,-5.331457266067079,-0.11327186845443199
2.7251020741142957,-0.6660093872459336,-0.016929693744344994,0.0153588974175501,-0.0460766922526503,0.007155849933176752,-0.0007603016972777359,24.130203651994048,-0.018346238327336013,-5.3325044636182755,-0.12339477811599911
2.363710218545773,1.5909765099170305,-0.016755160819145562,0.011868238913561441,-0.04590215932745086,-0.003665191429188092,-0.0004695751115875241,24.162033181820785,-0.011345890261460873,-5.333900727019871,-0.12095131716320703
2.5968541240218137,2.9407932055637005,-0.016580627893946133,0.019722220547535925,-0.0460766922526503,0.004363323129985824,-0.0011689617952391714,24.18297237358968,-0.028268983676307046,-5.335122457496267,-0.1223475805648025
2.39160028530826,-5.855300435535762,-0.0164060949687467,0.012391837689159739,-0.04590215932745086,0.009773843811168246,-0.0005369270618911555,24.20870438500254,-0.012998309766728113,-5.336518720897862,-0.1239183768915974
2.506029056412337,-11.471125489703045,-0.0164060949687467,0.029845130209103034,-0.04590215932745086,0.007330382858376184,8.221497965557671e-05,24.228679518930463,0.001991960398218444,-5.337565918449059,-0.1382300767579509
2.1111475273790314,-8.565051059159552,-0.016057029118347832,0.028448866807507574,-0.04590215932745086,-0.011344640137963142,-0.0011697519456011325,24.25332012351504,-0.028370381341686412,-5.339136714775854,-0.1340412865531645
1.8308020179688105,6.945056913830497,-0.0158824961931484,0.03543018381548489,-0.04590215932745086,-0.003665191429188092,-0.0007894113275576298,24.264996304575796,-0.019155066924932237,-5.340183912327051,-0.10646508437165411
1.855042945163095,-3.2809820861528194,-0.0153588974175501,0.040317105721069016,-0.04590215932745086,-0.004886921905584123,-0.00048256221278761204,24.29699335118065,-0.011724811785736117,-5.341580175728645,-0.12688543661998777
2.961347734544798,-6.317421027246975,-0.015184364492350668,0.041015237421866746,-0.04590215932745086,0.0029670597283903604,-0.00010018224461727469,24.30884769694992,-0.002435314934487243,-5.342627373279843,-0.12828170002158323
3.529652737444789,-5.380868221789081,-0.014835298641951801,0.05201081170943102,-0.04590215932745086,0.011344640137963142,-0.0005201909739147657,24.344095124212902,-0.012663579693987216,-5.344198169606637,-0.1308996938995747
2.9058313275076637,-5.792005433477307,-0.014486232791552936,0.034033920413889425,-0.045727626402251434,-0.00471238898038469,0.0001756453878480001,24.372625675059183,0.00428093933359408,-5.345070834232634,-0.12601277199399058
2.4648062595329017,-6.640805901980229,-0.014137166941154071,0.039968039870670144,-0.045727626402251434,0.015009831567151233,-0.000410591145022508,24.407701774664517,-0.010021586782190776,-5.346467097634229,-0.12496557444279399
2.725230813498049,0.06700115572835079,-0.013962634015954637,0.03822271061867582,-0.045553093477052,0.0322885911618951,-0.0003524351214360064,24.425426208775352,-0.008608378408432996,-5.347514295185426,-0.1137954672300303
3.1653665521699828,-1.7633549807350641,-0.013613568165555772,0.020943951023931952,-0.04520402762665313,0.014137166941154071,-0.00018368273603402025,24.463588113017707,-0.004493538848344783,-5.3490850915122214,-0.12723450247038662
2.9292912799178343,1.1890292621736311,-0.013439035240356337,0.020594885173533087,-0.045029494701453704,-0.002617993877991494,-5.2936170789279606e-05,24.489539625957768,-0.001296382453401455,-5.349957756138219,-0.11623892818282235
2.1296563671454285,-1.9532556996164085,-0.013264502315156905,0.013439035240356337,-0.045029494701453704,-0.007155849933176752,0.0004500910362562907,24.52146073884434,0.011036890419755967,-5.351528552465013,-0.1213003830136059
1.4127288236249707,-5.662009974880592,-0.013264502315156905,-0.00471238898038469,-0.045029494701453704,0.011344640137963142,0.0006683376562084219,24.53338482523406,0.016396587354272702,-5.3524012170910105,-0.12514010736799341
1.614326203504484,-3.249839389438965,-0.013264502315156905,0.023212879051524585,-0.04485496177625427,0.021642082724729686,0.0003622837988836915,24.554840681225205,0.008895821352168935,-5.353972013417805,-0.12060225131280818
2.095471892481041,-6.069566764269356,-0.013264502315156905,0.01117010721276371,-0.04450589592585541,0.025830872929516076,0.0011523348938783401,24.569350803281978,0.028312132782225212,-5.354844678043802,-0.11728612573401895
1.9238390921639672,-2.0055369603660993,-0.013264502315156905,0.005934119456780721,-0.044156830075456545,0.02076941809873252,0.0006762125679556048,24.59116888536508,0.016628859995592656,-5.356240941445398,-0.11292280260403312
1.9316551879119297,-0.459880899621305,-0.013264502315156905,0.007853981633974483,-0.044156830075456545,-0.0017453292519943296,0.0002486493578322925,24.615182031141522,0.0061205493311057135,-5.357113606071395,-0.11187560505283653
1.8566314536263455,-10.833434862978441,-0.013264502315156905,-0.005759586531581287,-0.044156830075456545,0.01064650843716541,0.00010295024868594604,24.63138021252847,0.0025358067273166937,-5.35850986947299,-0.11763519158441782
1.641888427115958,-2.017840495565274,-0.013264502315156905,-0.004886921905584123,-0.0439822971502571,0.030543261909900768,0.0008959941288956907,24.645241646822843,0.022081997729952067,-5.359382534098987,-0.10402162341886204
1.705421404017233,4.301085105614639,-0.013264502315156905,-0.0027925268031909274,-0.04363323129985824,0.02199114857512855,0.0011466520807663406,24.663440264882002,0.028280397493043563,-5.360604264575383,-0.09512044423369097
2.0436765406210604,0.4405615151611419,-0.013439035240356337,0.004363323129985824,-0.04328416544945937,0.02076941809873252,0.00030744945801213544,24.679688408948305,0.007587757064317546,-5.361302396276182,-0.09180431865490173
2.2504255618244198,-0.9048967627928254,-0.013264502315156905,0.005061454830783556,-0.04310963252425994,-0.0010471975511965976,0.00023894198444108112,24.70393310162317,0.005902806911138407,-5.362524126752578,-0.10157816246606999
2.0790202483258415,-7.4448152752517505,-0.013264502315156905,0.011344640137963142,-0.04293509959906051,0.013264502315156905,0.001034397221652135,24.718197212375767,0.025568443639952452,-5.363396791378575,-0.09826203688728075
1.851478934865502,3.4514778509514636,-0.013089969389957472,0.013439035240356337,-0.04276056667386108,0.017627825445142728,0.0004733156144519318,24.74829214634469,0.011713753978618074,-5.3644439889297715,-0.08691739674931762
1.9486794443201825,6.582885873992044,-0.012915436464758038,0.040491638646268445,-0.04241150082346221,0.027925268031909273,-0.0007492284422629548,24.762563946883166,-0.018552820683860483,-5.365316653555769,-0.07923794804054256
2.213480936457985,0.6104502171973687,-0.012566370614359171,0.03368485456349056,-0.04206243497306335,0.03246312408709453,0.0002939466822233643,24.78452854008145,0.007285330144656031,-5.366189318181766,-0.07958701389094143
1.9113405103182879,-0.6378324052848252,-0.012391837689159739,0.005235987755982988,-0.041887902047863905,0.029845130209103034,-0.0003589581501381881,24.8012472961878,-0.008902610232929254,-5.367061982807763,-0.0895353906273091
1.7255829700862644,-6.656871395927424,-0.012217304763960308,0.020071286397934793,-0.04153883619746504,0.019896753472735357,-0.00019908807843177064,24.82764099184565,-0.0049428874023659435,-5.36793464743376,-0.08377580409572781
1.1764150064533407,-0.2257269386130141,-0.012217304763960308,0.011693705988362009,-0.04136430327226561,0.034557519189487726,-0.0007036930313025669,24.838263415668024,-0.017478515760289606,-5.3686327791345585,-0.08220500776893293
1.3276525904601506,2.7659358125048326,-0.011868238913561441,0.030019663134302467,-0.041015237421866746,0.024260076602721184,0.0002706968058424717,24.852045229074953,0.006727369426483176,-5.369679976685755,-0.06719517620178168
1.7788543158999215,-15.703187696205045,-0.011693705988362009,0.03787364476827695,-0.04066617157146788,0.02879793265790644,0.0007215387196937798,24.865771813988488,0.017941620272440603,-5.370203575461352,-0.0932005820564972
1.9653156720626757,-5.962906552916073,-0.011344640137963142,0.023387411976724018,-0.040317105721069016,0.033161255787892266,-0.0006309298289671161,24.887235492071788,-0.01570210131600189,-5.371250773012549,-0.07714355293814937
1.6413605734783512,-3.7574607132463465,-0.01117010721276371,0.01832595714594046,-0.039968039870670144,0.020420352248333655,-0.0010592404725794547,24.905783926242563,-0.02638122420248894,-5.371774371788148,-0.0804596785169386
1.7261952649239762,-3.6334755355261046,-0.010995574287564275,0.014486232791552936,-0.039793506945470715,0.019198621771937627,-0.0009625156876692109,24.924142253363677,-0.02398988532893009,-5.372821569339345,-0.07609635538695278
1.8505904772758495,-0.4124508638589798,-0.010995574287564275,0.03543018381548489,-0.03961897402027128,0.017453292519943295,-0.0010717963526373445,24.93642809395471,-0.026726782913012507,-5.373345168114943,-0.06649704450098395
2.3037797422333446,1.4962849938195024,-0.010821041362364843,0.014311699866353503,-0.039269908169872414,0.028623399732707007,-0.0009007238879315073,24.96271039922391,-0.022484515644686467,-5.37421783274094,-0.0614355896702004
2.0557844037369213,-1.6083501318573465,-0.01064650843716541,0.012042771838760876,-0.039095375244672985,0.0164060949687467,-0.0013237795817788358,24.981114196658154,-0.03306950822054181,-5.374741431516537,-0.06928957130417489
1.9840038293670224,4.541509614634319,-0.010471975511965976,0.026703537555513242,-0.03892084231947355,0.0013962634015954637,-0.0008348042635775829,25.001380538642398,-0.020871263917366302,-5.375614096142535,-0.06021385919380437
1.4531922512674458,-1.7209747088651475,-0.010297442586766544,0.00890117918517108,-0.03892084231947355,-0.0012217304763960308,-0.0018165889474477275,25.01820727008389,-0.04544784880436584,-5.376137694918134,-0.06736970912698112
1.7715388933054559,-1.0469984762797533,-0.010122909661567111,0.0164060949687467,-0.03892084231947355,0.0005235987755982988,-0.0018863433293747952,25.036893827493362,-0.047228233677039114,-5.37701035954413,-0.07190756518216639
2.2004868432494344,-3.952950821401293,-0.010122909661567111,0.003839724354387525,-0.039095375244672985,-0.005235987755982988,-0.0014296690333241025,25.050954408742275,-0.03581459817452102,-5.377533958319729,-0.06719517620178168
2.2782464364873873,-6.945580809228593,-0.010122909661567111,-0.0010471975511965976,-0.039269908169872414,-0.02548180707911721,-0.00237076998011274,25.07410626614593,-0.059445049785274685,-5.378406622945726,-0.07766715171374766
2.608922302314202,-4.219083605532231,-0.010122909661567111,0.003839724354387525,-0.03944444109507185,-0.01064650843716541,-0.0016659650984478535,25.096338521243467,-0.04180966275529727,-5.378930221721324,-0.07208209810736581
2.555187184828056,0.8921351657039962,-0.010122909661567111,-0.0,-0.03944444109507185,-0.012042771838760876,-0.0017961714344908654,25.128571393553948,-0.0451352706656252,-5.3798028863473215,-0.06841690667817772
2.7462761620368688,2.9489637346215507,-0.010297442586766544,-0.007853981633974483,-0.03961897402027128,-0.003490658503988659,-0.0022081879869750606,25.147325819094483,-0.05553011303498865,-5.38032648512292,-0.06597344572538566
2.640480773077877,1.173871412128237,-0.010471975511965976,-0.0015707963267948964,-0.03961897402027128,0.005061454830783556,-0.0017758923067064515,25.18129238257972,-0.044719310426982274,-5.381199149748917,-0.0656243798749868
2.4577138221001857,1.4058156963875674,-0.010471975511965976,-0.015009831567151233,-0.03961897402027128,0.012217304763960308,-0.002184942302269827,25.19992523305844,-0.05506047027483776,-5.381722748524515,-0.06265732014659643
2.5384870444109087,-0.592615450711284,-0.01064650843716541,-0.006283185307179586,-0.03944444109507185,0.012217304763960308,-0.0017498343238651288,25.234108408519326,-0.04415555409229707,-5.382595413150513,-0.06632251157578453
2.487194080123381,-1.1791487871547441,-0.010821041362364843,-0.0153588974175501,-0.03944444109507185,-0.014311699866353503,-0.0016716110102486014,25.246616711052347,-0.0422025617743676,-5.38329354485131,-0.06911503837897545
2.28876903372064,-0.9954335577181247,-0.01117010721276371,-0.03735004599267865,-0.03961897402027128,-0.022689280275926284,-0.002346110970130799,25.277869922943687,-0.05930479673701006,-5.384166209477307,-0.07906341511534314
2.1975713208792405,-5.152171537573012,-0.011519173063162575,-0.030892327760299633,-0.039793506945470715,-0.02356194490192345,-0.001637833411331964,25.299545983465116,-0.041436478754349554,-5.384689808252905,-0.08063421144213803
2.214966042121548,-7.481338563235085,-0.011868238913561441,-0.022514747350726852,-0.039968039870670144,-0.028972465583105872,-0.0019992737821859547,25.324392325935438,-0.050630461085317234,-5.385562472878902,-0.07487462491055674
2.5742101226924565,10.231636317320568,-0.011868238913561441,0.0022689280275926286,-0.04014257279586959,-0.02129301687433082,-0.002399650834749453,25.34324911200712,-0.06081506561788926,-5.386086071654502,-0.04520402762665313
2.349324663752522,4.375619481803759,-0.012042771838760876,-0.009599310885968814,-0.040491638646268445,-0.03298672286269283,-0.0016485318797250684,25.37122268723341,-0.041825307316466456,-5.386958736280499,-0.07086036763096978
2.4518754095430024,-3.6967530574995093,-0.012042771838760876,-0.004886921905584123,-0.04066617157146788,-0.03647738136668149,-0.0020464513784068973,25.389868428958074,-0.051959203778443146,-5.387482335056097,-0.0757472895365539
2.215386658200419,-5.336139630560612,-0.012042771838760876,-0.005934119456780721,-0.041015237421866746,-0.029845130209103034,-0.001847098819748251,25.4164727392615,-0.04694679018947916,-5.388354999682094,-0.07278022980816354
2.4832009798034056,2.925270874048257,-0.012042771838760876,-0.011868238913561441,-0.04136430327226561,-0.03612831551628262,-0.0025481421279504486,25.441413977055603,-0.06482847906067331,-5.3888785984576915,-0.06928957130417489
2.50763970956184,-3.8313805670722116,-0.012217304763960308,-0.010297442586766544,-0.04153883619746504,-0.014311699866353503,-0.002039973835136172,25.461844256941333,-0.05194156812998754,-5.3897512630836895,-0.07644542123735164
2.4587069439614306,-9.695478073112884,-0.012217304763960308,-0.004014257279586958,-0.041713369122664476,-0.026179938779914945,-0.001328494318931054,25.483349304307033,-0.033854504694682874,-5.390274861859288,-0.08272860654453122
2.701638498965974,-5.937860498872588,-0.012217304763960308,0.007504915783575617,-0.04206243497306335,-0.028448866807507574,-0.0019804574627670826,25.514880330227477,-0.05053120122631593,-5.391147526485284,-0.07295476273336297
2.9701629841334314,-3.767427436553417,-0.012217304763960308,0.010122909661567111,-0.04223696789826278,-0.0164060949687467,-0.0019485788686444735,25.541781995760232,-0.049770239656341406,-5.3918456581860825,-0.0804596785169386
2.87626114116414,-2.366219200193648,-0.012217304763960308,0.005235987755982988,-0.04241150082346221,-0.02652900463031381,-0.0014943147256630308,25.57598757481225,-0.03821860330350189,-5.39271832281208,-0.07033676885537149
2.7558568769646987,-4.632480900961024,-0.012391837689159739,-0.015707963267948967,-0.04276056667386108,-0.03577924966588375,-0.0018807083130164411,25.594943077692243,-0.048136678971579354,-5.393241921587678,-0.08325220532012953
3.0957652701335943,-4.5767707406341085,-0.012566370614359171,-0.021642082724729686,-0.04310963252425994,-0.04485496177625427,-0.002100579488762378,25.63431301982375,-0.05384699133674795,-5.394289119138874,-0.08133234314293576
3.070037138694931,-1.0801992055961918,-0.012915436464758038,-0.03368485456349056,-0.04345869837465881,-0.025132741228718343,-0.0016884835255466777,25.662596630063156,-0.04333091281109221,-5.394812717914473,-0.07435102613495843
3.078570183544058,-4.797492119376741,-0.013264502315156905,-0.04310963252425994,-0.0439822971502571,-0.05358160803622592,-0.0019029103998161215,25.7020902770955,-0.048908833919383075,-5.395859915465669,-0.08552113334772216
3.2954901893444832,-2.842194174721292,-0.013439035240356337,-0.020594885173533087,-0.044331363000655974,-0.044331363000655974,-0.0017351699974325432,25.72203414565465,-0.04463214671552877,-5.3963835142412675,-0.08325220532012953
2.7844402124466807,-4.833736510627213,-0.013788101090755204,-0.038397243543875255,-0.04485496177625427,-0.03647738136668149,-0.0019441972417302623,25.761581775877577,-0.05008565933759558,-5.397430711792464,-0.09232791743050003
2.7313364891977763,-4.1197468221873255,-0.014137166941154071,-0.050265482457436686,-0.045029494701453704,-0.016057029118347832,-0.0014744667523151893,25.775400864572557,-0.03800499914402979,-5.397954310568063,-0.09023352232810683
2.87913404621806,-3.640451484398848,-0.014660765716752368,-0.05131268000863329,-0.04520402762665313,-0.014835298641951801,-0.0016788847053562296,25.81508207192683,-0.04334058717878578,-5.39900150811926,-0.08587019919812101
2.926858898433053,-4.711560684263579,-0.015009831567151233,-0.05777039824101231,-0.04537856055185257,-0.02199114857512855,-0.0013326909126317363,25.835538900525485,-0.034430808299461754,-5.3996996398200565,-0.08988445647770797
2.9456628676692773,-4.895188908493466,-0.015707963267948967,-0.028448866807507574,-0.045727626402251434,-0.04136430327226561,-0.00177787155109455,25.86657907892596,-0.045987503521421606,-5.400746837371253,-0.0937241808320955
2.9656432554324947,1.2242022388138194,-0.016231562043547264,-0.05044001538263613,-0.0460766922526503,-0.030543261909900768,-0.001183514449264509,25.895339037852732,-0.030647522229297394,-5.401444969072052,-0.07557275661135447
2.6161317165290803,-3.880271400995423,-0.016755160819145562,-0.04904375198104066,-0.04642575810304917,-0.02548180707911721,-0.0012547688856022444,25.928147980718332,-0.03253385042175005,-5.402317633698049,-0.08883725892651137
2.6184650004431798,-5.23585557826648,-0.017278759594743863,-0.04310963252425994,-0.0466002910282486,-0.002617993877991494,-0.000904739482091279,25.948907965344937,-0.023477007959130044,-5.4030157653988455,-0.09005898940290741
2.5103748965857893,-11.473311676770027,-0.017976891295541596,-0.054279739737023644,-0.0466002910282486,0.004537856055185257,-0.00188185932655774,25.9791967658453,-0.04888925144234074,-5.404062962950042,-0.09791297103688189
2.7854198691250014,3.50341313555629,-0.018500490071139894,-0.04729842272904633,-0.0466002910282486,-0.0012217304763960308,-0.0015292912425832676,25.999648752079363,-0.039761066143622785,-5.404761094650841,-0.07976154681614087
2.8555069265991553,-0.4942618521350622,-0.019024088846738195,-0.05166174585903215,-0.0466002910282486,0.0033161255787892262,-0.0010510611839229535,26.03437834607558,-0.027363734603634355,-5.405633759276838,-0.08447393579652555
2.8911179016870117,-8.443509104568534,-0.019547687622336492,-0.04345869837465881,-0.0466002910282486,-0.007853981633974483,-0.0006971760632981909,26.055035851393217,-0.018164950267019364,-5.4063318909776354,-0.0921533845053006
2.9712675426892847,-1.5454585813059338,-0.020245819323134222,-0.038571776469074684,-0.0466002910282486,-0.022514747350726852,-0.0008766841427725011,26.09403491487038,-0.022876232491519943,-5.407379088528832,-0.07853981633974483
2.2136286907308156,-0.7247304469776911,-0.020420352248333655,-0.04904375198104066,-0.046774823953448036,-0.0012217304763960308,-0.0010601893515537258,26.11318928229239,-0.027684935584830064,-5.40807722022963,-0.07714355293814937
3.0423965288443275,-2.7182380543225007,-0.02111848394913139,-0.031241393610698498,-0.0466002910282486,0.014311699866353503,-0.0013610200933438993,26.138960625273878,-0.03557567259662922,-5.408949884855627,-0.08220500776893293
3.0676370325464517,-0.2208310801194775,-0.021467549799530253,-0.027052603405912107,-0.04642575810304917,-0.003141592653589793,-0.0012956155477975208,26.166387079073814,-0.03390159689863386,-5.4096480165564245,-0.07749261878854824
2.8154772830526555,3.5168555561651345,-0.021642082724729686,-0.024783675378319478,-0.04642575810304917,0.0010471975511965976,-0.00134651032342601,26.199695069137057,-0.03527818120204894,-5.410520681182422,-0.0804596785169386
2.6868506548190236,-1.8368944895520753,-0.02199114857512855,-0.020245819323134222,-0.0466002910282486,-0.01780235837034216,-0.0009864080926505717,26.22007658211566,-0.02586370411898652,-5.411218812883219,-0.07312929565856241
2.685851220127465,2.5345484233528786,-0.022165681500327987,-0.017278759594743863,-0.046774823953448036,-0.02111848394913139,-0.0004970715451653221,26.254844319893127,-0.013050537109007037,-5.412091477509217,-0.06667157742618339
3.051590449740103,-2.248087877161498,-0.02234021442552742,0.00017453292519943296,-0.046774823953448036,0.00820304748437335,-0.0011373292738929334,26.28053919852329,-0.029889639451766703,-5.412615076284815,-0.07312929565856241
3.289063270508519,-1.3984690119231609,-0.02234021442552742,0.006806784082777886,-0.0466002910282486,0.01064650843716541,-0.0011806382532441116,26.31399057059097,-0.031067318298126773,-5.413487740910813,-0.07539822368615504
2.4982659406272796,-0.45306552956216417,-0.022514747350726852,0.0022689280275926286,-0.0466002910282486,-0.030019663134302467,-0.0016416574061347347,26.34019461571072,-0.04324161441586506,-5.414185872611609,-0.079412480965742
2.945276208239471,1.91126812994954,-0.022514747350726852,0.004363323129985824,-0.046949356878647465,-0.019896753472735357,-0.0008567074254407015,26.368402706659065,-0.022590011922434223,-5.4150585372376066,-0.06021385919380437
2.8090857342977777,-8.626631328016911,-0.022689280275926284,-0.008726646259971648,-0.046949356878647465,0.013264502315156905,-0.001199961688887503,26.38863701438733,-0.03166536863763141,-5.415582136013206,-0.08813912722571364
2.9021561701075815,-3.6926325430097315,-0.022689280275926284,0.0015707963267948964,-0.046774823953448036,-0.0041887902047863905,-0.0015947433769010946,26.420566374267004,-0.0421340589578808,-5.416629333564402,-0.0788888821901437
2.5813019112390956,1.9064713533468085,-0.022689280275926284,-0.007155849933176752,-0.046774823953448036,-0.02111848394913139,-0.0011560859169742156,26.448769923006182,-0.030577064051715043,-5.41715293234,-0.0656243798749868
2.4886232336046072,4.581132119658707,-0.022863813201125717,-0.019198621771937627,-0.046949356878647465,-0.01117010721276371,-0.001187813505204741,26.482713993061417,-0.03145654012945482,-5.418025596965998,-0.07295476273336297
2.4460198928700554,-9.032471320138095,-0.022863813201125717,-0.014311699866353503,-0.0471238898038469,0.005934119456780721,-0.0008184358344931271,26.502855333376388,-0.021690891364344832,-5.418723728666795,-0.08779006137531478
2.5759409336657093,-1.7978354735137583,-0.023212879051524585,-0.01937315469713706,-0.046949356878647465,0.01884955592153876,-0.001378105995905039,26.535887089364397,-0.03656928825502164,-5.4195963932927915,-0.07696902001294993
2.7683480445776865,0.3536565283760008,-0.023387411976724018,0.002617993877991494,-0.046774823953448036,0.007330382858376184,-0.0012518946970485917,26.54907005371233,-0.0332366573750925,-5.42029452499359,-0.06981317007977318
2.8305970777838363,2.1010216096268923,-0.023387411976724018,-0.004363323129985824,-0.046774823953448036,-0.0029670597283903604,-0.001276174980763951,26.58223988729555,-0.03392360789308542,-5.421167189619587,-0.07749261878854824
2.3274897855941568,4.5862977470824795,-0.023387411976724018,-0.028274333882308142,-0.0466002910282486,0.006806784082777886,-0.0017179584231722528,26.60830742350244,-0.04571201083576058,-5.421865321320385,-0.06702064327658225
2.405591303886744,3.9777296420995474,-0.023736477827122883,-0.02111848394913139,-0.04642575810304917,0.022689280275926284,-0.0014533925454119027,26.636036798267273,-0.03871264458013947,-5.422737985946382,-0.07522369076095561
2.8312706822653895,4.021913465179256,-0.023911010752322315,-0.011344640137963142,-0.046251225177849735,0.006981317007977318,-0.0018911646377237892,26.662323433115375,-0.05042290334884304,-5.42343611764718,-0.07068583470577035
2.6670788229915177,2.410779488712896,-0.024260076602721184,-0.024783675378319478,-0.0460766922526503,0.012042771838760876,-0.0010951538137074636,26.690659095575185,-0.029230388784823872,-5.424308782273177,-0.07714355293814937
2.5346019289322923,-1.067196647861497,-0.024260076602721184,-0.0022689280275926286,-0.0460766922526503,0.0153588974175501,-0.0012465616463681348,26.7095539969413,-0.033295122850128214,-5.4250069139739745,-0.07557275661135447
2.4902172734832506,-0.5202127930455309,-0.024434609527920616,-0.016580627893946133,-0.04590215932745086,0.02356194490192345,-0.0015046032141596978,26.73640198986999,-0.04022770672526964,-5.425879578599972,-0.08185594191853406
2.8368899352258876,-2.466720955607189,-0.024434609527920616,0.006806784082777886,-0.045553093477052,0.004537856055185257,-0.0016531120551681673,26.755334859093306,-0.04422960688555609,-5.426577710300769,-0.08342673824532895
2.309232845138888,-7.999550668538844,-0.024434609527920616,-0.0015707963267948964,-0.045553093477052,0.00471238898038469,-0.002014122210825476,26.78863512785307,-0.053955657969156606,-5.427624907851967,-0.08936085770210968
2.532722173756509,-7.212606299481234,-0.024434609527920616,-0.0041887902047863905,-0.04537856055185257,-0.004363323129985824,-0.0007549920517761538,26.81129079352531,-0.020242315293098532,-5.428148506627564,-0.08360127117052839
2.6525881155767004,0.09002916717038874,-0.024609142453120045,-0.004537856055185257,-0.045553093477052,-0.003665191429188092,-0.0007612352333606718,26.845275384302205,-0.020435573419130038,-5.429021171253561,-0.06719517620178168
2.633539907150074,-1.161866626944429,-0.024609142453120045,-0.00820304748437335,-0.045727626402251434,-0.018500490071139894,-0.0017098589202921154,26.870362497342626,-0.045944573782359804,-5.42971930295436,-0.08133234314293576
2.608116149212203,-3.127643114409095,-0.024609142453120045,-0.0029670597283903604,-0.04590215932745086,-0.01064650843716541,-0.0014314416539112176,26.898147098487865,-0.03850315446778832,-5.430591967580357,-0.0788888821901437
2.461213386627851,-2.000879731425617,-0.024609142453120045,0.008726646259971648,-0.04590215932745086,-0.019722220547535925,-0.0008023172575013398,26.925642432034927,-0.021602912227890514,-5.431290099281154,-0.0736528944341607
2.6792256871491653,-0.7536963020663197,-0.024609142453120045,-0.00034906585039886593,-0.0460766922526503,-0.018675022996339326,-0.0010456119317734929,26.952503760460502,-0.028181869793561437,-5.432162763907152,-0.07801621756414652
3.0656602288110486,-4.334416014615565,-0.024609142453120045,0.006981317007977318,-0.0460766922526503,-0.0017453292519943296,-0.0006597801233325375,26.973466390848873,-0.017796559564399395,-5.432860895607949,-0.08063421144213803
2.4413397093188265,-4.748299736195919,-0.024609142453120045,0.009773843811168246,-0.0460766922526503,-0.003839724354387525,-0.0011775954153030353,27.005989263986898,-0.0318021438433345,-5.433733560233946,-0.08063421144213803
2.217337477619436,-3.775032845612917,-0.024609142453120045,-0.021467549799530253,-0.046251225177849735,-0.023387411976724018,-0.0007898320062165834,27.026967624118882,-0.021346768499459563,-5.434431691934744,-0.08360127117052839
2.414206361676616,-6.362078188269152,-0.024783675378319478,-0.020245819323134222,-0.0466002910282486,-0.020594885173533087,-0.0013731196890110853,27.053225439223556,-0.03714733984843544,-5.435478889485941,-0.08866272600131195
2.6682553605979957,0.27888812210865094,-0.02495820830351891,-0.0027925268031909274,-0.0466002910282486,-0.004886921905584123,-0.0011579353282854597,27.073153598820227,-0.03134897501122437,-5.436002488261538,-0.07557275661135447
2.637334569524141,-2.1940767671377643,-0.02495820830351891,0.003141592653589793,-0.0466002910282486,-0.02548180707911721,-0.0009708090000232431,27.107163487808126,-0.026315886546378297,-5.4370496858127355,-0.08779006137531478
2.1155821600709537,-7.210970123122411,-0.02495820830351891,-0.02199114857512855,-0.046949356878647465,-0.02757620218151041,-0.0004783139411809389,27.121285656838676,-0.012972490021716956,-5.437573284588334,-0.08744099552491591
2.5861720077368293,-2.4831510321714187,-0.025132741228718343,0.011344640137963142,-0.0471238898038469,-0.015009831567151233,-0.0008084485529380993,27.154401788067045,-0.021952941614196926,-5.43862048213953,-0.07766715171374766
2.7515829170500274,-1.6130431998520853,-0.02530727415391778,-0.006806784082777886,-0.0471238898038469,-0.024260076602721184,-0.0009350432379453398,27.175783835503232,-0.025410540316780077,-5.439318613840329,-0.08290313946973066
2.719631282689297,2.1228312669400666,-0.02548180707911721,-0.006108652381980154,-0.047472955654245766,-0.041887902047863905,-0.00046662360149597444,27.202381954350045,-0.012693274358075572,-5.4403658113915245,-0.08115781021773633
2.6371855166938802,-1.9065380941498449,-0.025656340004316644,-0.01780235837034216,-0.04782202150464463,-0.0164060949687467,-0.0007653384995061356,27.222534840316634,-0.020834458035321038,-5.440889410167123,-0.08429940287132612
2.6844959585641863,-9.04582527899498,-0.025830872929516076,-0.005235987755982988,-0.04799655442984406,-0.014311699866353503,-0.0010859917060131398,27.255527245045812,-0.029599288167385444,-5.441936607718319,-0.09250245035569947
2.6783734577016602,0.028255113766609167,-0.02600540585471551,-0.009250245035569947,-0.04799655442984406,-0.022863813201125717,-0.0001715361313168463,27.27755032124571,-0.004679085499800563,-5.442634739419118,-0.0762708883121522
2.5737953508778992,-1.4949065737816924,-0.026179938779914945,-0.020071286397934793,-0.04834562028024293,-0.017976891295541596,-0.0004880134977503149,27.311110348905228,-0.013328191546882225,-5.443681936970314,-0.08970992355250854
2.5423393168195996,-1.5726986775056393,-0.026354471705114377,-0.011868238913561441,-0.04834562028024293,-0.009599310885968814,-0.0006064860117299497,27.33108548249474,-0.016575923062876474,-5.444380068671111,-0.08901179185171082
2.324650152022373,1.7952687576989423,-0.026703537555513242,-0.041713369122664476,-0.04834562028024293,-0.0029670597283903604,-3.287142276912534e-05,27.352550857376855,-0.0008991172633706776,-5.445252733297109,-0.07557275661135447
2.538926421601043,-2.776136263825256,-0.027052603405912107,-0.019198621771937627,-0.04834562028024293,-0.014137166941154071,-0.0004205697189641187,27.378907350881946,-0.011514740049009878,-5.445950864997907,-0.091106186954104
2.0876751499467487,-0.5915740557917009,-0.027401669256310976,-0.03769911184307752,-0.0486946861306418,-0.013613568165555772,0.0003291460475525589,27.400126374321754,0.00901864362423326,-5.4469980625491035,-0.07766715171374766
2.5719670876660206,2.3595422744844,-0.02757620218151041,-0.03368485456349056,-0.0486946861306418,-0.004537856055185257,-0.0005703138590549132,27.425881868637415,-0.015641362222312348,-5.447696194249901,-0.07749261878854824
2.1912110986572166,-9.454392558505957,-0.027925268031909273,-0.014835298641951801,-0.0486946861306418,0.026878070480712675,-0.0011176729926866801,27.45161712601834,-0.030681943843215903,-5.448743391801098,-0.10471975511965978
2.120235963556139,0.6649663539947072,-0.028274333882308142,-0.027401669256310976,-0.04852015320544237,0.024260076602721184,-0.0007135698788423624,27.473164233139016,-0.019604025800596284,-5.449441523501895,-0.08918632477691024
2.544053928337202,-4.789526150395647,-0.028623399732707007,-0.020594885173533087,-0.0481710873550435,0.020420352248333655,0.00011015147767770152,27.50126452806636,0.003029304938023737,-5.4503141881278925,-0.07906341511534314
2.675186677600106,2.414063413610001,-0.02879793265790644,-0.011344640137963142,-0.04799655442984406,0.03438298626428829,-0.0005115702596747444,27.521285370467034,-0.01407907233173638,-5.45101231982869,-0.07766715171374766
2.3898929564685787,-3.2978917216006614,-0.0291469985083053,-0.02652900463031381,-0.047647488579445195,0.023911010752322315,-0.0002693766383895812,27.54164349340754,-0.007419075519430445,-5.452059517379887,-0.08866272600131195
2.3681693603628404,2.6697549862926975,-0.029321531433504737,-0.020594885173533087,-0.04729842272904633,0.009773843811168246,-0.0006427527321274162,27.56883347162475,-0.017719945475672676,-5.452757649080684,-0.07906341511534314
2.768356207798933,-2.6579775404171557,-0.029670597283903602,-0.005235987755982988,-0.0471238898038469,0.025656340004316644,-0.00015298973572374768,27.595722292126393,-0.004221862293517121,-5.453804846631881,-0.08011061266653972
2.2992511074568793,-7.626705107633775,-0.029845130209103034,-0.023387411976724018,-0.046774823953448036,0.0471238898038469,8.117176611692143e-05,27.616520376074174,0.0022416817378532604,-5.454328445407479,-0.08674286382411818
2.8783480174432934,0.6702798454097064,-0.030019663134302467,0.00890117918517108,-0.046251225177849735,0.040317105721069016,-0.00020469762515179515,27.65023421193278,-0.005659937357126126,-5.455375642958676,-0.07766715171374766
2.534515177373395,-2.9572522852637513,-0.030019663134302467,-0.013788101090755204,-0.04590215932745086,0.0019198621771937625,-0.0005496277322098569,27.664376541029167,-0.015205110072352621,-5.456073774659473,-0.08464846872172499
2.2310867886625876,2.103288843024506,-0.030368728984701335,-0.030368728984701335,-0.045727626402251434,0.017976891295541596,0.0002809934791285785,27.69339286259399,0.007781663014141289,-5.456946439285471,-0.06911503837897545
2.3248867218422697,0.5288335122229372,-0.030543261909900768,-0.02600540585471551,-0.045553093477052,0.03822271061867582,-0.0008369870521642856,27.711596588402728,-0.023194252955517282,-5.457644570986268,-0.07819075048934597
2.49179629990233,-4.383573063355026,-0.030892327760299633,-0.015009831567151233,-0.04520402762665313,0.03543018381548489,-0.0006038045297924973,27.746555607920595,-0.016753497998198186,-5.458691768537465,-0.08517206749732328
2.6509634109501583,-3.98313892773933,-0.031066860685499065,-0.024260076602721184,-0.045029494701453704,0.016755160819145562,-0.0006088676400995367,27.760688279373454,-0.016902586848908923,-5.459215367313064,-0.08866272600131195
2.15917246785127,-5.237917574054609,-0.031415926535897934,-0.02548180707911721,-0.04468042885105484,0.019198621771937627,-0.0005471572585444289,27.79506391944205,-0.015208272492918716,-5.460088031939061,-0.07853981633974483
2.1594492287442475,2.244182854274872,-0.03159045946109736,-0.02199114857512855,-0.04450589592585541,-0.007504915783575617,-0.0006394867583113604,27.81539897775434,-0.017787581748125527,-5.460786163639858,-0.06649704450098395
2.3690432595846813,-3.61394134922777,-0.031939525311496235,-0.022165681500327987,-0.04450589592585541,0.008726646259971648,-0.0005561223751061963,27.835998085536666,-0.015480222964647215,-5.461658828265856,-0.07417649320975901
1.9609469560067514,-9.430112479714431,-0.032114058236695664,-0.02949606435870417,-0.04450589592585541,-0.009075712110370514,0.0001940493118391543,27.857369205458042,0.005405703391819213,-5.462182427041453,-0.08098327729253689
2.1402182878815568,-13.772848398399324,-0.032637657012293965,-0.0301941960595019,-0.04468042885105484,-0.008552113334772215,-0.0012419747339214111,27.877087071729044,-0.03462265560024625,-5.463055091667451,-0.08552113334772216
1.9761151987074672,-1.7493781647510018,-0.0328121899374934,-0.029321531433504737,-0.04485496177625427,-0.0158824961931484,-0.0004905564993154225,27.89813243645197,-0.013685611283258344,-5.4635786904430494,-0.06876597252857658
2.1418494511758377,-0.2517327821478458,-0.033161255787892266,-0.03612831551628262,-0.045029494701453704,-0.028099800957108706,-0.00040291362212582365,27.919792871223493,-0.011249265483480366,-5.464451355069047,-0.06492624817418906
2.6406487035506383,-0.3721729523532287,-0.033335788713091695,-0.0153588974175501,-0.045029494701453704,-0.013613568165555772,-0.00041842521708944244,27.947848353359174,-0.011694085196902631,-5.464974953844645,-0.06213372137099813
2.252839130551535,-3.8575946810124275,-0.033510321638291124,-0.02495820830351891,-0.04520402762665313,-0.011868238913561441,-0.0007636205084716554,27.975127074428826,-0.021362384913386157,-5.4656730855454425,-0.07051130178057091
2.008074928549525,-4.684991225990386,-0.03368485456349056,-0.017976891295541596,-0.04520402762665313,-0.013962634015954637,-0.0010212042618760538,27.994911996194233,-0.028588533379287594,-5.466196684321041,-0.07592182246175334
2.272811885624317,0.2864675738590437,-0.034033920413889425,-0.024609142453120045,-0.04537856055185257,-0.022165681500327987,-0.0004239920498222171,28.017111857174267,-0.01187903339825001,-5.467069348947038,-0.05777039824101231
2.479529224474092,-4.397877870749877,-0.03420845333908886,-0.017627825445142728,-0.045553093477052,-0.016580627893946133,-0.0006796138813599503,28.03759620224274,-0.019054742512645856,-5.467592947722636,-0.07016223593017205
2.4264322822940905,1.8178280293320794,-0.034557519189487726,-0.028448866807507574,-0.045727626402251434,-0.03543018381548489,-0.0005149599745517058,28.06599089805542,-0.014452863236185994,-5.468291079423434,-0.058643062867009474
2.1784858069995865,-10.762313874609927,-0.034732052114687155,-0.038571776469074684,-0.0460766922526503,-0.01884955592153876,-0.00026495557392751347,28.087260182514466,-0.007441876315853036,-5.468814678199033,-0.079412480965742
1.9897426908150262,-5.350191427335418,-0.035255650890285456,-0.0460766922526503,-0.046251225177849735,-0.0164060949687467,-0.0009297070182076401,28.114819481614948,-0.026138552518696144,-5.469687342825029,-0.06771877497737998
2.5620156823646116,5.565971069659563,-0.03560471674068432,-0.023911010752322315,-0.046251225177849735,-0.008726646259971648,-0.001682881826248139,28.134200048476146,-0.047346578654228685,-5.470210941600628,-0.059341194567807204
2.345185225629721,-1.3746565607075882,-0.03595378259108319,-0.03543018381548489,-0.04642575810304917,-0.013089969389957472,-0.0010108112266960382,28.163055488381996,-0.02846754236118993,-5.470909073301425,-0.06632251157578453
2.377863611395173,0.694946870101172,-0.03630284844148206,-0.0307177948351002,-0.04642575810304917,-0.01780235837034216,-0.0010020070093986343,28.17667976344585,-0.028233240073448213,-5.471432672077023,-0.06021385919380437
1.9200163375789376,-5.345251741389578,-0.03682644721708035,-0.05811946409141117,-0.0466002910282486,-0.01832595714594046,-0.0013318243720634863,28.205844120482123,-0.03756525284481716,-5.472130803777822,-0.07452555906015788
2.2265086187836487,-1.6289770737925753,-0.03735004599267865,-0.05951572749300664,-0.046774823953448036,-0.009250245035569947,-0.0010770425845397676,28.226671878414862,-0.030401339388279457,-5.472654402553419,-0.0651007810993885
2.4231586157114835,1.9107206978178664,-0.03804817769347639,-0.05009094953223726,-0.046774823953448036,-0.007504915783575617,-0.000903489403742715,28.254694545061334,-0.025527824073512624,-5.473352534254218,-0.0582939970166106
2.429351594791382,-6.749840908769872,-0.038571776469074684,-0.04590215932745086,-0.046774823953448036,-0.0006981317007977319,-0.0006476297682128518,28.276281738327633,-0.018312564348359418,-5.473876133029815,-0.06911503837897545
1.9207527176533428,-1.2472646298159713,-0.039269908169872414,-0.07138396640656808,-0.0466002910282486,0.020245819323134222,-0.000971886510007782,28.304777652230385,-0.02750904023031708,-5.474574264730614,-0.06126105674500097
1.948788934316228,-0.17551266851329728,-0.039793506945470715,-0.07417649320975901,-0.04642575810304917,0.028274333882308142,-0.0009587905920990849,28.31838598693044,-0.027151410387610722,-5.475097863506211,-0.05742133239061344
2.2197769802291076,0.3804870962413202,-0.04066617157146788,-0.06126105674500097,-0.0460766922526503,0.017627825445142728,-0.0010254326840525233,28.33956971178202,-0.029060331220211115,-5.47579599520701,-0.05951572749300664
1.864870686660936,7.923336582205744,-0.041189770347066175,-0.0804596785169386,-0.045727626402251434,0.04363323129985824,-0.00201808630536357,28.367940337403525,-0.05724902962515237,-5.476319593982607,-0.05113814708343386
1.968489268726412,3.952423660635241,-0.04206243497306335,-0.07906341511534314,-0.04537856055185257,0.041015237421866746,-0.000831630439492417,28.383296349820444,-0.02360441865932255,-5.477017725683406,-0.052534410485029326
2.0803795319226785,2.8928582369517883,-0.04276056667386108,-0.08691739674931762,-0.04485496177625427,0.04991641660703782,-0.001567539216748686,28.40435224919445,-0.0445249725455741,-5.477541324459004,-0.05166174585903215
1.802496983079851,-0.8896607051446211,-0.04363323129985824,-0.08517206749732328,-0.044331363000655974,0.04799655442984406,-0.0015599452300857242,28.433298309170073,-0.044354424050782555,-5.478064923234602,-0.05619960191421741
2.3683051877468273,1.2689479844099374,-0.044156830075456545,-0.07278022980816354,-0.04380776422505767,0.06056292504420324,-0.0015426016587953742,28.44740513849052,-0.04388304916339041,-5.478588522010201,-0.045727626402251434
1.8010445192869535,0.26601161765836046,-0.045029494701453704,-0.06702064327658225,-0.04310963252425994,0.054279739737023644,-0.001785740925433847,28.482885576998523,-0.05086310851459856,-5.479112120785799,-0.05375614096142535
2.474222668817221,1.4477540746056674,-0.045553093477052,-0.045553093477052,-0.04276056667386108,0.05846852994181004,-0.0017669065455484367,28.49701769788273,-0.050351619497569076,-5.479635719561396,-0.04485496177625427
2.27227643080304,-2.7274535659044523,-0.046251225177849735,-0.051487212933832724,-0.041887902047863905,0.06230825429619757,-0.00225117530098663,28.5249622303741,-0.06421479891034161,-5.480159318336995,-0.05707226654021458
2.383882111372209,-2.716133954129449,-0.046774823953448036,-0.04904375198104066,-0.04153883619746504,0.03682644721708035,-0.0024052460461030894,28.540042647565535,-0.06864595711078077,-5.480508384187394,-0.053232542185827056
2.008216906328032,-3.685193189215989,-0.04729842272904633,-0.04328416544945937,-0.041015237421866746,0.04276056667386108,-0.0023915546169978597,28.568343524478102,-0.06832288411433736,-5.4810319829629925,-0.04834562028024293
2.258946656730914,1.0893335543715292,-0.047647488579445195,-0.022514747350726852,-0.04066617157146788,0.04206243497306335,-0.0025444544336977125,28.58258907009948,-0.07272725243747387,-5.481381048813391,-0.03490658503988659
1.9566451579879465,3.1353844179598913,-0.04799655442984406,-0.02652900463031381,-0.04014257279586959,0.03769911184307752,-0.0020347718029243337,28.61120561024741,-0.05821735476912343,-5.4819046475889905,-0.033161255787892266
2.320491579937022,-3.863481577278431,-0.0481710873550435,-0.006457718232379019,-0.04014257279586959,0.009948376736367679,-0.0026806716848392837,28.625318344120213,-0.07673526416123518,-5.4822537134393885,-0.0460766922526503
1.7438822590098941,1.5573636335809673,-0.04834562028024293,-0.023736477827122883,-0.039968039870670144,0.0024434609527920616,-0.002344347175738932,28.654969333119514,-0.06717731949506557,-5.482602779289787,-0.032114058236695664
2.486370251980606,-1.9445127320820126,-0.04834562028024293,-0.0024434609527920616,-0.04014257279586959,-0.01780235837034216,-0.0024950467185561338,28.668905519477736,-0.0715304070727797,-5.482951845140187,-0.03665191429188092
2.527744531102385,-2.625465141691319,-0.04834562028024293,0.0013962634015954637,-0.040491638646268445,-0.035255650890285456,-0.0026511410871656194,28.696489086888427,-0.07607861951650323,-5.483300910990585,-0.03298672286269283
2.0004940961090343,0.13616312703969696,-0.04852015320544237,-0.00820304748437335,-0.04066617157146788,-0.024260076602721184,-0.0030495825573750033,28.717815692776718,-0.08757762131204697,-5.483649976840984,-0.039095375244672985
2.843990810005338,-1.131489299752885,-0.04852015320544237,0.0024434609527920616,-0.04066617157146788,0.007853981633974483,-0.0029549104758844072,28.738933325931672,-0.08492122231378495,-5.483999042691383,-0.033510321638291124
2.2073945599681593,4.324872426840385,-0.04852015320544237,0.005235987755982988,-0.04066617157146788,0.005585053606381855,-0.00335162225202743,28.759377759002575,-0.09639093138352699,-5.4843481085417825,-0.030543261909900768
1.8386737323965106,-1.2389744874785975,-0.04852015320544237,-0.007853981633974483,-0.040491638646268445,0.008377580409572781,-0.0030124904448128845,28.789113214479656,-0.08672719082602003,-5.48469717439218,-0.03612831551628262
2.1655964518823128,-6.060592014971649,-0.04852015320544237,-0.004363323129985824,-0.040491638646268445,0.00942477796076938,-0.002668608075708264,28.80278103591515,-0.07686351653577164,-5.485046240242579,-0.044331363000655974
2.235347973111274,4.673418537750808,-0.0486946861306418,-0.009948376736367679,-0.040491638646268445,0.012566370614359171,-0.0023979292139534127,28.824822936711303,-0.06912001748854517,-5.485569839018178,-0.027925268031909273
1.7452168778257189,2.4407435362469734,-0.0486946861306418,-0.015707963267948967,-0.040317105721069016,0.00820304748437335,-0.0032818890064872657,28.845612750220653,-0.09466843925538042,-5.485918904868576,-0.03717551306747922
1.8168760248710314,7.300077794897113,-0.04886921905584123,-0.02356194490192345,-0.040491638646268445,-0.0066322511575784525,-0.002451544131392757,28.875455027248528,-0.07078959413017638,-5.486267970718976,-0.02600540585471551
2.401033376762981,4.98792370259693,-0.04904375198104066,-0.009948376736367679,-0.040491638646268445,0.0010471975511965976,-0.003575660249994208,28.88906717669456,-0.1032979293967582,-5.486617036569375,-0.030543261909900768
2.3672517157396005,0.052648582842645744,-0.04921828490624009,-0.01117010721276371,-0.040317105721069016,0.019547687622336492,-0.003548912356220719,28.916660606262692,-0.10262312496509174,-5.487140635344972,-0.047647488579445195
2.169459410828131,-12.339567973698712,-0.04939281783143953,-0.013788101090755204,-0.040317105721069016,-0.016057029118347832,-0.001983539263557083,28.938178894721187,-0.05740008933237788,-5.487489701195372,-0.05305800926062762
2.4365027470187344,3.5555809256854736,-0.04974188368183839,-0.027401669256310976,-0.040491638646268445,-0.022863813201125717,-0.0024410859610615255,28.95341032739146,-0.07067790386264106,-5.488013299970969,-0.035255650890285456
2.6517519966729366,2.615097530903031,-0.05009094953223726,-0.012391837689159739,-0.04066617157146788,0.004363323129985824,-0.0033177559184285254,28.97465932410024,-0.09613120017877688,-5.488362365821368,-0.03874630939427412
1.9327386529777544,-3.727752743302741,-0.05044001538263613,-0.034732052114687155,-0.040491638646268445,0.014835298641951801,-0.0028004581800738807,29.002824956639603,-0.08122141072327518,-5.488885964596967,-0.04520402762665313
1.676941570469467,0.9924501751677536,-0.05061454830783556,-0.05689773361501515,-0.040317105721069016,0.0020943951023931952,-0.00294195689327313,29.01678872760276,-0.0853663879031326,-5.489235030447365,-0.04590215932745086
2.4078618756654646,0.21975337641824272,-0.05131268000863329,-0.05009094953223726,-0.040317105721069016,0.0158824961931484,-0.002666173683343502,29.039224671897315,-0.07742380006023143,-5.4897586292229645,-0.045727626402251434
2.2831084647034015,1.3985380111007817,-0.05183627878423159,-0.03682644721708035,-0.04014257279586959,0.0054105206811824215,-0.003051235208458884,29.0600736290032,-0.08866939498915483,-5.490107695073363,-0.04223696789826278
2.2084397302441046,-0.8848100625020215,-0.05235987755982989,-0.0481710873550435,-0.04014257279586959,0.007155849933176752,-0.0030863418666379574,29.0814812597746,-0.08975567814549092,-5.490805826774161,-0.05235987755982989
1.134314398475764,-0.8892132204948233,-0.05288347633542819,-0.08342673824532895,-0.04014257279586959,0.00017453292519943296,-0.0027393229178726175,29.09648048682388,-0.0797048551925797,-5.49115489262456,-0.0439822971502571
1.926295531197075,6.301298663240744,-0.05375614096142535,-0.06736970912698112,-0.04014257279586959,0.005235987755982988,-0.0024616601492963405,29.11891896886006,-0.0716810272064865,-5.491678491400158,-0.039968039870670144
1.7931218309105488,-0.5186030936950993,-0.05445427266222309,-0.06859143960337716,-0.04014257279586959,-0.007504915783575617,-0.0026000272830848485,29.13325010119795,-0.07574741579588512,-5.492027557250557,-0.0439822971502571
1.627643677111498,-2.4967532470351,-0.05515240436302082,-0.0645771823237902,-0.04014257279586959,-0.004537856055185257,-0.002564719638916373,29.16282267099523,-0.07479462802498198,-5.492551156026155,-0.04852015320544237
2.262231698845707,-4.383422976481273,-0.05550147021341968,-0.039269908169872414,-0.04014257279586959,0.011519173063162575,-0.0027020398718920775,29.175651417606204,-0.07883396527499506,-5.492900221876554,-0.054628805587422516
2.154610682038284,-7.448128634555948,-0.056025068989017976,-0.04136430327226561,-0.039968039870670144,0.021642082724729686,-0.0026651711259480793,29.204203170107633,-0.07783438333481225,-5.493423820652152,-0.050789081233034994
1.7930245760496009,1.5073954772488873,-0.05637413483941684,-0.03647738136668149,-0.039793506945470715,0.01832595714594046,-0.00262671575681981,29.21928162657805,-0.07675092396937348,-5.493947419427751,-0.039968039870670144
2.123563059472268,-3.140272042245654,-0.05689773361501515,-0.03700098014227979,-0.03961897402027128,-0.0027925268031909274,-0.002829793158898734,29.241341273627786,-0.08274716836556183,-5.494471018203349,-0.05113814708343386
2.768005329791005,4.541856877060839,-0.057246799465414014,-0.027925268031909273,-0.03961897402027128,-0.01937315469713706,-0.003447795189574882,29.25754594449588,-0.1008744258744232,-5.494820084053748,-0.04468042885105484
2.323078310840007,-9.67496654325121,-0.05759586531581288,-0.025830872929516076,-0.039793506945470715,-0.012042771838760876,-0.002924213853100049,29.28569592185219,-0.08563788180976506,-5.495343682829346,-0.05707226654021458
2.1796787169960266,-2.4233284102922523,-0.057944931166211744,-0.010122909661567111,-0.039968039870670144,-0.022165681500327987,-0.0027496175901846323,29.299688587662924,-0.08056314215744877,-5.4955182157545455,-0.04729842272904633
1.9042393611315631,-2.5391140978935236,-0.057944931166211744,-0.010995574287564275,-0.04014257279586959,-0.005934119456780721,-0.0027747076230175876,29.334421181518337,-0.08139465095514556,-5.496216347455344,-0.0471238898038469
2.0543780981117914,4.571708807457658,-0.05811946409141117,-0.022165681500327987,-0.040317105721069016,-0.022863813201125717,-0.0026665414310024747,29.34258632768121,-0.07824340758405184,-5.496565413305742,-0.02757620218151041
2.1505111454617416,7.244244537148393,-0.05846852994181004,-0.02548180707911721,-0.040491638646268445,-0.028274333882308142,-0.0023163163212454583,29.371873248910056,-0.06803467106800336,-5.496914479156141,-0.034033920413889425
2.2840111365852342,3.428196458260774,-0.05881759579220891,-0.016929693744344994,-0.04066617157146788,-0.04537856055185257,-0.0029293368057434852,29.386445523732448,-0.08608304268938785,-5.497263545006541,-0.03385938748868999
2.572770010039418,-1.5393385093124519,-0.059166661642607775,-0.022165681500327987,-0.041189770347066175,-0.05777039824101231,-0.0028846534997864774,29.415171835624722,-0.08485281374239408,-5.497787143782138,-0.0481710873550435
2.0051819643707574,-3.4563261580359503,-0.059166661642607775,-0.01780235837034216,-0.04153883619746504,-0.046774823953448036,-0.00253453348800533,29.42931700410804,-0.07458974919414038,-5.498136209632537,-0.04782202150464463
2.1450360199572516,3.343568545828174,-0.059341194567807204,-0.008377580409572781,-0.041887902047863905,-0.03368485456349056,-0.002314427887401129,29.456947601920966,-0.06817610273781187,-5.4988343413333345,-0.03822271061867582
2.288206608044177,-2.5529172322426676,-0.05951572749300664,-0.00034906585039886593,-0.04223696789826278,-0.028448866807507574,-0.0023791472093730804,29.465142456388698,-0.07010204371611514,-5.499008874258534,-0.04136430327226561
1.8487377634832005,-0.9974923931153866,-0.05969026041820607,-0.010821041362364843,-0.04258603374866164,-0.03246312408709453,-0.002332101014343014,29.49336272179013,-0.06878162581401645,-5.499532473034133,-0.04363323129985824
1.2507817649044504,1.7284404186901998,-0.059864793343405505,-0.032114058236695664,-0.04293509959906051,-0.052185344634630454,-0.002286227016282605,29.50866798169167,-0.06746363149469822,-5.50005607180973,-0.03769911184307752
1.5470499119077727,1.369645140349977,-0.060039326268604934,-0.017976891295541596,-0.04328416544945937,-0.038571776469074684,-0.0021736486558108586,29.530413518743103,-0.06418884474263545,-5.50040513766013,-0.041015237421866746
1.9394596506008637,-9.993207056304973,-0.06021385919380437,-0.014137166941154071,-0.04363323129985824,-0.03769911184307752,-0.0016482534364328043,29.545092264939637,-0.04869784395520265,-5.5009287364357276,-0.06335545184739416
2.960349979594516,0.3799728557966019,-0.0603883921190038,0.012042771838760876,-0.0439822971502571,-0.028972465583105872,-0.0020771361795440734,29.571570846840217,-0.061424268030174464,-5.501452335211326,-0.04520402762665313
1.719986994671986,0.24573098286807457,-0.06021385919380437,0.004014257279586958,-0.044156830075456545,-0.02495820830351891,-0.002029284119907399,29.585848228745583,-0.06003817439688791,-5.501975933986925,-0.044156830075456545
1.7051739908340218,-1.861222920406048,-0.0603883921190038,-0.006457718232379019,-0.04450589592585541,-0.028099800957108706,-0.002455224171160959,29.615374082705852,-0.07271252839264639,-5.502499532762522,-0.05969026041820607
1.8875234658954865,0.6816977039474313,-0.06056292504420324,-0.019896753472735357,-0.04468042885105484,-0.02408554367752175,-0.00216905006055485,29.623641843459126,-0.06425526290336112,-5.5030231315381215,-0.052534410485029326
1.6748416725690194,-3.4975766169693223,-0.06073745796940267,-0.033161255787892266,-0.04485496177625427,-0.016755160819145562,-0.0019413836274204488,29.653746641590665,-0.057569370547427376,-5.503721263238919,-0.061086523819801536
2.0417339239826586,-3.2152511032071227,-0.06091199089460211,-0.028274333882308142,-0.04520402762665313,-0.0291469985083053,-0.0020656551800075575,29.667295331329765,-0.061282489440724716,-5.504070329089318,-0.06981317007977318
1.583690540410937,-4.778533274866445,-0.06126105674500097,-0.03787364476827695,-0.045553093477052,-0.04468042885105484,-0.0019023783531629261,29.68974949313646,-0.05648120488256642,-5.504942993715315,-0.07103490055616922
2.1502605690169503,-2.2717498505361657,-0.06161012259539984,-0.019547687622336492,-0.04590215932745086,-0.0317649923862968,-0.0015494226625522261,29.70313266809782,-0.04602274373384807,-5.505292059565714,-0.06318091892219473
1.7445806836422937,-5.722784775069467,-0.061784655520599266,-0.022863813201125717,-0.046251225177849735,-0.030543261909900768,-0.0023364057028956776,29.724059682911758,-0.06944758892305106,-5.506164724191711,-0.07923794804054256
1.8324723448603049,-5.9001372530459735,-0.06213372137099813,-0.033510321638291124,-0.046251225177849735,-0.026703537555513242,-0.001092571740840256,29.745548761892994,-0.03249915892458744,-5.506688322967309,-0.0736528944341607
2.016247911050461,-0.6454513646982887,-0.06265732014659643,-0.0317649923862968,-0.0466002910282486,-0.03647738136668149,-0.001401331912716485,29.768110693612677,-0.0417150308019414,-5.5075609875933065,-0.07103490055616922
1.6689918060468907,-2.087453296287235,-0.06300638599699529,-0.06021385919380437,-0.046774823953448036,-0.014835298641951801,-0.0011130279089556867,29.777629743126607,-0.03314334665298648,-5.508084586368905,-0.07417649320975901
1.9818590677878312,-1.0755968613762708,-0.06370451769779303,-0.03630284844148206,-0.0471238898038469,-0.02600540585471551,-0.0014196777153373911,29.798297127836186,-0.04230400680842283,-5.508957250994902,-0.07382742735936015
1.4132705570438757,-2.0504904751893025,-0.06405358354819189,-0.04729842272904633,-0.04729842272904633,-0.015707963267948967,-0.0008907065554230028,29.812279657471887,-0.026553999945291996,-5.5094808497705,-0.07103490055616922
1.8404056408954808,-4.866400457218372,-0.06440264939859076,-0.03612831551628262,-0.047472955654245766,-0.022863813201125717,-0.001254320819483289,29.84283299529465,-0.03743250636947558,-5.510528047321697,-0.08569566627292158
1.2161104135539402,-4.529245239411762,-0.06475171524898962,-0.04258603374866164,-0.047647488579445195,-0.022689280275926284,-0.0009648751349131538,29.850499312095298,-0.028802013489055,-5.511051646097295,-0.08569566627292158
1.9362395988769592,-2.9844460502415338,-0.06544984694978735,-0.044331363000655974,-0.04782202150464463,-0.014486232791552936,-0.0007931750489415052,29.873644896710076,-0.023695034722068707,-5.511924310723292,-0.0783652834145454
1.930676479512818,-3.691219890577617,-0.06579891280018622,-0.0291469985083053,-0.04782202150464463,-0.013788101090755204,-0.0005619885837420619,29.887172868671183,-0.016796251720778664,-5.512622442424091,-0.07906341511534314
1.75254503881411,-4.943315234064831,-0.0661479786505851,-0.04241150082346221,-0.04799655442984406,-0.00767944870877505,-0.0008613810017059717,29.910726928359193,-0.025764538295537723,-5.513495107050088,-0.0841248699461267
1.5611369752616762,-4.232811866131697,-0.06649704450098395,-0.04468042885105484,-0.0481710873550435,-0.010122909661567111,-0.00039654902432390986,29.91776361402784,-0.011863860592964608,-5.5141932387508845,-0.0895353906273091
1.5133758809190156,-5.303041120592691,-0.06702064327658225,-0.025830872929516076,-0.0481710873550435,0.005585053606381855,-0.00027917663798708575,29.946914924281323,-0.008360479243850267,-5.515240436302081,-0.08342673824532895
1.7400510532901676,-3.0504749588448243,-0.06719517620178168,-0.01832595714594046,-0.04799655442984406,0.030892327760299633,-0.00021982395409233927,29.9612018887989,-0.006586189974641849,-5.51576403507768,-0.08272860654453122
1.6756046637981752,-4.128800765852518,-0.06754424205218056,-0.0328121899374934,-0.047647488579445195,0.022514747350726852,-0.0005804456563997373,29.978651816348787,-0.0174009801857494,-5.516811232628877,-0.08918632477691024
1.4677970280839425,8.31486607988824,-0.06771877497737998,-0.03490658503988659,-0.047647488579445195,-0.015184364492350668,-0.0008168847174962274,29.992572464117607,-0.024500479534064656,-5.5175093643296735,-0.07051130178057091
2.2681740517361075,1.3771874010043135,-0.06824237375297829,-0.03246312408709453,-0.04782202150464463,-0.028099800957108706,0.0004789398477835843,30.015415842197395,0.014375579793796037,-5.518556561880871,-0.0788888821901437
1.851618373786133,-3.8142280469703858,-0.06859143960337716,-0.021642082724729686,-0.04782202150464463,-0.02181661564992912,0.000243980994030739,30.0299657553899,0.007326741041088047,-5.519254693581669,-0.08918632477691024
0.8801716716796592,-1.2065104388934575,-0.06894050545377602,-0.027401669256310976,-0.04782202150464463,0.010122909661567111,0.00012848469991078024,30.0531227755321,0.0038613664824442987,-5.520301891132865,-0.08621926504851989
1.9039621489086327,-3.936557246682899,-0.06911503837897545,-0.03420845333908886,-0.04782202150464463,0.017278759594743863,0.0003659106771285362,30.06816319962904,0.011002262447420861,-5.521000022833662,-0.0937241808320955
1.7132633442121454,-0.243922041876441,-0.06946410422937431,-0.00942477796076938,-0.047647488579445195,-0.0005235987755982988,0.0007229218387903083,30.088272207839317,0.021751472859737133,-5.522047220384859,-0.08290313946973066
1.500690227505666,-6.93395009517929,-0.06963863715457375,-0.023911010752322315,-0.047647488579445195,-0.014311699866353503,0.0007209002312920039,30.097839909473578,0.021697543510846466,-5.522745352085657,-0.09093165402890457
2.327708303539687,-3.049737173105906,-0.06998770300497262,-0.008726646259971648,-0.047647488579445195,-0.012740903539558606,0.0006101786114925803,30.119025894709395,0.018377987680761064,-5.523792549636854,-0.08744099552491591
1.6549680177960484,-5.221735316401364,-0.06998770300497262,-0.0022689280275926286,-0.047472955654245766,-0.003665191429188092,0.0006093491705972605,30.12732134598927,0.018358060546650956,-5.524490681337652,-0.09145525280450287
3.0874310328437446,1.483564402921882,-0.07016223593017205,0.016057029118347832,-0.047472955654245766,0.0022689280275926286,0.0009700383963620212,30.148249553386222,0.029244968822812578,-5.525537878888849,-0.0841248699461267
1.8579477810109912,-0.28462706432832424,-0.07016223593017205,0.022514747350726852,-0.047472955654245766,-0.003490658503988659,0.00020697296927740366,30.158078642133415,0.006241907173393681,-5.526410543514845,-0.09058258817850572
1.5079931041190715,-1.8605091413588133,-0.06981317007977318,0.02495820830351891,-0.047472955654245766,-0.013439035240356337,0.00034267414022496234,30.186544692464118,0.010344148653741716,-5.5274577410660415,-0.09756390518648302
1.986032926771422,-0.810036876062665,-0.06981317007977318,0.020420352248333655,-0.047472955654245766,-0.030019663134302467,0.0005186736420801653,30.194918597365007,0.015661309805623556,-5.528330405692039,-0.09337511498169664
1.4515423595570587,-3.203894868056084,-0.06963863715457375,0.013439035240356337,-0.04782202150464463,-0.028099800957108706,0.0008836673998055684,30.217473570599086,0.02670220324912448,-5.529377603243235,-0.09389871375729493
1.7811918037949666,-2.955665025353645,-0.06946410422937431,0.012042771838760876,-0.04782202150464463,-0.006283185307179586,0.0008342718329029209,30.232525258577695,0.02522215011237636,-5.530250267869233,-0.09896016858807849
1.9839922697130319,-3.5011702483084433,-0.06946410422937431,0.02076941809873252,-0.04799655442984406,-0.01937315469713706,0.0009083529215656883,30.25480992557917,0.027482052545841438,-5.531471998345629,-0.1069886831472524
2.0596232532697814,-1.7044217271172741,-0.06928957130417489,0.0291469985083053,-0.04799655442984406,-0.012740903539558606,0.0011538216506324901,30.268745458103616,0.03492474934553602,-5.532170130046427,-0.10262536001726658
2.5733974358285145,4.810276333188269,-0.06911503837897545,0.029321531433504737,-0.0481710873550435,-0.028274333882308142,0.0016461039954951775,30.29656476575894,0.049871341355468085,-5.533566393448022,-0.09896016858807849
2.0478852066925954,-0.6328234446497308,-0.06894050545377602,0.03595378259108319,-0.04834562028024293,-0.02600540585471551,0.001134615831066597,30.31223330695578,0.034392754543597026,-5.534439058074019,-0.11222467090323539
1.3901410692320524,-0.24511575901860727,-0.06876597252857658,-0.0019198621771937625,-0.04852015320544237,-0.016231562043547264,0.0020793262233909336,30.32823806242189,0.0630623915979302,-5.535835321475615,-0.1096066770252439
1.323762717343031,-6.225883229439063,-0.06876597252857658,-0.008726646259971648,-0.04852015320544237,0.016929693744344994,0.001794413382383773,30.336593130322942,0.05443644711598614,-5.536707986101612,-0.12688543661998777
1.9708888888210154,-0.7697708474731036,-0.06894050545377602,0.008552113334772215,-0.0481710873550435,0.022514747350726852,0.0020508531333021844,30.358296779876795,0.06226049536193732,-5.538104249503207,-0.11711159280881951
2.387142653553693,-2.426332347912103,-0.06894050545377602,0.01815142422074103,-0.04799655442984406,-0.027401669256310976,0.002183678960865855,30.375545051245698,0.06633054408465011,-5.539151447054404,-0.12723450247038662
2.0529634352100516,-12.293716620935673,-0.06894050545377602,0.008028514559173916,-0.0481710873550435,-0.01937315469713706,0.0019782466323641067,30.39729978020802,0.0601334343664373,-5.540547710455999,-0.13473941825396224
1.8909364569162106,-9.061756983712348,-0.06894050545377602,-0.007155849933176752,-0.0481710873550435,0.0066322511575784525,0.0030428122341873225,30.41200421973456,0.09253830410113391,-5.541594908007196,-0.13735741213195374
2.0059487649828993,-11.305977572498064,-0.06911503837897545,0.010995574287564275,-0.0481710873550435,-0.012391837689159739,0.002018533025993872,30.42691347492117,0.06141781314333555,-5.543340237259191,-0.1499237827463129
1.0744209517720622,-3.4670708359946403,-0.06911503837897545,-0.027227136331111543,-0.04799655442984406,-0.007330382858376184,0.0035484065142952098,30.442340331187673,0.1080222521181487,-5.544387434810387,-0.12671090369478832
1.6906933838507936,-5.934445684639034,-0.06963863715457375,-0.03735004599267865,-0.04782202150464463,0.011344640137963142,0.0028173811719757807,30.462184483033425,0.08582381209928396,-5.545958231137181,-0.15166911199830724
1.317893049977095,1.3003841120619433,-0.06998770300497262,-0.02652900463031381,-0.047647488579445195,-0.0024434609527920616,0.0031781828498700137,30.468627703413084,0.09683519606542301,-5.547005428688378,-0.1324704902263696
1.5733384588146684,-1.3599716535631226,-0.07033676885537149,-0.02879793265790644,-0.047647488579445195,-0.004014257279586958,0.0035737911596881006,30.500705813857472,0.10900361686632948,-5.548750757940373,-0.14852751934471745
1.7355449211362344,-6.331786819814799,-0.07051130178057091,-0.016057029118347832,-0.047647488579445195,-0.02199114857512855,0.0038898829216636537,30.515334176950805,0.11870167596355433,-5.549972488416769,-0.1556833692778942
1.1720846031108616,-4.24386101975304,-0.07086036763096978,-0.03490658503988659,-0.047647488579445195,0.006108652381980154,0.0043123945482271345,30.525315938414188,0.13163802204972566,-5.5515432847435635,-0.13910274138394807
1.4380658152787333,-2.8016607657891006,-0.07120943348136864,-0.04380776422505767,-0.047472955654245766,0.01780235837034216,0.004630061680669834,30.541333827119598,0.14140926991665148,-5.55276501521996,-0.14119713648634125
1.5335580995062148,-9.523282272411363,-0.07190756518216639,-0.03368485456349056,-0.0471238898038469,0.012566370614359171,0.004085043877023405,30.558826164500495,0.12483484011035963,-5.554510344471954,-0.1556833692778942
1.7635133426548584,-12.765156809167992,-0.07208209810736581,-0.024260076602721184,-0.0471238898038469,-0.008726646259971648,0.005154724630133164,30.574124690559767,0.15760258948557074,-5.55555754202315,-0.16074482410867777
1.1459114317758954,-12.900349026571089,-0.07260569688296412,-0.033335788713091695,-0.0471238898038469,-0.0041887902047863905,0.004613216731954074,30.593303857826708,0.1411345424416604,-5.557302871275145,-0.1541125729510993
2.2148717477681323,-7.949275855397243,-0.07278022980816354,-0.00767944870877505,-0.046949356878647465,0.0017453292519943296,0.005440671985033235,30.60053217880247,0.1664891008986158,-5.558350068826342,-0.14625859131712482
1.8667918814881885,-12.53771419808819,-0.07295476273336297,-0.019722220547535925,-0.046774823953448036,0.007853981633974483,0.004685504672158986,30.626067247647335,0.143499631308347,-5.560095398078335,-0.1567305668290908
1.267156763957658,-9.76542725764344,-0.07330382858376185,-0.021642082724729686,-0.0466002910282486,0.009250245035569947,0.005513748186397092,30.633964276996448,0.16890967667586648,-5.561142595629532,-0.14852751934471745
1.2663414477930344,-6.282407291174618,-0.07347836150896127,-0.008552113334772215,-0.046251225177849735,0.014311699866353503,0.004979921412577717,30.6522092263322,0.15264685493230376,-5.562887924881527,-0.14835298641951802
1.463937567541559,-9.484132997537314,-0.07347836150896127,-0.0015707963267948964,-0.0460766922526503,0.014311699866353503,0.006053117095355866,30.66610620268217,0.18562779885719455,-5.563935122432723,-0.1445132620651305
1.6587085004483542,-12.10216297228263,-0.0736528944341607,0.003490658503988659,-0.045727626402251434,0.010821041362364843,0.005062958082081615,30.68620697493738,0.155364307127086,-5.565680451684718,-0.15271630954950383
1.4066926865363163,2.024857658148626,-0.0736528944341607,-0.017453292519943295,-0.045553093477052,0.013788101090755204,0.0051474875204998854,30.696200819659325,0.1580097062232101,-5.5669021821611135,-0.1387536755335492
1.1467162544543625,1.6747416937485846,-0.07382742735936015,-0.020245819323134222,-0.04520402762665313,0.020420352248333655,0.006285112655323257,30.713117376996628,0.19303794455349763,-5.568472978487908,-0.13002702927357757
2.0615542603429593,-8.853549219367707,-0.07400196028455958,-0.0015707963267948964,-0.04468042885105484,0.04293509959906051,0.0059825342787654225,30.72918785684407,0.18384061297983884,-5.569520176039105,-0.14381513036433277
1.5617668698013727,-0.33344675574252325,-0.07400196028455958,0.008552113334772215,-0.044156830075456545,0.02199114857512855,0.006164518171482192,30.752064427285056,0.18957406133127283,-5.571265505291099,-0.13107422682477415
2.0011384021210237,-5.825260693163883,-0.07417649320975901,-0.0017453292519943296,-0.0439822971502571,0.020071286397934793,0.006078154220450264,30.764393143477363,0.18699302878453555,-5.572312702842296,-0.1382300767579509
2.1032822806543243,-3.055291678972587,-0.07417649320975901,0.0066322511575784525,-0.04363323129985824,0.026878070480712675,0.006018780978635598,30.780899605733616,0.18526573018611603,-5.574058032094291,-0.13997540600994524
1.873662090867813,-5.280774056560661,-0.07435102613495843,0.019896753472735357,-0.04328416544945937,0.0328121899374934,0.006180319102686028,30.796853010042412,0.19033680235675612,-5.575105229645487,-0.13805554383275148
2.0907812480597494,-2.6538198351699696,-0.07435102613495843,0.00820304748437335,-0.04276056667386108,0.05009094953223726,0.006336264158701529,30.808145922856056,0.1952111632758035,-5.5768505588974815,-0.13194689145077132
1.5109228809011865,-3.603311168366546,-0.07435102613495843,0.010995574287564275,-0.04223696789826278,0.03298672286269283,0.006254148877433124,30.817775655801228,0.19274147001685119,-5.577897756448678,-0.13264502315156906
1.3799259577446608,-9.449235696250923,-0.07417649320975901,0.015533430342749533,-0.041713369122664476,0.01884955592153876,0.006272401417432861,30.843363380694786,0.19346449335323562,-5.579468552775473,-0.1356120828799594
1.046544362853833,-10.208585411309352,-0.07417649320975901,0.01832595714594046,-0.04136430327226561,0.00820304748437335,0.006438688363517763,30.85804817330313,0.19868810135342904,-5.580515750326669,-0.14905111812031577
0.9878870008553117,-8.31892541502879,-0.07400196028455958,0.008028514559173916,-0.041189770347066175,0.01815142422074103,0.006352874364094326,30.865448739746995,0.19608695600075218,-5.5822610795786645,-0.13596114873035828
2.2773094425250844,-0.2319351350608275,-0.07382742735936015,0.026878070480712675,-0.04084070449666731,0.03874630939427412,0.0056080366332561405,30.883428460580195,0.17319721385973422,-5.583308277129861,-0.1349139511791617
1.5633226428568803,0.24420792997222096,-0.0736528944341607,0.02356194490192345,-0.040317105721069016,0.020594885173533087,0.0067210557432566135,30.90533250965669,0.2077195903146865,-5.585053606381854,-0.12740903539558607
1.2932648380897136,-3.380795569264987,-0.07330382858376185,0.014835298641951801,-0.04014257279586959,0.012566370614359171,0.006645230014673913,30.91390805579022,0.20543305360379205,-5.586100803933051,-0.13543754995475996
2.2117234396690137,-3.078086524398986,-0.07312929565856241,0.025132741228718343,-0.03961897402027128,0.0439822971502571,0.006674661145756838,30.939853177827946,0.20651610271052312,-5.5876716002598465,-0.13421581947836395
1.465692678155155,0.027847779119968018,-0.07295476273336297,0.017627825445142728,-0.039269908169872414,0.026703537555513242,0.006319615754894988,30.951162507550116,0.19560205817718385,-5.5888933307362425,-0.1322959573011702
0.7778529387589338,-2.725103990397503,-0.07278022980816354,0.006981317007977318,-0.03892084231947355,0.008377580409572781,0.006735423376091423,30.96953830358845,0.20859610663161052,-5.590638659988237,-0.14433872913993104
1.1866220665760436,-6.339781289332776,-0.07278022980816354,0.005934119456780721,-0.03874630939427412,0.0307177948351002,0.006911139050551691,30.983809551760384,0.21413682547145296,-5.591685857539433,-0.14521139376592823
1.5860373899612756,-9.317975359434357,-0.07260569688296412,0.020071286397934793,-0.03804817769347639,0.03822271061867582,0.006627885062937781,30.99726870100716,0.2054493426092486,-5.5934311867914275,-0.15062191444711065
1.7845185874724754,2.3042663120098403,-0.07260569688296412,0.006806784082777886,-0.03769911184307752,0.011519173063162575,0.006525300537551288,31.01657735106542,0.20239536150433904,-5.594652917267823,-0.1377064779823526
1.4312152268181977,2.5171302285121873,-0.07278022980816354,-0.012391837689159739,-0.03752457891787808,0.004537856055185257,0.007400870521352391,31.03365162327934,0.2296802309002113,-5.5963982465198185,-0.14294246573833558
1.3593792620359813,-9.248745468072897,-0.07295476273336297,-0.016231562043547264,-0.03717551306747922,0.044156830075456545,0.00750710147761637,31.043813854788088,0.23305343890759211,-5.5976199769962145,-0.15969762655748115
1.8792038049438724,-8.78643127747159,-0.07330382858376185,-0.015184364492350668,-0.03647738136668149,0.04834562028024293,0.00719910660428896,31.064369312283315,0.2236395698202718,-5.599539839173407,-0.16301375213627037
1.5447820797153515,-5.051647420365649,-0.07330382858376185,-0.015533430342749533,-0.03612831551628262,0.031415926535897934,0.007307720384763922,31.073980583127327,0.22708400366295542,-5.600761569649804,-0.1609193570338772
1.7152733845829276,-6.944002233780754,-0.0736528944341607,-0.013439035240356337,-0.03543018381548489,0.04310963252425994,0.0074566475164130975,31.09401377746871,0.23186139791263582,-5.602681431826997,-0.1616174887346749
1.1422763664974078,-5.460605231766034,-0.07382742735936015,-0.013613568165555772,-0.03508111796508603,0.05567600313861911,0.007566969704162502,31.10512055496206,0.235375997368007,-5.603903162303393,-0.16074482410867777
1.0054583803162518,-1.8767195119238609,-0.07417649320975901,-0.027052603405912107,-0.03420845333908886,0.05375614096142535,0.007922739935678415,31.117543452326114,0.2465413626828794,-5.605823024480587,-0.15341444125030157
1.9791797470269763,-10.592557853508547,-0.07452555906015788,-0.02199114857512855,-0.03368485456349056,0.045727626402251434,0.008208404391118047,31.13086404272083,0.25554046039343636,-5.607219287882182,-0.16580627893946132
1.4978130146485997,-5.688365996785022,-0.0747000919853573,-0.008377580409572781,-0.03298672286269283,0.04834562028024293,0.007941165666454354,31.142115405761665,0.2473098962909875,-5.608964617134177,-0.15550883635269477
1.3796799211265889,-3.3809969791706105,-0.07487462491055674,0.010821041362364843,-0.032637657012293965,0.04223696789826278,0.008027477867221576,31.160433797499643,0.25014506581497703,-5.610360880535772,-0.15289084247470328
1.7948438787384655,-3.478315729080051,-0.0747000919853573,0.02879793265790644,-0.031939525311496235,0.04345869837465881,0.007965161860727023,31.16422025952755,0.24823330827443052,-5.6121062097877665,-0.15446163880149816
1.842745489626591,-4.511358655084294,-0.0747000919853573,0.023736477827122883,-0.031415926535897934,0.04834562028024293,0.00762969924947985,31.178828279221428,0.2378896987758985,-5.6133279402641625,-0.16144295580947549
1.171683809504532,-8.618766143446567,-0.07452555906015788,0.014311699866353503,-0.0307177948351002,0.044156830075456545,0.007792392756583788,31.19900473587951,0.24311981939378552,-5.615247802441357,-0.15638150097869194
1.447740072261988,-7.108482462637404,-0.07435102613495843,0.02408554367752175,-0.030368728984701335,0.038571776469074684,0.00836090226134212,31.20900669561667,0.26094153502937034,-5.616469532917753,-0.15323990832510212
1.5489717290454403,-5.757359246067758,-0.07400196028455958,0.039968039870670144,-0.029670597283903602,0.03647738136668149,0.00782676034168075,31.22344147530286,0.24438338365029647,-5.618389395094947,-0.15795229730548685
1.0350720756737597,-8.943314957896686,-0.0736528944341607,0.040491638646268445,-0.029321531433504737,0.03769911184307752,0.008473608464917548,31.237549614546474,0.26470110022712817,-5.619436592646143,-0.15812683023068627
1.7282754853748825,-5.79472242636159,-0.07330382858376185,0.04206243497306335,-0.02879793265790644,0.0460766922526503,0.008392242748914135,31.25268363611732,0.26228626524257026,-5.621356454823336,-0.15271630954950383
1.7010914723867139,-1.5288702138337065,-0.07278022980816354,0.058643062867009474,-0.028274333882308142,0.05166174585903215,0.00806556619730521,31.264233656188665,0.2521692143371214,-5.622578185299734,-0.14590952546672595
1.8211091160218353,-0.5045803833703981,-0.07225663103256524,0.046251225177849735,-0.02757620218151041,0.04153883619746504,0.008687826384956033,31.283240594696785,0.27179020116986297,-5.624498047476926,-0.1488765851951163
1.8910444565003548,-6.312392713798159,-0.07208209810736581,0.04450589592585541,-0.027227136331111543,0.032637657012293965,0.00881240201951805,31.293727587824314,0.2757800471119192,-5.625719777953322,-0.1492256510455152
1.1356362730924165,-3.7499999526862955,-0.0715584993317675,0.03647738136668149,-0.026878070480712675,0.018675022996339326,0.008540976646681306,31.315749431507438,0.26747358851238645,-5.627639640130516,-0.1589994948566834
1.9897749574178163,-15.266529978094967,-0.07120943348136864,0.051487212933832724,-0.026703537555513242,0.0013962634015954637,0.009367436528250998,31.33065191293257,0.2934964778944871,-5.628861370606912,-0.17540558982543014
1.367224541256107,-7.1565442701468065,-0.07068583470577035,0.04450589592585541,-0.026354471705114377,0.022165681500327987,0.00884903743740537,31.346099201571818,0.2773900457745039,-5.6307812327841065,-0.15969762655748115
1.614670312802854,-1.4371244304135584,-0.07016223593017205,0.050265482457436686,-0.026179938779914945,0.010995574287564275,0.008705128167245856,31.358088504566815,0.2729830750317416,-5.632177496185701,-0.1635373509118687
1.7217618721350252,-1.3878285350695372,-0.06981317007977318,0.03752457891787808,-0.02600540585471551,0.009250245035569947,0.009336830818243205,31.378071220718088,0.2929802560957265,-5.6340973583628955,-0.16336281798666924
2.1709849750501364,-7.248185353186922,-0.06963863715457375,0.03420845333908886,-0.02600540585471551,-0.009599310885968814,0.009642161923954755,31.389527147172217,0.30267228347141384,-5.635493621764491,-0.16493361431346415
1.6777104289114897,-6.538542104103609,-0.06928957130417489,0.033510321638291124,-0.02600540585471551,-0.0164060949687467,0.009558840181916427,31.410678329117264,0.3002587992341717,-5.637588016866884,-0.17488199104983182
1.6976371865946267,-7.139149986022663,-0.06894050545377602,0.020420352248333655,-0.02600540585471551,-0.005759586531581287,0.009867008087403522,31.420935809547984,0.3100406894434033,-5.63898428026848,-0.17976891295541594
1.5621002496453624,1.9742416776918006,-0.06876597252857658,0.022863813201125717,-0.02600540585471551,-0.016580627893946133,0.010233421866095408,31.442999853813305,0.32178071492375626,-5.641078675370872,-0.17348572764823636
1.9038798564126493,-8.978958869034985,-0.06859143960337716,0.03438298626428829,-0.02600540585471551,-0.015184364492350668,0.010525451940442425,31.46122524881447,0.33115584348281857,-5.642649471697668,-0.18867009214058703
1.72284539341346,-15.217513386688072,-0.06824237375297829,0.022165681500327987,-0.02600540585471551,-0.01884955592153876,0.009674511158831977,31.474332273762617,0.30450827912774536,-5.6449183997252605,-0.20682151636132803
1.7038330808336934,3.942959012287034,-0.06824237375297829,-0.01710422666954443,-0.026179938779914945,-0.02600540585471551,0.010161357318370385,31.486700898596972,0.319958630932078,-5.6464891960520545,-0.18552849948699723
1.470864129879603,-2.6613795071165893,-0.06859143960337716,-0.020594885173533087,-0.026354471705114377,-0.032637657012293965,0.01158263247587504,31.513290208854418,0.3650231822580726,-5.648932657004847,-0.19861846887695472
2.015456302211816,-9.473052810995728,-0.06876597252857658,0.0029670597283903604,-0.026354471705114377,0.013439035240356337,0.011818229786557914,31.51904957264636,0.3725167138703626,-5.650503453331642,-0.21746802479849348
1.3435044218815908,-9.987288574548698,-0.06894050545377602,-0.00017453292519943296,-0.02600540585471551,0.007853981633974483,0.011579319131445203,31.536301032940692,0.3651852154530795,-5.653121447209634,-0.22130774915288098
1.3991087955890724,-0.6061583967365521,-0.06894050545377602,0.013264502315156905,-0.025830872929516076,0.006283185307179586,0.011991626769415134,31.540860796162644,0.37824436122863236,-5.654866776461628,-0.21135937241651329
1.364606545708972,-8.064278174952088,-0.06894050545377602,-0.0033161255787892262,-0.02530727415391778,0.028448866807507574,0.012911309505208883,31.556720109298237,0.40746122207377816,-5.6573102374144195,-0.21799162357409177
1.4330811923798379,-8.385437323249045,-0.06911503837897545,-0.013962634015954637,-0.025132741228718343,0.022863813201125717,0.013309458332197434,31.57277700878148,0.42024137441102694,-5.659230099591613,-0.22741640153486117
1.283878809519379,-3.3861934108722362,-0.06928957130417489,-0.012391837689159739,-0.024783675378319478,0.009075712110370514,0.013628797959705941,31.577138858097456,0.4303850931413451,-5.662022626394805,-0.22549653935766736
2.0673356125895146,-6.982986621650388,-0.06946410422937431,0.012740903539558606,-0.024434609527920616,0.02234021442552742,0.013668699232250909,31.600200222203668,0.43196053439423265,-5.663767955646799,-0.23422318561763902
1.9026269602031458,-6.838183176785309,-0.06928957130417489,0.029670597283903602,-0.023911010752322315,0.020071286397934793,0.014061232136310813,31.615472021651282,0.4445817922262309,-5.66656048244999,-0.23439771854283845
1.0929584496190232,-9.786351393251742,-0.06911503837897545,0.01832595714594046,-0.023736477827122883,0.022689280275926284,0.013327631515399889,31.629712033032057,0.4215741080174103,-5.668480344627184,-0.24713862208239706
0.8405312009694208,-6.572393661232708,-0.06894050545377602,0.016929693744344994,-0.023212879051524585,0.005759586531581287,0.015222048207833341,31.641445388604925,0.4816848114954936,-5.671447404355574,-0.23771384412162772
1.7573375537416986,-4.549799576291783,-0.06894050545377602,0.014486232791552936,-0.02303834612632515,0.010297442586766544,0.015558751863257997,31.643522278502243,0.49237344224610147,-5.673367266532767,-0.23806290997202656
1.6556770204143085,-13.016360019243312,-0.06876597252857658,0.023387411976724018,-0.022689280275926284,0.005061454830783556,0.01569217767999251,31.663854113455578,0.4969156130203113,-5.676334326261158,-0.2556907354171693
1.4899381379310277,-9.632781323762963,-0.06859143960337716,0.020594885173533087,-0.022514747350726852,-0.0027925268031909274,0.016544256450970955,31.676190801702855,0.5241068430702273,-5.678254188438352,-0.2553416695667704
1.8398909794676288,-10.062758844716624,-0.06841690667817772,0.032114058236695664,-0.02234021442552742,0.008028514559173916,0.016683521684854635,31.696872644441402,0.5288645310489671,-5.681221248166742,-0.2542944720155738
1.3693712412330699,-10.31717859894067,-0.06824237375297829,0.020245819323134222,-0.02199114857512855,0.012915436464758038,0.017894527380442254,31.702345141140942,0.5673590432355938,-5.683315643269135,-0.2525491427635795
1.462903875765688,-11.603644354523976,-0.06806784082777885,0.028972465583105872,-0.021642082724729686,0.0033161255787892262,0.017698453271089973,31.711361244171584,0.5613006527495907,-5.686457235922725,-0.2605776573227534
0.9456862539746309,-8.208204807063744,-0.06789330790257943,0.012042771838760876,-0.02129301687433082,0.0020943951023931952,0.018555570543970137,31.723914823654535,0.5887229085630871,-5.688377098099919,-0.25481807079117214
1.2054131240112083,-3.7272605460778347,-0.06771877497737998,0.01780235837034216,-0.02111848394913139,-0.0029670597283903604,0.01905808240783187,31.740319027687928,0.6049828628312325,-5.691518690753509,-0.2528982086139784
1.7112455942530727,-9.574576331302291,-0.06754424205218056,0.02234021442552742,-0.020943951023931952,0.005934119456780721,0.019394815508146666,31.750713091762144,0.6158764470659284,-5.693613085855902,-0.26703537555513246
1.3465982337978561,-9.796309919871325,-0.06736970912698112,0.024434609527920616,-0.020594885173533087,0.03595378259108319,0.019724558726051934,31.771719294245578,0.62676442777221,-5.6967546785094925,-0.2686061718819273
1.379360411130325,-6.859656503978978,-0.06719517620178168,0.031241393610698498,-0.020245819323134222,0.033335788713091695,0.020243793057441336,31.77336276371457,0.6433012602732845,-5.698849073611885,-0.26511551337793865
0.8093039453677314,-11.276843052261372,-0.06702064327658225,0.004537856055185257,-0.019722220547535925,0.02129301687433082,0.021014112660491937,31.795247673661297,0.6682472840040583,-5.701990666265474,-0.2591813939211579
1.2394683596575515,-12.133407652451796,-0.06684611035138283,0.02129301687433082,-0.01937315469713706,0.0,0.021358865936005934,31.802739007739177,0.6793737523695369,-5.704085061367867,-0.27611108766550296
1.8864162680173666,-13.057364122194457,-0.06649704450098395,0.040491638646268445,-0.019198621771937627,-0.004886921905584123,0.021353414397874887,31.815584053606752,0.6794746267114399,-5.707401186946657,-0.2741912254883092
1.4205621201536658,-9.303698553605956,-0.06632251157578453,0.031939525311496235,-0.019024088846738195,-0.0017453292519943296,0.021002503232589603,31.824239636340632,0.668486989743703,-5.70949558204905,-0.2759365547403035
1.8968956796269505,-13.389827072135862,-0.06597344572538566,0.02879793265790644,-0.018675022996339326,0.024260076602721184,0.02221996342431699,31.842557259673253,0.7076569245371879,-5.71263717470264,-0.2754129559647052
1.2243106425170345,-5.456226040411705,-0.06597344572538566,0.023736477827122883,-0.018500490071139894,-0.0013962634015954637,0.023178721822450073,31.849992950382546,0.7383743626965293,-5.714906102730232,-0.260403124397554
2.015110197933957,-2.302992673073397,-0.0656243798749868,0.04345869837465881,-0.01832595714594046,0.0041887902047863905,0.02396662935258731,31.868875821635687,0.763935808372426,-5.718047695383823,-0.2590068609959585
2.08768034069089,-14.912528446759108,-0.06544984694978735,0.034033920413889425,-0.01815142422074103,-0.007330382858376184,0.025187172973404243,31.874814721759485,0.8030062864459313,-5.720142090486216,-0.27052603405912107
1.8134961122871984,-2.528262039093705,-0.06527531402458793,0.012915436464758038,-0.01815142422074103,0.00034906585039886593,0.024759362038024767,31.893319458481958,0.7898196429909409,-5.723458216065005,-0.26790804018112957
1.660960317894105,-2.7108335038790816,-0.0651007810993885,-0.00034906585039886593,-0.017976891295541596,0.004014257279586958,0.024853270091081413,31.908759529764506,0.7932003415835687,-5.725727144092597,-0.2710496328347194
1.7622564236563043,-7.949157247260201,-0.06527531402458793,-0.0005235987755982988,-0.017627825445142728,0.00034906585039886593,0.02530091204030541,31.919402646480975,0.8077623653906344,-5.729043269671386,-0.28483773392547457
1.11653979317721,-4.889721054550445,-0.06527531402458793,-0.005235987755982988,-0.017453292519943295,0.016231562043547264,0.02583417636280895,31.929249898270555,0.8250494284513823,-5.731312197698979,-0.27192229746071656
1.686333673558826,-11.500813886499184,-0.0651007810993885,0.02652900463031381,-0.01710422666954443,0.00034906585039886593,0.026375012526774936,31.944473956936026,0.8427313227388171,-5.734453790352569,-0.27872908154349446
0.9212382832176019,-2.854690642649273,-0.0651007810993885,0.0024434609527920616,-0.01710422666954443,-0.003665191429188092,0.02690991529305734,31.956494150843675,0.8601541857189723,-5.736722718380162,-0.2617993877991494
1.2112452678128358,-4.368078984151972,-0.0651007810993885,-0.006283185307179586,-0.016755160819145562,0.003839724354387525,0.027620734991423646,31.96799863218362,0.8832042301579819,-5.7398643110337515,-0.2642428487519415
0.9587836446394064,-7.551721539581281,-0.06527531402458793,-0.02234021442552742,-0.0164060949687467,0.023212879051524585,0.027463807939494073,31.97778420078435,0.8784525954976604,-5.742133239061344,-0.2715732316103177
1.9243839893350398,-6.646369278111958,-0.06544984694978735,-0.01064650843716541,-0.016057029118347832,0.040317105721069016,0.028179257037672604,31.987635053114147,0.9016264544883583,-5.7452748317149345,-0.26127578902355114
0.8191257857876483,-7.829256845193869,-0.0656243798749868,-0.0012217304763960308,-0.015707963267948967,0.03787364476827695,0.02811624291242552,32.00173335714479,0.900005679618986,-5.7473692268173275,-0.2630211182755455
1.3815815382537462,-5.425094821274464,-0.06544984694978735,0.033161255787892266,-0.015184364492350668,0.024434609527920616,0.02910161245977978,32.01450276673594,0.9319367544063094,-5.750510819470917,-0.24434609527920614
1.499570115186396,-3.4644157389848877,-0.06527531402458793,0.023387411976724018,-0.014660765716752368,0.044156830075456545,0.02876776287952725,32.01749994546769,0.9213260187296645,-5.752430681648112,-0.24225170017681297
0.9948778242719272,-1.3070898201344516,-0.06527531402458793,0.005759586531581287,-0.013962634015954637,0.05201081170943102,0.029488139899328834,32.02937564779517,0.9447605648401323,-5.7555722743017,-0.2462659574563999
1.0282315146172467,-8.428796195478487,-0.06527531402458793,-0.0,-0.013439035240356337,0.052708943410228755,0.02899184296696825,32.04061894960173,0.9291769404962071,-5.757492136478894,-0.24853488548399252
1.7060573221388278,-7.8880500267895775,-0.0651007810993885,0.0153588974175501,-0.012566370614359171,0.0614355896702004,0.029368594899964386,32.0512961335107,0.9415722542631354,-5.760284663282086,-0.2350958502436362
1.0086119135262226,-1.9242723685738834,-0.06492624817418906,0.031066860685499065,-0.012042771838760876,0.06544984694978735,0.02887847436314079,32.05972698623806,0.9260934617493417,-5.762204525459279,-0.22602013813326569
0.890567515090734,-8.330506723997921,-0.06440264939859076,0.041189770347066175,-0.010995574287564275,0.061086523819801536,0.029686293512082955,32.06783863836845,0.9522550197249674,-5.76499705226247,-0.22287854547967587
1.5332300803852548,-5.840080010106636,-0.06422811647339133,0.06213372137099813,-0.010297442586766544,0.07243116395776468,0.029715692155502158,32.08184051723826,0.9536148008478753,-5.766742381514464,-0.21293016874330822
1.94655373679257,-7.501936953068469,-0.0635299847725936,0.052534410485029326,-0.009250245035569947,0.08499753457212385,0.029231800360549613,32.09049044523905,0.9383300925039787,-5.769360375392456,-0.22619467105846514
1.3018165015857226,0.7173550338015002,-0.06318091892219473,0.052185344634630454,-0.008377580409572781,0.07906341511534314,0.02942547094460847,32.095476431194385,0.9446971828979471,-5.771105704644451,-0.19774580425095753
1.7986720087021213,-8.28456601754847,-0.06265732014659643,0.05201081170943102,-0.007504915783575617,0.06475171524898962,0.029729813271372446,32.11248033799023,0.9549794173171654,-5.773549165597243,-0.205599785884932
1.124323467338594,-11.026912505819826,-0.06213372137099813,0.07958701389094143,-0.0066322511575784525,0.08063421144213803,0.030020359257947254,32.120233103017874,0.9645507127100086,-5.7751199619240365,-0.20542525295973257
1.2873762640813506,-2.701446736576306,-0.061086523819801536,0.08970992355250854,-0.0054105206811824215,0.09861110273767963,0.030156184367382505,32.13537744226073,0.9693742328547734,-5.777388889951629,-0.1837831702350029
1.2289654802393448,-4.0995872420468045,-0.0603883921190038,0.08761552845011535,-0.004537856055185257,0.10297442586766545,0.029503144152536,32.14686459461308,0.9487088594563653,-5.779134219203624,-0.1907644872429802
1.3659139868959425,-6.638498080734802,-0.059341194567807204,0.07243116395776468,-0.003141592653589793,0.10646508437165411,0.02952956307734346,32.1524099134567,0.9497226838511871,-5.781403147231217,-0.19181168479417682
1.6274994820385622,-9.924279968097162,-0.05881759579220891,0.08360127117052839,-0.0020943951023931952,0.09389871375729493,0.02924224202957577,32.173348971780676,0.9410891173311087,-5.782973943558012,-0.20804324683772407
2.2375025522784093,-7.492885417592167,-0.05777039824101231,0.07958701389094143,-0.0010471975511965976,0.07923794804054256,0.02929030198291459,32.18657794296776,0.9430242835322403,-5.785417404510804,-0.19582594207376378
2.850337960553216,-8.019635104036599,-0.057246799465414014,0.0747000919853573,-0.00017453292519943296,0.07853981633974483,0.028737392964603623,32.205359993929754,0.9257529403201071,-5.786988200837598,-0.21275563581810877
2.294893414863564,-11.00562426041816,-0.056548667764616284,0.05811946409141117,0.0006981317007977319,0.0614355896702004,0.028905250220838112,32.23061121457917,0.9318934328971077,-5.78943166179039,-0.21223203704251048
1.9937314474765278,-10.858653969431222,-0.056025068989017976,0.04921828490624009,0.0012217304763960308,0.06894050545377602,0.0289567534701493,32.24375661699957,0.9339355588902004,-5.791176991042385,-0.23003439541285262
1.8769396162838443,-4.212292758247227,-0.055326937288220246,0.04886921905584123,0.0022689280275926286,0.06649704450098395,0.029304735001244465,32.26973359007595,0.9459267839792719,-5.793794984920376,-0.21275563581810877
2.864709304401492,-6.119324529380772,-0.055326937288220246,0.027227136331111543,0.002617993877991494,0.023387411976724018,0.028570658537166522,32.28144407104447,0.9225531506415249,-5.79571484709757,-0.2398082392240209
2.328010644528193,-5.374663330895171,-0.05515240436302082,0.008552113334772215,0.0029670597283903604,-0.012915436464758038,0.029274711944925983,32.30672720939255,0.9460404033510793,-5.79868190682596,-0.24015730507441974
1.9799973086663327,-10.882116100988497,-0.05515240436302082,-0.019547687622336492,0.0029670597283903604,-0.015184364492350668,0.029236331898725824,32.31871795074961,0.9451500730325035,-5.800601769003155,-0.24818581963359368
1.7189702685868087,-0.61931288946017,-0.05550147021341968,-0.025132741228718343,0.0029670597283903604,-0.013788101090755204,0.028890452184880955,32.33494121478852,0.9344310643926818,-5.803743361656744,-0.2619739207243489
1.4633472240599055,-17.81891702554663,-0.05585053606381855,-0.04293509959906051,0.0027925268031909274,-0.023387411976724018,0.029870903897044093,32.33789312890042,0.966249500419765,-5.8058377567591375,-0.273318560862312
1.791857375356116,-9.12038914373132,-0.05637413483941684,-0.041189770347066175,0.002617993877991494,-0.032114058236695664,0.0292581527996762,32.35111980891865,0.9468041892927438,-5.808979349412727,-0.2644173816771409
0.9468406424425391,-8.581537735419666,-0.05672320068981571,-0.06056292504420324,0.0024434609527920616,-0.04328416544945937,0.02957611606221698,32.361649866088776,0.9574110927313924,-5.81124827744032,-0.2644173816771409
0.44104915443250375,-8.807113949159048,-0.05742133239061344,-0.07609635538695278,0.0019198621771937625,-0.06422811647339133,0.02938416885048381,32.37452475243335,0.9515723893979937,-5.814389870093909,-0.26651177677953414
1.1296357416308804,-10.670872462822997,-0.057944931166211744,-0.06736970912698112,0.0015707963267948964,-0.0328121899374934,0.029677844272104056,32.376585754883436,0.9611494719628626,-5.816484265196302,-0.2652900463031381
0.926582304577421,-2.1447471436613705,-0.05899212871740834,-0.07452555906015788,0.0015707963267948964,-0.009075712110370514,0.03008375908744921,32.38241074593508,0.97447863958995,-5.819800390775091,-0.25132741228718347
0.2888884817235324,-3.853034605250095,-0.05951572749300664,-0.0783652834145454,0.0013962634015954637,-0.006981317007977318,0.02978624801202887,32.38938039829966,0.9650435365411633,-5.821720252952286,-0.2345722514680379
0.5088265851871805,-6.60695646326802,-0.0603883921190038,-0.06702064327658225,0.0015707963267948964,-0.015009831567151233,0.029571987135311468,32.39285055317471,0.9582002922792308,-5.824687312680676,-0.24644049038159935
1.0616227240339127,-3.8457032317361732,-0.06091199089460211,-0.0651007810993885,0.0015707963267948964,-0.004537856055185257,0.029547944072089185,32.40580942359554,0.9578038074534145,-5.8266071748578705,-0.22427480888127135
0.5881652688311605,-2.1748884782616367,-0.0614355896702004,-0.040491638646268445,0.0015707963267948964,-0.023736477827122883,0.02985326072725829,32.406847026441774,0.9677375588225912,-5.82939970166106,-0.22375121010567306
0.339752671297815,-6.916296346634979,-0.061784655520599266,-0.020420352248333655,0.0015707963267948964,-0.005759586531581287,0.029801348599767543,32.410107091285575,0.9661509359642139,-5.8311450309130555,-0.20367992370773827
-0.017694859289975308,-12.745221013099286,-0.061784655520599266,-0.005061454830783556,0.0015707963267948964,0.0015707963267948964,0.02906808916663611,32.413559996339046,0.942465713800106,-5.833588491865847,-0.2033308578573394
-0.49547223120581835,-10.405256545098135,-0.0619591884457987,-0.005585053606381855,0.0017453292519943296,0.030368728984701335,0.02898310760862144,32.40958219834875,0.939593515753243,-5.835159288192641,-0.19617500792416265
-0.3868270985587708,-13.18180594111577,-0.061784655520599266,0.01064650843716541,0.0020943951023931952,0.005934119456780721,0.02804105965826712,32.40612771255717,0.9089404065620429,-5.837253683295035,-0.18465583486100007
-0.09689495228467435,-3.249374304415057,-0.06161012259539984,0.02652900463031381,0.0022689280275926286,0.008552113334772215,0.027781988573525263,32.40083899429988,0.900391402999783,-5.8386499466966315,-0.16039575825827887
0.08430409567861918,-2.2682459183436823,-0.061086523819801536,0.052708943410228755,0.0024434609527920616,0.0054105206811824215,0.0273899618545455,32.40463424550706,0.8877837150759474,-5.840744341799025,-0.16336281798666924
0.06801986834228109,-6.261734120143788,-0.06056292504420324,0.06876597252857658,0.002617993877991494,0.04258603374866164,0.026716090254725728,32.40385700489971,0.8659103925113304,-5.84214060520062,-0.16179202165987433
-0.17701314658973075,-2.0532814698361777,-0.05951572749300664,0.079412480965742,0.0029670597283903604,0.013962634015954637,0.0268053795016779,32.39772782354741,0.8686414471099265,-5.843885934452613,-0.14206980111233844
-1.3628809388191598,-8.453641788671282,-0.05899212871740834,0.046949356878647465,0.0033161255787892262,0.023911010752322315,0.02636889658259852,32.394918346707634,0.854416291409944,-5.84510766492901,-0.14119713648634125
-0.973476345202018,0.05946347860828795,-0.05846852994181004,0.040491638646268445,0.003839724354387525,0.03804817769347639,0.025211807533488156,32.384474254075116,0.8166441685700726,-5.846852994181004,-0.1445132620651305
-0.8574109922384802,-13.63267073236404,-0.05811946409141117,0.03159045946109736,0.0041887902047863905,0.03595378259108319,0.02518860959771655,32.37577185434931,0.815673190611039,-5.8480747246574,-0.15166911199830724
-0.3790361187672694,2.155704673572167,-0.05759586531581288,0.04153883619746504,0.004537856055185257,0.028099800957108706,0.024203653878812122,32.363753685911796,0.7834740891854671,-5.849994586834594,-0.13980087308474579
-0.27112225523875316,-1.0192277196991688,-0.057246799465414014,0.06213372137099813,0.005061454830783556,0.05009094953223726,0.022385126591397617,32.35922040624144,0.7244862611156171,-5.85121631731099,-0.1525417766243044
-1.3906061665873741,-3.249602062533673,-0.056548667764616284,0.052185344634630454,0.005759586531581287,0.03892084231947355,0.02315978228772786,32.35467971031724,0.7494613404428636,-5.852961646562984,-0.14416419621473162
-1.6812532025064357,-4.856408982261848,-0.056025068989017976,0.03420845333908886,0.006108652381980154,0.04084070449666731,0.022577055642620445,32.33803353214191,0.730221657009757,-5.85418337703938,-0.14294246573833558
-1.4788147013137072,-10.769948220312129,-0.05567600313861911,0.023212879051524585,0.0066322511575784525,0.039269908169872414,0.021131205259328212,32.32435106387904,0.6831541826853613,-5.855928706291374,-0.1610938899590766
-0.5668737683952004,-8.355242975049531,-0.05567600313861911,0.02530727415391778,0.007155849933176752,0.03874630939427412,0.021101076639035786,32.31775017169994,0.6820405536003851,-5.857150436767771,-0.1642354826126664
-1.2356195738458537,-12.332899712163638,-0.05567600313861911,-0.0066322511575784525,0.00767944870877505,0.016929693744344994,0.020412642491972263,32.29804635978662,0.6593800586848769,-5.859244831870163,-0.17034413499464657
-0.8733764182620098,-3.4952667302290257,-0.05567600313861911,-0.020594885173533087,0.007853981633974483,-0.0022689280275926286,0.0203811053879196,32.29049586912881,0.6582071392961906,-5.86046656234656,-0.15463617172669758
-0.8725478858988768,-6.122046881144871,-0.05567600313861911,-0.003141592653589793,0.007853981633974483,-0.0020943951023931952,0.019662878089803854,32.28221731524687,0.6348431218532906,-5.862386424523753,-0.16877333866785166
-0.591504955287131,-11.047985195519793,-0.05567600313861911,0.020943951023931952,0.008028514559173916,-0.0006981317007977319,0.020322985322413386,32.27272755049905,0.6559684809932748,-5.863608155000149,-0.15533430342749532
-0.9091872929898567,-7.69520287492559,-0.05550147021341968,0.010995574287564275,0.00820304748437335,0.019198621771937627,0.01904047743433795,32.257767543939835,0.614277530143806,-5.865528017177343,-0.16214108751027323
-1.1979322443522826,-8.16870820694072,-0.05550147021341968,-0.016929693744344994,0.008377580409572781,0.033161255787892266,0.018898098636326098,32.24748994274314,0.6094888046705549,-5.86692428057894,-0.16528268016386302
-0.7075498067297655,-2.71990138298702,-0.05567600313861911,-0.016755160819145562,0.008726646259971648,0.010821041362364843,0.018996356091518677,32.23236888963601,0.6123712192809068,-5.868844142756132,-0.15166911199830724
-1.2835190403076482,-2.3953138804673024,-0.056025068989017976,-0.03368485456349056,0.008726646259971648,-0.025830872929516076,0.01785467086418737,32.23148009131314,0.5755436288405839,-5.870065873232528,-0.15812683023068627
-1.4212537272502583,-3.444416718304852,-0.05619960191421741,-0.013089969389957472,0.008726646259971648,-0.00471238898038469,0.018362203099283457,32.20977622860123,0.591508934174652,-5.871985735409722,-0.14870205226991687
-0.8907938792855516,0.6122202956237665,-0.05619960191421741,0.003839724354387525,0.008726646259971648,0.012391837689159739,0.017219499877852103,32.20752060614964,0.5546522184210565,-5.873207465886118,-0.14643312424232427
-0.898925786838701,1.695688798430572,-0.056025068989017976,0.013788101090755204,0.009075712110370514,0.015707963267948967,0.017832461038566883,32.18956146742405,0.5740799538437233,-5.874952795138113,-0.13578661580515886
-1.6704076823070488,-10.14931891224396,-0.056025068989017976,-0.013613568165555772,0.009075712110370514,0.013962634015954637,0.01624757448786166,32.173842373275356,0.5227929042611463,-5.876174525614509,-0.15481070465189706
-0.7468134298902751,-8.592706319531548,-0.056025068989017976,0.0029670597283903604,0.009599310885968814,0.02111848394913139,0.016446265450402238,32.161255933751505,0.5289802459615982,-5.877919854866503,-0.15132004614790837
-1.1825619324775765,-10.232052345974902,-0.056025068989017976,0.014660765716752368,0.009599310885968814,-0.0012217304763960308,0.01668841938350112,32.15743146098451,0.5367065282960684,-5.879141585342899,-0.15550883635269477
-0.9085825666206325,-5.338646131787702,-0.05567600313861911,0.0471238898038469,0.009773843811168246,-0.0010471975511965976,0.01619126642150277,32.14529248489425,0.5205184814883499,-5.880886914594893,-0.14556045961632708
-0.8117729094223668,-0.8339808797090646,-0.055326937288220246,0.05061454830783556,0.009773843811168246,0.008726646259971648,0.015579002285930099,32.13050821859837,0.5006017612098707,-5.882108645071289,-0.13700834628155487
-1.2435905880721854,-6.584831946785294,-0.054628805587422516,0.052708943410228755,0.009948376736367679,0.0010471975511965976,0.015488484897220437,32.114530850235,0.49744520459277924,-5.883853974323284,-0.14870205226991687
-0.9276222123222452,1.0279717998519902,-0.054279739737023644,0.04014257279586959,0.009948376736367679,-0.019547687622336492,0.01498319782727779,32.10498427980627,0.48107133080942244,-5.88490117187448,-0.13718287920675432
-1.0178386388323368,-9.934518501329984,-0.05375614096142535,0.041713369122664476,0.009948376736367679,-0.021467549799530253,0.014653557840354423,32.09498325780833,0.4703393588505583,-5.886821034051675,-0.16283921921107095
-1.0899751019129966,-11.068996777636388,-0.053407075111026485,0.06894050545377602,0.009948376736367679,-0.02234021442552742,0.015303241187443023,32.08514833375682,0.4910450965694605,-5.888042764528071,-0.1647590813882647
-1.2196612509136018,-5.082770155056127,-0.052534410485029326,0.06370451769779303,0.009773843811168246,-0.02199114857512855,0.015095738890209204,32.065150717867525,0.48408391449995847,-5.889962626705264,-0.15742869852988853
-1.2129088416334641,-9.938621892848213,-0.05201081170943102,0.07347836150896127,0.009773843811168246,-0.0024434609527920616,0.015047473510083951,32.058071155438434,0.4824293886382295,-5.89118435718166,-0.1736602605734358
-1.6016867699768778,-7.493041324149567,-0.05113814708343386,0.06318091892219473,0.009948376736367679,-0.005585053606381855,0.014201171384308417,32.03653838759793,0.45498695884922374,-5.893453285209253,-0.18727382873899157
-1.6553084229485073,-6.297690286363373,-0.05061454830783556,0.04310963252425994,0.009773843811168246,-0.025132741228718343,0.014733920655301595,32.02612386400811,0.4719045167383564,-5.894849548610848,-0.18919369091618532
-1.675443022491246,-8.581390787958423,-0.05009094953223726,0.0307177948351002,0.009599310885968814,-0.0322885911618951,0.014177906698038452,31.99559050735896,0.4536608946209385,-5.89729300956364,-0.2092649773141201
-1.5193347391207144,-4.714663164937281,-0.04974188368183839,0.041189770347066175,0.00942477796076938,-0.04921828490624009,0.014353239621084377,31.996427214250133,0.45928392712530697,-5.898863805890436,-0.21851522234969006
-1.224476720213859,-6.656501365544215,-0.04921828490624009,0.04904375198104066,0.00890117918517108,-0.0661479786505851,0.015125430766107433,31.968566993393573,0.4835752245426616,-5.9016563326936256,-0.2209586833024821
-1.4070555192185492,-5.815957412726185,-0.04886921905584123,0.06021385919380437,0.008552113334772215,-0.03595378259108319,0.015016638113166345,31.9542911310525,0.47988209766498735,-5.903401661945621,-0.23841197582242543
-2.1987445353360027,-6.8743757914193315,-0.0481710873550435,0.040317105721069016,0.00820304748437335,-0.0481710873550435,0.01566315452589822,31.935978656132683,0.5002590795512487,-5.906194188748811,-0.2415535684760152
-2.534794511826053,-8.656502544136622,-0.04799655442984406,0.010995574287564275,0.008028514559173916,-0.05899212871740834,0.01630780899742383,31.917554151906906,0.5205515235539233,-5.9082885838512045,-0.2541199390903744
-1.4890061834834978,-1.7229189038411163,-0.047647488579445195,0.020594885173533087,0.007504915783575617,-0.040491638646268445,0.01724319957806774,31.89001479502219,0.5499403949519007,-5.911255643579595,-0.24958208303518914
-2.0807426248503447,-8.343019981031372,-0.047472955654245766,0.014137166941154071,0.007330382858376184,-0.027052603405912107,0.016194547097584985,31.871805375102127,0.5161945803287815,-5.913350038681988,-0.27052603405912107
-1.4465204635312021,-3.720697435216917,-0.0471238898038469,0.040491638646268445,0.006981317007977318,-0.04380776422505767,0.01805432910600445,31.850161266731597,0.5750957807902124,-5.916666164260777,-0.2701769682087222
-1.321162463314984,-4.862498478883827,-0.046774823953448036,0.04834562028024293,0.006806784082777886,-0.028623399732707007,0.01915681864489308,31.834107212253514,0.6099148300131093,-5.91893509228837,-0.26563911215353697
-1.2629450570520893,-6.234224237577913,-0.0460766922526503,0.059166661642607775,0.006806784082777886,-0.009773843811168246,0.01943848960459183,31.817641595367228,0.6185648066000042,-5.92207668494196,-0.27785641691749724
-1.2992911937817275,-6.2847118044728445,-0.045727626402251434,0.056025068989017976,0.006806784082777886,-0.014486232791552936,0.019661385865755183,31.791635316626547,0.6251481658680873,-5.924345612969552,-0.2694788365079245
-1.7674205684738618,-7.420817762161681,-0.045029494701453704,0.04206243497306335,0.0066322511575784525,-0.03385938748868999,0.020695618633585895,31.78428674470064,0.6578894062611771,-5.927661738548341,-0.28256880589788197
-1.2831946363686977,2.851698322263853,-0.04450589592585541,0.08307767239493008,0.0066322511575784525,-0.010995574287564275,0.0207987271770309,31.76658708510989,0.6607998653652436,-5.929930666575934,-0.273318560862312
-2.4125440610729596,-7.270239316235751,-0.04345869837465881,0.06876597252857658,0.006806784082777886,0.013439035240356337,0.022646802583881107,31.746288254354948,0.7190748595497072,-5.933246792154723,-0.27314402793711257
-1.456680371795587,-7.847868702229715,-0.04276056667386108,0.09145525280450287,0.006806784082777886,-0.02408554367752175,0.023273216394160197,31.726009832394332,0.738499631254569,-5.935341187257117,-0.2754129559647052
-1.5069569625540087,-6.203268817398275,-0.041713369122664476,0.08744099552491591,0.0066322511575784525,-0.02652900463031381,0.023827964227053387,31.7016502041409,0.7555287817475455,-5.938657312835906,-0.28047441079548874
-1.3687506361306334,-5.2588117237255005,-0.041015237421866746,0.1059414855960558,0.006457718232379019,-0.03298672286269283,0.02480484393669752,31.69548021505409,0.7863627246754135,-5.940926240863498,-0.27401669256310973
-1.0217479610555833,-2.849808476857357,-0.039793506945470715,0.10890854532444617,0.006283185307179586,-0.02495820830351891,0.026057588135720636,31.667492591975936,0.8253652948098339,-5.944242366442287,-0.27576202181510406
-0.8838539970459424,-0.44211751840480057,-0.03874630939427412,0.10245082709206714,0.006108652381980154,-0.031066860685499065,0.02633101750658467,31.663480051885752,0.8339243826487975,-5.94651129446988,-0.27436575841350863
-1.4814911826234898,-7.481439941969032,-0.03752457891787808,0.11711159280881951,0.005934119456780721,-0.012217304763960308,0.027467327192866375,31.645266162980082,0.8694295390181459,-5.94982742004867,-0.28780479365386497
-2.058316312107331,-6.288802897851359,-0.03647738136668149,0.10262536001726658,0.005759586531581287,-0.0153588974175501,0.028257220740751255,31.62592960142029,0.8938988038265137,-5.952096348076263,-0.2832669375986797
-2.107657567615953,-1.4721978328899252,-0.03508111796508603,0.11571532940722405,0.005585053606381855,-0.038397243543875255,0.02978427161914595,31.590002635847704,0.9411635383638749,-5.955587006580251,-0.27576202181510406
-1.4418229665739488,-13.306867655090642,-0.03420845333908886,0.10995574287564276,0.0054105206811824215,-0.05689773361501515,0.030161953266606735,31.578112253089227,0.9527464818320918,-5.957855934607844,-0.30944687637859464
-1.379473336875398,-7.836686966401354,-0.03298672286269283,0.09546951008408983,0.004886921905584123,-0.07592182246175334,0.031042932077947602,31.554783671429256,0.9798677807843523,-5.961521126037031,-0.3014183618194207
-1.353413713456362,-7.057021303579902,-0.0322885911618951,0.08168140899333462,0.004363323129985824,-0.0937241808320955,0.03188927285865324,31.545766235101283,1.0063126852197346,-5.963964586989823,-0.3063052837250049
-1.6692345027563134,-9.73357255343821,-0.031066860685499065,0.09843656981248018,0.003490658503988659,-0.07347836150896127,0.03276567702068219,31.521849091314945,1.0332044987520521,-5.9676297784190115,-0.3193952531149623
-1.3529288292213082,-4.855051336987533,-0.0301941960595019,0.11728612573401895,0.0029670597283903604,-0.053407075111026485,0.033718611247312395,31.502306638542656,1.0626167736514425,-5.9700732393718035,-0.30700341542580256
-1.8219075378328373,-3.0258121760277237,-0.02879793265790644,0.10471975511965978,0.0024434609527920616,-0.06405358354819189,0.035061106821548706,31.482587448750916,1.1042668834899585,-5.973912963726192,-0.31852258848896514
-1.7644623159331216,-5.943008223189465,-0.027925268031909273,0.10070549784007282,0.0019198621771937625,-0.07138396640656808,0.035902931483861436,31.473368223697143,1.1304719584872174,-5.9763564246789835,-0.3157300616857742
-1.71173013567669,-12.78015526462319,-0.026703537555513242,0.08307767239493008,0.0012217304763960308,-0.07452555906015788,0.036216301656250414,31.44257767753196,1.1392320015958195,-5.980370681958571,-0.342259066316088
-1.2120372774401014,-4.267492114184869,-0.02600540585471551,0.0715584993317675,0.0005235987755982988,-0.07435102613495843,0.03763475005630765,31.42683422391079,1.1832997690083893,-5.982988675836562,-0.3286454981505323
-1.54094830235745,-8.457771085703351,-0.025132741228718343,0.06736970912698112,-0.00017453292519943296,-0.06213372137099813,0.03884032860017782,31.405076021109615,1.2203972194372672,-5.987002933116149,-0.34068826998929314
-1.2821939519333188,-1.2471671594061504,-0.024434609527920616,0.10000736613927509,-0.0005235987755982988,-0.04153883619746504,0.03925023974343387,31.3895641919825,1.2326810001082384,-5.9896209269941405,-0.3284709652253328
-1.3848994447564698,-1.2553045851356293,-0.023212879051524585,0.10454522219446034,-0.0008726646259971648,-0.03647738136668149,0.04175939319134962,31.369087761512525,1.3107160545284415,-5.993635184273727,-0.32515483964654357
-1.2290148612853464,-1.3702862152175346,-0.022514747350726852,0.11222467090323539,-0.0012217304763960308,-0.0317649923862968,0.04233950083184478,31.354164011038144,1.3283134744366571,-5.996427711076918,-0.3221877799181532
-0.9942971914102329,-0.7482083676486304,-0.02129301687433082,0.10122909661567112,-0.0015707963267948964,-0.04014257279586959,0.04366185314252768,31.33584064166547,1.3690509495906018,-6.000267435431306,-0.3298672286269283
-1.342388368486955,-1.7669771392960507,-0.020420352248333655,0.09913470151327791,-0.0017453292519943296,-0.041015237421866746,0.044237331689048726,31.321688708320394,1.3864924786978916,-6.003059962234496,-0.3206169835913584
-1.3785634079377922,-5.482531917973491,-0.019198621771937627,0.10873401239924674,-0.0020943951023931952,-0.022689280275926284,0.0455561174575556,31.302878327599636,1.4270249352106297,-6.006899686588884,-0.3298672286269283
-1.701291981404573,-14.617590705247318,-0.01832595714594046,0.11938052083641214,-0.0022689280275926286,0.005759586531581287,0.047440734606362354,31.289882718887327,1.4855296450588105,-6.009692213392075,-0.33056536032772604
-1.3452938729789612,-3.9894564273582835,-0.016929693744344994,0.12339477811599911,-0.0020943951023931952,-0.005585053606381855,0.04855151491333218,31.25955640538097,1.5188924761566411,-6.013531937746462,-0.31241393610698504
-0.7394944211097618,-5.375799348291346,-0.0158824961931484,0.12566370614359174,-0.0022689280275926286,-0.034033920413889425,0.048944679730931515,31.24609165707486,1.530552331939247,-6.0161499316244536,-0.3181735226385663
-1.1693014014779144,-9.049182829431059,-0.014311699866353503,0.1265363707695889,-0.002617993877991494,-0.033510321638291124,0.04994899164181412,31.22580213646855,1.5609957228916034,-6.019989655978842,-0.3274237676741362
-0.5295275048701059,-6.3588248111259755,-0.013439035240356337,0.15044738152191123,-0.0027925268031909274,-0.010297442586766544,0.05064234627129117,31.215451526289275,1.5821765113962387,-6.022607649856833,-0.33161255787892263
-1.286243085238348,-2.995685088964121,-0.011693705988362009,0.14102260356114182,-0.0027925268031909274,-0.01117010721276371,0.05282970746923413,31.19234943537556,1.649417477500613,-6.02662190713642,-0.32306044454415045
-1.1673061331725298,-4.207808144758627,-0.010821041362364843,0.1322959573011702,-0.0027925268031909274,0.020420352248333655,0.05290990032946779,31.177113114643017,1.6511189809171034,-6.029239901014411,-0.33388148590651523
-1.335949165601215,-6.508801945737684,-0.009075712110370514,0.12496557444279399,-0.0024434609527920616,0.03717551306747922,0.054383946749866754,31.159707869434975,1.6962605177674548,-6.033254158293999,-0.33946653951289707
-1.860227533252182,-10.08100578040164,-0.008377580409572781,0.10314895879286488,-0.0022689280275926286,0.025132741228718343,0.05577850392715092,31.145300334371665,1.7390421579152546,-6.03587215217199,-0.34033920413889424
-1.059469632996374,-6.125504422810631,-0.007155849933176752,0.09773843811168247,-0.0017453292519943296,0.03298672286269283,0.056598430208527284,31.110962903079724,1.7627142805865321,-6.040060942376776,-0.35150931135165797
-0.8564504705794839,-8.188397411533037,-0.006283185307179586,0.08464846872172499,-0.0015707963267948964,0.03490658503988659,0.057149452532856214,31.09872159696684,1.7792123403353248,-6.042853469179968,-0.36023595761162963
-0.9937038087693029,-5.712140006083059,-0.005235987755982988,0.09442231253289324,-0.0012217304763960308,0.029321531433504737,0.059577291490183475,31.085886119165846,1.8542072253906148,-6.047216792309953,-0.34819318577286873
-0.6788286240196731,-5.976236538924269,-0.004363323129985824,0.10803588069844901,-0.0008726646259971648,0.01884955592153876,0.06021849323535516,31.064132442465937,1.8728996748828406,-6.050009319113144,-0.34766958699727046
-1.5542064397235866,-2.9468437260716427,-0.003141592653589793,0.10733774899765128,-0.0006981317007977319,-0.004014257279586958,0.06185293804511955,31.047298844933295,1.9228193760132413,-6.05419810931793,-0.34068826998929314
-1.6574022219631082,-5.205616501160386,-0.0022689280275926286,0.09389871375729493,-0.0008726646259971648,-0.003839724354387525,0.06200556155847192,31.024074154628313,1.9261342355150923,-6.0568161031959225,-0.3494149162492648
-1.5429906330619436,-15.434419703850105,-0.0008726646259971648,0.11292280260403312,-0.0010471975511965976,-0.03577924966588375,0.06341652856879298,30.995737633577072,1.9682813724465325,-6.061004893400708,-0.35499996985564664
-1.05,-4.890849701290795,-0.0,0.12426744274199626,-0.0013962634015954637,-0.056548667764616284,0.06426451896024346,30.98670358489603,1.9940915078780643,-6.063797420203899,-0.34417892849328174
-0.5525142272002754,-9.377859764717202,0.0013962634015954637,0.10873401239924674,-0.0022689280275926286,-0.0656243798749868,0.06526982508767541,30.966324266572872,2.0240416254872695,-6.0679862104086855,-0.35499996985564664
-1.5043712898635486,-6.490789982652528,0.0022689280275926286,0.1069886831472524,-0.0027925268031909274,-0.08674286382411818,0.06713326105998892,30.954180951142956,2.081182593577637,-6.070778737211876,-0.33440508468211355
-1.2325449044609151,-6.552588919470444,0.003665191429188092,0.12269664641520137,-0.003665191429188092,-0.052534410485029326,0.0675123604716523,30.93021451695099,2.0913501592566286,-6.074967527416662,-0.3560471674068433
-1.4197400891435161,-4.870188148036601,0.00471238898038469,0.12426744274199626,-0.004014257279586958,-0.027925268031909273,0.06799435466438285,30.907678874931296,2.10479232739175,-6.077934587145053,-0.36302848441482055
-1.28625033828844,-6.07973670147162,0.005934119456780721,0.06981317007977318,-0.00471238898038469,-0.07871434926494426,0.07018211388539293,30.88357170631213,2.17104002464799,-6.082297910275039,-0.35901422713523357
-1.045966146244692,-11.372401934105516,0.0066322511575784525,0.09494591130849153,-0.0054105206811824215,-0.08831366015091309,0.06901291208921512,30.8616116034097,2.1332374793991087,-6.08526497000343,-0.3869394951671429
-0.527416209291845,-10.415998873338884,0.00767944870877505,0.07592182246175334,-0.006457718232379019,-0.09983283321407564,0.07145720390913375,30.84741119766121,2.20802919479015,-6.089977358983814,-0.40072759625789806
-0.9834950995176848,-3.1993639929861137,0.008028514559173916,0.015707963267948967,-0.007330382858376184,-0.08290313946973066,0.07272627219170794,30.828599147982903,2.2460102888755875,-6.093118951637404,-0.39200094999792645
-1.2159369015171593,-8.026557654964318,0.00820304748437335,0.04380776422505767,-0.008377580409572781,-0.055326937288220246,0.07408897597593442,30.80752756828675,2.2866837051810838,-6.098005873542988,-0.4071853144902771
-1.049752289846502,-3.4612837982064377,0.008726646259971648,0.06702064327658225,-0.008552113334772215,0.0301941960595019,0.07489951888080136,30.785659250146484,2.310152620368673,-6.101321999121777,-0.40055306333269863
-0.899781755672253,-3.9203152449618686,0.009250245035569947,0.014835298641951801,-0.00820304748437335,0.016580627893946133,0.07688480083455579,30.767380495981886,2.370216094329043,-6.106208921027362,-0.4052654523130833
-1.537077636956238,-2.408597712375202,0.00942477796076938,0.033510321638291124,-0.008377580409572781,-0.01937315469713706,0.07728104283973133,30.734710696544518,2.3799503546407164,-6.109350513680951,-0.3815289744859604
-1.5751639655173988,-6.767725211474866,0.009773843811168246,0.024434609527920616,-0.008726646259971648,-0.05061454830783556,0.07876947042764619,30.71602536331508,2.4245015047239207,-6.114062902661336,-0.39933133285630257
-0.5114350195114228,-11.608848327880391,0.009948376736367679,0.019024088846738195,-0.009250245035569947,-0.045029494701453704,0.07791286827020562,30.696192263289372,2.39647955630459,-6.1173790282401255,-0.4054399852382828
-1.0305095558084192,-11.933130870034354,0.010122909661567111,0.02076941809873252,-0.009773843811168246,-0.041015237421866746,0.08033991533714774,30.68327006149495,2.470408693444249,-6.12209141722051,-0.40107666210829696
-0.6625339760558173,-7.3845642548184935,0.010297442586766544,0.030543261909900768,-0.010122909661567111,-0.013264502315156905,0.08064016320960417,30.66137609602082,2.477911853977211,-6.1252330098740995,-0.3837979025135531
-0.05473649339268948,1.427255399777644,0.010821041362364843,0.0486946861306418,-0.010122909661567111,0.005061454830783556,0.08391350673285021,30.643938178065376,2.577492939911674,-6.129770865929284,-0.36198128686362396
-0.809554602928595,-5.766362751228904,0.011344640137963142,0.07714355293814937,-0.010297442586766544,-0.013439035240356337,0.08349874358234328,30.629593565008708,2.563492941991479,-6.132912458582874,-0.3621558197888234
-0.5277020551442454,-8.643630018071619,0.012217304763960308,0.09023352232810683,-0.01064650843716541,-0.03804817769347639,0.0852532103478791,30.616632350721,2.6165082948401026,-6.1372757817128605,-0.36582101121801147
-0.6978494581324461,-14.329968741033218,0.012740903539558606,0.08464846872172499,-0.010995574287564275,-0.03385938748868999,0.086778347185229,30.603438310947226,2.6624022092226625,-6.140068308516051,-0.3558726344816438
-0.474545183670658,-7.140384255238986,0.013788101090755204,0.08290313946973066,-0.010995574287564275,0.02530727415391778,0.08726082487583879,30.585099508912105,2.6756757297542344,-6.144431631646038,-0.35499996985564664
-1.1329966939340974,-10.673103474850707,0.014486232791552936,0.10663961729685355,-0.010821041362364843,0.05567600313861911,0.08828962047375616,30.571685508894713,2.706197823185552,-6.147049625524028,-0.33859387488689996
-0.08047268301099443,-9.774802666203971,0.015707963267948967,0.09564404300928926,-0.010122909661567111,0.06824237375297829,0.08873526383444677,30.55599589426837,2.7185333014444146,-6.151063882803616,-0.33946653951289707
-0.8427199537438367,-11.008174317513346,0.016580627893946133,0.09599310885968812,-0.009948376736367679,0.04014257279586959,0.08912499680270447,30.539934219168817,2.729101360890439,-6.153681876681607,-0.3157300616857742
-0.12104235857341643,-6.0792727363362875,0.01780235837034216,0.13264502315156906,-0.009599310885968814,0.02181661564992912,0.09105032204736226,30.522757506998815,2.786812201082796,-6.157521601035995,-0.3155555287605748
-0.1527994877845129,-5.406640156444524,0.01884955592153876,0.13596114873035828,-0.00942477796076938,0.025830872929516076,0.0902339879991175,30.514110381386587,2.76090720152283,-6.159965061988786,-0.31450833120937816
0.1022477941649055,-5.180322655742627,0.020420352248333655,0.14294246573833558,-0.009075712110370514,0.039269908169872414,0.09208886029807288,30.506478776246315,2.8172752025425556,-6.163804786343174,-0.31607912753617307
-0.6344618015298811,-7.505838470000154,0.021467549799530253,0.14276793281313616,-0.008726646259971648,0.06649704450098395,0.09325423893394283,30.495123529567035,2.8520718744258953,-6.166248247295966,-0.3045599544730105
-0.13630641409203562,-5.466638046422228,0.023212879051524585,0.15009831567151233,-0.008028514559173916,0.08185594191853406,0.09414582649335088,30.48530515634666,2.878573965466531,-6.170087971650354,-0.30944687637859464
-0.4176301984253574,-12.07075224618987,0.024434609527920616,0.1329940890019679,-0.00767944870877505,0.045553093477052,0.09563111513939934,30.47447220833324,2.9232244632060445,-6.172531432603146,-0.31485739705977706
-0.30083792044284785,-6.087141354629995,0.025830872929516076,0.12688543661998777,-0.007155849933176752,0.04921828490624009,0.09602716124461683,30.46386746674723,2.934383791598922,-6.176196624032334,-0.3101450080793923
-0.1406453518774175,-0.3417870520771856,0.026878070480712675,0.11955505376161159,-0.006806784082777886,0.05899212871740834,0.09575974939163823,30.447615270454055,2.9246009391745553,-6.178814617910325,-0.31119220563058897
-0.3898851408145933,-2.8601512477741644,0.028448866807507574,0.14224433403753786,-0.006283185307179586,0.05619960191421741,0.09760638255826475,30.441543950177614,2.9807609109879984,-6.182654342264713,-0.31625366046137254
0.028664143160560415,0.8441337215158061,0.02949606435870417,0.1137954672300303,-0.005934119456780721,0.02408554367752175,0.09727226644124545,30.435234238892736,2.96987701497275,-6.185272336142704,-0.3096214093037941
0.653777372508292,-3.9721022810681204,0.030892327760299633,0.12164944886400476,-0.005934119456780721,0.00471238898038469,0.09926563325314168,30.430411354028003,3.0306549523106896,-6.188937527571893,-0.30839967882739805
-0.4785410966293974,-12.671871136483327,0.0317649923862968,0.10000736613927509,-0.006108652381980154,-0.028623399732707007,0.09770708461089606,30.410671574842755,2.980829773652238,-6.191555521449884,-0.3267256359733385
0.6556711028824834,-8.57330420523554,0.03298672286269283,0.09337511498169664,-0.006806784082777886,-0.03595378259108319,0.0997283380610238,30.40362280182194,3.042195095251948,-6.195569778729471,-0.3349286834577119
0.31343705525058985,-3.460014040850535,0.03385938748868999,0.09826203688728075,-0.007155849933176752,-0.05497787143782138,0.09976676034420157,30.390301355988193,3.0420415076438587,-6.198187772607462,-0.3225368457685521
0.134685613701051,-15.30056750297716,0.03490658503988659,0.0973893722612836,-0.00820304748437335,-0.0783652834145454,0.10029150595926238,30.388874463072643,3.058005733578209,-6.202376562812249,-0.3621558197888234
0.813333053284343,-12.110861961160317,0.03543018381548489,0.06091199089460211,-0.009250245035569947,-0.13194689145077132,0.10129906716747554,30.376424009097352,3.0876720313381067,-6.20499455669024,-0.36250488563922223
0.4644677091388624,-17.968830819290364,0.03612831551628262,0.04136430327226561,-0.010995574287564275,-0.1270599695451872,0.10199936272220089,30.374358286840522,3.1089543929869263,-6.209357879820226,-0.36529741244241315
0.16546834433383983,-13.069048235319531,0.03647738136668149,0.054279739737023644,-0.012042771838760876,-0.11344640137963143,0.10279521700947326,30.372296273917406,3.1331704898502335,-6.212150406623417,-0.369660735572399
0.5794973471683066,-2.094619230850583,0.03700098014227979,0.058643062867009474,-0.013613568165555772,-0.1096066770252439,0.10436097125184013,30.364627570331574,3.1804366875833345,-6.216688262678602,-0.35238197597765514
1.5767927893725633,-8.271769970094644,0.03735004599267865,0.03438298626428829,-0.014311699866353503,-0.07173303225696695,0.10419357161982412,30.359089560192388,3.174718863084052,-6.219480789481794,-0.35901422713523357
0.190323512018047,-8.72422262930595,0.03769911184307752,0.031241393610698498,-0.015707963267948967,-0.10297442586766545,0.10553889490619076,30.359519786803666,3.216059693261616,-6.223844112611779,-0.35098571257605965
1.0093336406775377,-2.327545124258534,0.03769911184307752,0.04153883619746504,-0.0164060949687467,-0.08063421144213803,0.10471978258508025,30.354568217968794,3.190394522280211,-6.22663663941497,-0.35395277230445005
-0.09152841747948769,-8.267175145108533,0.03822271061867582,0.030892327760299633,-0.01780235837034216,-0.10245082709206714,0.10611366003023234,30.34671860010802,3.2323426744308263,-6.2309999625449555,-0.35622170033204265
0.037186057916749136,-8.534448785045978,0.03822271061867582,0.03717551306747922,-0.018675022996339326,-0.08237954069413235,0.10691024358236548,30.344983070916122,3.2566064498975975,-6.233792489348147,-0.34749505407207104
-0.8307843464806882,-14.886814463863363,0.03874630939427412,0.05393067388662478,-0.019547687622336492,-0.03630284844148206,0.10720235821584478,30.327919813933796,3.2637367769971197,-6.237981279552933,-0.3485422516232676
0.7299152388924617,-4.8743296986488,0.039095375244672985,0.030543261909900768,-0.019896753472735357,-0.041015237421866746,0.10782348376441842,30.327068368267646,3.2827014917399002,-6.240599273430925,-0.33283428835531864
0.7776976615377419,-10.936668744614204,0.039269908169872414,0.028099800957108706,-0.020420352248333655,-0.02879793265790644,0.10854847988277404,30.318595400341014,3.3040245042359273,-6.244613530710512,-0.341037335839692
0.5901311018825919,-20.56050873424092,0.03944444109507185,0.021642082724729686,-0.02076941809873252,-0.0307177948351002,0.10971439796467448,30.30823798135915,3.338656927687716,-6.247406057513702,-0.3543018381548489
0.5228777873222988,-15.85073279384826,0.03961897402027128,0.029321531433504737,-0.02111848394913139,-0.014311699866353503,0.10945753598606701,30.300841307385266,3.3299647782928004,-6.25142031479329,-0.3438298626428829
1.2381390632528047,-1.7453357863254626,0.039793506945470715,0.031415926535897934,-0.02129301687433082,0.019198621771937627,0.109277412078978,30.299194357867382,3.324260370664858,-6.254212841596481,-0.33161255787892263
-0.41272112180028087,-11.352500798775887,0.040317105721069016,0.05881759579220891,-0.02111848394913139,0.033510321638291124,0.11050261120223068,30.287379071117005,3.3605238803216904,-6.258052565950868,-0.324107642095347
0.6964795183068518,-6.651499494962759,0.04066617157146788,0.05113814708343386,-0.02076941809873252,0.05550147021341968,0.11140644389545969,30.296919441202572,3.3893056765194487,-6.260670559828859,-0.30543261909900765
-0.4333609877387409,-12.72007416362769,0.041015237421866746,0.0439822971502571,-0.020420352248333655,0.052708943410228755,0.11133729825380335,30.282254606892323,3.3855450525544515,-6.264510284183247,-0.3118903373313867
-0.37413692124580766,-6.926628717787265,0.04136430327226561,0.06056292504420324,-0.020071286397934793,0.031241393610698498,0.11080300549479238,30.28365376235849,3.369319877081753,-6.266953745136039,-0.29932396671702755
1.3015262352163717,-7.009852018831756,0.041713369122664476,0.02356194490192345,-0.019722220547535925,0.050265482457436686,0.11197667675893533,30.27914042450978,3.4048001051984893,-6.2704444036400275,-0.29548424236264
1.0229770077331377,-11.601930019321633,0.04206243497306335,0.04782202150464463,-0.019547687622336492,0.010297442586766544,0.11212893452094448,30.27251364872614,3.4087225295283616,-6.27288786459282,-0.2935643801854462
1.7542358758886045,-13.735518901824957,0.04276056667386108,0.06963863715457375,-0.019547687622336492,0.026703537555513242,0.11162298682269528,30.280865957799193,3.3941491082982354,-6.276378523096809,-0.29007372168145756
1.1139079422725768,-10.559802180377089,0.04345869837465881,0.05201081170943102,-0.019547687622336492,0.005061454830783556,0.1117582028310742,30.273832204912914,3.397505702737953,-6.278472918199202,-0.2806489437206882
0.976335147192627,-5.959477139209153,0.044156830075456545,0.09651670763528643,-0.019547687622336492,0.013439035240356337,0.11205048312765724,30.28533040741217,3.4077596828498207,-6.281789043777991,-0.25883232807075907
1.687144820051839,-7.5107844923643095,0.04468042885105484,0.06667157742618339,-0.019547687622336492,0.020943951023931952,0.11154202235199506,30.27596453844086,3.391117660985119,-0.0006981317007977319,-0.2619739207243489
1.35714467916832,-16.61709106366379,0.04537856055185257,0.04886921905584123,-0.019547687622336492,0.003839724354387525,0.11101904906332023,30.285990794487876,3.3762041387575183,-0.003839724354387525,-0.2701769682087222
2.5996652458113405,-5.4058841994869296,0.045727626402251434,0.04153883619746504,-0.019722220547535925,-0.04468042885105484,0.11043058967162256,30.299750216556383,3.359687433698255,-0.005934119456780721,-0.255167136641571
0.04013738404580927,-15.642495272977067,0.046251225177849735,0.05235987755982989,-0.020245819323134222,-0.031241393610698498,0.11026769221232928,30.30130704800504,3.3548634551190712,-0.009075712110370514,-0.2649409804527392
1.7153377918201147,-2.1105249610420675,0.0466002910282486,0.06021385919380437,-0.020594885173533087,-0.05881759579220891,0.11047853009723152,30.318122535286,3.3631959288927438,-0.010995574287564275,-0.22375121010567306
1.4658739572406447,-3.7990944137768277,0.04729842272904633,0.06754424205218056,-0.02111848394913139,-0.020594885173533087,0.1104672622181478,30.32115399320753,3.3631863502736308,-0.013962634015954637,-0.23684117949563052
1.2380883659100492,-10.015779405105752,0.04782202150464463,0.04852015320544237,-0.021467549799530253,-0.017627825445142728,0.10941534262829741,30.3265515273558,3.3314952216889324,-0.0158824961931484,-0.24748768793279594
2.3021082102750268,-3.8462090056292535,0.0481710873550435,0.041189770347066175,-0.021467549799530253,0.02408554367752175,0.10971159536356004,30.33706665149657,3.3417465458546336,-0.01884955592153876,-0.23806290997202656
1.769616060193932,-12.155345482322922,0.04834562028024293,0.00767944870877505,-0.021467549799530253,-0.005061454830783556,0.10766064730558399,30.351612087302016,3.2803580159907675,-0.02076941809873252,-0.24975661596038856
2.508021274870252,-5.767371607958205,0.04852015320544237,0.015533430342749533,-0.02181661564992912,-0.013264502315156905,0.10830695890171657,30.354848495917388,3.300557047547427,-0.023736477827122883,-0.24329889772800953
1.4587102194519923,-8.37800728692397,0.0486946861306418,0.005235987755982988,-0.02234021442552742,-0.05637413483941684,0.1070799411612259,30.37090937623348,3.2646021706244723,-0.025830872929516076,-0.23544491609403506
2.0340678131296155,-13.611686652140278,0.0486946861306418,0.009948376736367679,-0.02303834612632515,-0.03804817769347639,0.10687397197844249,30.386173392189775,3.2599121269828566,-0.028623399732707007,-0.2488839513343914
1.7253222610348162,-2.160463145658861,0.04904375198104066,0.03717551306747922,-0.023387411976724018,0.03700098014227979,0.10582011444390979,30.395541866380373,3.228519601031442,-0.030543261909900768,-0.23160519173964753
3.1449955148215905,-4.1610018188874625,0.04921828490624009,0.02408554367752175,-0.02303834612632515,0.04066617157146788,0.10680166414676834,30.39784265596136,3.258940754701307,-0.033510321638291124,-0.23422318561763902
2.4953990399535098,-8.237709965441024,0.04921828490624009,-0.022165681500327987,-0.022863813201125717,0.012217304763960308,0.10522510058446613,30.42213716850725,3.2130398098458812,-0.035255650890285456,-0.2223549467040776
1.8841440346340084,-5.092648938723651,0.04904375198104066,-0.0024434609527920616,-0.02303834612632515,-0.0054105206811824215,0.10537807988269869,30.427548776694618,3.218318141136292,-0.03804817769347639,-0.22636920398366456
1.4524092295275024,-5.57865039717203,0.04904375198104066,0.00820304748437335,-0.023387411976724018,-0.04904375198104066,0.10403066869497893,30.426292961216884,3.1767358269135064,-0.039968039870670144,-0.22863813201125716
1.251692805856199,-13.669066924453661,0.04921828490624009,0.02548180707911721,-0.023911010752322315,-0.028972465583105872,0.10333290092075546,30.4450520830798,3.1572208312069168,-0.04258603374866164,-0.2307325271136504
1.505932915931395,-7.690980583804503,0.04939281783143953,0.031066860685499065,-0.023911010752322315,0.02530727415391778,0.10261692921722641,30.45397352607313,3.1361089685107317,-0.04450589592585541,-0.21031217486531673
1.7116302799838157,-12.248877829260119,0.04974188368183839,0.021467549799530253,-0.02356194490192345,0.053232542185827056,0.10177911487310697,30.460438521085923,3.1109861200813724,-0.046949356878647465,-0.21729349187329405
1.9903479890266218,-7.126803132241957,0.049567350756638956,0.0013962634015954637,-0.023212879051524585,-0.009773843811168246,0.10088374944683656,30.477304931152712,3.0851382661761555,-0.0486946861306418,-0.19617500792416265
1.2070375040023802,-11.496470934789722,0.04974188368183839,0.032114058236695664,-0.023212879051524585,0.023736477827122883,0.1005169415785985,30.486779914101277,3.0748004323534723,-0.05096361415823442,-0.19722220547535926
2.577453102081698,-5.184005176513637,0.04991641660703782,0.012391837689159739,-0.02303834612632515,0.061784655520599266,0.09929860664389573,30.50508012060073,3.0391072724179806,-0.052708943410228755,-0.19617500792416265
1.4387787424834038,-3.8087294708674393,0.05009094953223726,0.020245819323134222,-0.02234021442552742,0.058643062867009474,0.09926389333645382,30.513447751475994,3.038871176054447,-0.05497787143782138,-0.1825614397586069
0.9313801553375731,-6.224054048242927,0.050265482457436686,0.0635299847725936,-0.02199114857512855,0.0778416846389471,0.0972221578298825,30.52886381822347,2.9774690927861696,-0.056548667764616284,-0.1708677337702449
2.0930941529622586,-11.359906303177466,0.050789081233034994,0.04782202150464463,-0.02111848394913139,0.08220500776893293,0.09652171027754991,30.537328539631083,2.9567028680798058,-0.05846852994181004,-0.17558012275062956
2.0370083869821927,-8.878051834914121,0.05113814708343386,0.03769911184307752,-0.020594885173533087,0.08831366015091309,0.09626653389190051,30.55513667274741,2.9505572489913594,-0.059864793343405505,-0.16196655458507378
2.5776556802143387,-6.387256921227822,0.051487212933832724,0.0301941960595019,-0.019547687622336492,0.09302604913129776,0.09490599520488745,30.57557153283118,2.9105488785313676,-0.061784655520599266,-0.1589994948566834
3.0674118873655294,-9.109109542398826,0.05166174585903215,0.007504915783575617,-0.01884955592153876,0.07958701389094143,0.09401362147390005,30.585369147291196,2.8839429636964495,-0.06318091892219473,-0.16057029118347835
2.948275869743847,-12.068874609373133,0.05183627878423159,0.027227136331111543,-0.017976891295541596,0.08639379797371932,0.09199348882840551,30.619567327955263,2.824773824776411,-0.0651007810993885,-0.1610938899590766
2.70664282952688,-5.933751235058041,0.05201081170943102,0.029845130209103034,-0.017453292519943295,0.053407075111026485,0.0909138743513509,30.64328402419418,2.793600597185963,-0.06632251157578453,-0.14625859131712482
2.0711368940582413,-15.92150539105914,0.052185344634630454,0.022689280275926284,-0.016755160819145562,0.06475171524898962,0.08906857082488367,30.665798602929407,2.7386046633862198,-0.06806784082777885,-0.1541125729510993
1.9155917091457948,-1.7075406407487295,0.05235987755982989,0.019024088846738195,-0.016231562043547264,0.0895353906273091,0.08768129501673759,30.67900579319531,2.6968897405914443,-0.06928957130417489,-0.1377064779823526
3.8536840752441495,3.279035729696066,0.052534410485029326,0.008028514559173916,-0.015184364492350668,0.09407324668249435,0.08713686467715734,30.708611615722685,2.6826451999360907,-0.07103490055616922,-0.12810716709638378
2.7415225999004695,-8.663216989779622,0.05235987755982989,-0.050789081233034994,-0.014660765716752368,0.03961897402027128,0.08493899310403115,30.72973060106212,2.616447640207808,-0.07208209810736581,-0.14416419621473162
3.3865420447122743,-13.70701366381998,0.05201081170943102,-0.024434609527920616,-0.014486232791552936,0.02111848394913139,0.08277815329775462,30.76535584657914,2.552532180529045,-0.07382742735936015,-0.14538592669112765
2.4012585341709642,-7.122649256104208,0.05183627878423159,-0.038397243543875255,-0.014486232791552936,-0.013089969389957472,0.08155280379198546,30.77834709102821,2.5156400321305914,-0.07487462491055674,-0.1244419756671957
2.450425058866836,-10.614767741888853,0.05131268000863329,-0.045727626402251434,-0.014835298641951801,-0.018500490071139894,0.07970559486240378,30.81219626655355,2.4611184547762646,-0.0762708883121522,-0.11798425743481668
1.8803646525821982,-3.681366956371497,0.05096361415823442,-0.010122909661567111,-0.014660765716752368,0.05759586531581288,0.07815775808297586,30.82770343522764,2.414342302642227,-0.07731808586334879,-0.09878563566287905
3.1529036359806493,-7.937205928523513,0.050789081233034994,-0.031241393610698498,-0.013962634015954637,0.06544984694978735,0.076295426077666,30.851561020557078,2.358410866999415,-0.0783652834145454,-0.10018189906447451
2.271021425810235,-2.103217448432344,0.050265482457436686,-0.038397243543875255,-0.013613568165555772,0.028972465583105872,0.07458815911586596,30.874096168301627,2.307122061201944,-0.07923794804054256,-0.07644542123735164
1.6914265359464817,-5.768512884759381,0.04974188368183839,-0.01884955592153876,-0.013439035240356337,0.023911010752322315,0.07255427682384818,30.900550855014018,2.245909419008571,-0.08011061266653972,-0.07068583470577035
2.341748799421165,-8.264140647725908,0.04939281783143953,-0.04799655442984406,-0.013264502315156905,0.004363323129985824,0.07050406848051041,30.924637245844373,2.1839325898000292,-0.08063421144213803,-0.06335545184739416
2.362855636066676,-3.1948120311224004,0.04886921905584123,-0.05235987755982989,-0.013089969389957472,0.04450589592585541,0.06830386410420317,30.939739581054734,2.1165963941995662,-0.08133234314293576,-0.046949356878647465
3.387182369583778,-7.022825036441728,0.0486946861306418,-0.041887902047863905,-0.012566370614359171,0.06719517620178168,0.06544311076838413,30.9774547661561,2.030160088480187,-0.08168140899333462,-0.03508111796508603
3.721692925597251,-3.590131012341729,0.0481710873550435,-0.04276056667386108,-0.011693705988362009,0.06789330790257943,0.06419309994136414,31.000599927971564,1.9927625898676493,-0.08203047484373349,-0.016057029118347832
2.668875131189567,-14.637711492043328,0.04782202150464463,-0.04206243497306335,-0.01117010721276371,0.0804596785169386,0.06244382950660131,31.014547693050663,1.939188231968241,-0.08220500776893293,-0.025656340004316644
2.4010911359716283,-19.020199352564468,0.047472955654245766,-0.03717551306747922,-0.010297442586766544,0.07766715171374766,0.05845062367180878,31.045176278994102,1.8166792668932985,-0.08237954069413235,-0.016755160819145562
2.687913431311826,-1.656009198974116,0.0471238898038469,-0.041015237421866746,-0.009599310885968814,0.09459684545809266,0.05590483872750835,31.08150786657667,1.7394191608313534,-0.08237954069413235,0.00942477796076938
2.3569988557941066,-2.478473475917865,0.0466002910282486,-0.05358160803622592,-0.008377580409572781,0.09599310885968812,0.05429005274165003,31.105127753236857,1.690360080644461,-0.08203047484373349,0.03368485456349056
3.1059417465532815,-7.828097073917142,0.046251225177849735,-0.07068583470577035,-0.00767944870877505,0.10629055144645466,0.051732276477171164,31.121976319986913,1.6114484747853186,-0.08203047484373349,0.029845130209103034
3.063666595819471,-6.954069139025814,0.04537856055185257,-0.06265732014659643,-0.006457718232379019,0.0916297857297023,0.04867878450309442,31.157058124697063,1.517886848046654,-0.08150687606813518,0.04782202150464463
2.891984397052041,-12.269077221960002,0.04485496177625427,-0.054279739737023644,-0.005934119456780721,0.08779006137531478,0.04498658927854721,31.196068466280558,1.4043522198730674,-0.08098327729253689,0.05131268000863329
2.813322364087954,-6.878049504894263,0.044331363000655974,-0.052185344634630454,-0.00471238898038469,0.0937241808320955,0.04270182313308248,31.21081076954126,1.3335691835367238,-0.08028514559173917,0.059864793343405505
2.6080812999384384,-8.602696135678437,0.04380776422505767,-0.04852015320544237,-0.003839724354387525,0.12304571226560022,0.04060618802777964,31.23432374459417,1.2690043708169125,-0.07976154681614087,0.07400196028455958
2.8119703002150054,-4.796021507799531,0.04328416544945937,-0.06213372137099813,-0.0024434609527920616,0.11606439525762292,0.03736312763466165,31.270813255054907,1.168919375955686,-0.07871434926494426,0.09302604913129776
2.3026087151490056,-5.201955194384394,0.04276056667386108,-0.07819075048934597,-0.0013962634015954637,0.11065387457644049,0.03396736893851529,31.29646761188591,1.0634676966581569,-0.0778416846389471,0.10175269539126941
2.806210679794539,0.09,0.041887902047863905,-0.057246799465414014,0.0,0.10576695267085638,0.03181885629171199,31.320042383885234,0.9969043855377137,-0.07661995416255106,0.11571532940722405
2.915034291295788,-3.464607090322497,0.04153883619746504,-0.05969026041820607,0.0008726646259971648,0.0921533845053006,0.029382880644736525,31.34487628465823,0.9212679006331578,-0.0757472895365539,0.12147491593880534
3.270405963942107,-4.924400161408938,0.04084070449666731,-0.04974188368183839,0.0020943951023931952,0.10297442586766545,0.0258063582599031,31.380095146653826,0.8099857938085742,-0.07435102613495843,0.11623892818282235
2.8594873453022145,-8.109491049198283,0.040491638646268445,-0.04852015320544237,0.003141592653589793,0.14817845349431857,0.02289992310677495,31.415059392396195,0.7195282239653334,-0.07330382858376185,0.11920598791121272
2.525953625887965,1.143438453299729,0.039793506945470715,-0.0460766922526503,0.005235987755982988,0.1635373509118687,0.02104567713610888,31.436882910311517,0.6617081854934813,-0.07173303225696695,0.13753194505715316
2.8813481839090738,-1.0131622117949073,0.039269908169872414,-0.05009094953223726,0.0066322511575784525,0.16720254234105678,0.01814534348138692,31.47026643233159,0.5711014742924765,-0.07068583470577035,0.13980087308474579
2.9572522673011092,-4.0882084101186225,0.038571776469074684,-0.06370451769779303,0.008552113334772215,0.1609193570338772,0.01534253598514822,31.492339791398674,0.48321027193901583,-0.06911503837897545,0.13421581947836395
2.807759965364835,-6.054754659035152,0.038397243543875255,-0.040317105721069016,0.009599310885968814,0.13962634015954636,0.01276399531135436,31.526824376534297,0.4024300933414493,-0.06806784082777885,0.1254891732183923
2.293268865547532,-2.320665371879236,0.03787364476827695,-0.04310963252425994,0.011519173063162575,0.17226399717184035,0.010597574551169685,31.54805762603168,0.3343454093502782,-0.06649704450098395,0.13002702927357757
2.8349985648333225,-3.2295925346645924,0.03735004599267865,-0.05061454830783556,0.012915436464758038,0.19460421159736774,0.008638553216142724,31.56966736919958,0.2727230355678036,-0.06544984694978735,0.12304571226560022
2.4433868987978036,-3.997221715368861,0.03682644721708035,-0.0317649923862968,0.015184364492350668,0.19390607989657,0.00603421271810627,31.602973957494385,0.19070138197855263,-0.06405358354819189,0.11728612573401895
2.522905601346204,0.5733576242491427,0.03647738136668149,-0.0291469985083053,0.016755160819145562,0.17749998492782332,0.004586582732700468,31.633763406958334,0.14509189043429524,-0.06318091892219473,0.11955505376161159
2.44246402857038,2.6274847358617226,0.03595378259108319,-0.05358160803622592,0.01884955592153876,0.1773254520026239,0.002283135200820503,31.654022474739676,0.07227053853471672,-0.061784655520599266,0.11100294042683936
2.569938514052659,5.128718206468741,0.03560471674068432,-0.028274333882308142,0.020245819323134222,0.1583013631558857,0.0013082348136204025,31.67480747483797,0.04143810949345159,-0.061086523819801536,0.10524335389525807
2.661050095781781,-6.672997452989344,0.035255650890285456,-0.023212879051524585,0.02199114857512855,0.1551597705022959,-0.0011340289111048565,31.6966445038591,-0.035944926661040745,-0.059864793343405505,0.08168140899333462
2.7831324784467215,-4.057726619338575,0.03508111796508603,-0.009250245035569947,0.023212879051524585,0.13892820845874862,-0.0019139478510471983,31.727403535262823,-0.06072466996443866,-0.059341194567807204,0.0762708883121522
2.396796680544374,-2.268471169385162,0.03490658503988659,-0.0019198621771937625,0.02495820830351891,0.16074482410867777,-0.0032163299839685377,31.75809211273034,-0.10214485611802496,-0.0582939970166106,0.07312929565856241
2.822335247931494,-3.836337971355573,0.03490658503988659,-0.02181661564992912,0.026354471705114377,0.1609193570338772,-0.0044686907139216085,31.778349155180553,-0.14200855904038837,-0.057944931166211744,0.057246799465414014
2.9353055113434277,-1.7658057676000827,0.034732052114687155,-0.015009831567151233,0.028274333882308142,0.15236724369910498,-0.005734720223664595,31.80923078671016,-0.1824190388354312,-0.057246799465414014,0.04328416544945937
2.6481233950510257,4.317064181462127,0.034557519189487726,-0.012915436464758038,0.029321531433504737,0.13159782560037245,-0.007004510862186528,31.82075931274148,-0.22289249953208923,-0.05689773361501515,0.03769911184307752
2.8504931688351913,0.48241195193013386,0.03438298626428829,-0.016231562043547264,0.0307177948351002,0.1228711793404008,-0.006959878300854891,31.85959381464116,-0.22174247607103031,-0.056548667764616284,0.029845130209103034
2.7206495337657706,2.1924179914109883,0.03438298626428829,-0.013439035240356337,0.03159045946109736,0.10663961729685355,-0.007720459084866438,31.880637297334086,-0.24613804626579497,-0.05637413483941684,0.0164060949687467
3.224965687548472,-7.189962515634903,0.034033920413889425,-0.049567350756638956,0.03298672286269283,0.1275835683207855,-0.00859878043875066,31.910722551458672,-0.27440005985285065,-0.05637413483941684,-0.010471975511965976
2.7287083305856443,1.7811793878212876,0.03368485456349056,-0.03682644721708035,0.03385938748868999,0.091106186954104,-0.008558072019282242,31.93084868268802,-0.2732731742592702,-0.05637413483941684,-0.010821041362364843
2.5834820703604016,-6.77568087127189,0.033161255787892266,-0.05567600313861911,0.03490658503988659,0.06824237375297829,-0.008635287839775558,31.960469711423762,-0.27599471562936645,-0.056548667764616284,-0.019198621771937627
2.6663927289271974,5.050462115366741,0.03246312408709453,-0.08918632477691024,0.03543018381548489,0.058643062867009474,-0.008712046453643152,31.990020517837582,-0.27870559606874984,-0.05672320068981571,-0.017453292519943295
2.72111719776097,-4.592601863685143,0.03159045946109736,-0.09302604913129776,0.03595378259108319,0.04729842272904633,-0.008614244771153015,32.018601404457534,-0.2758228922605535,-0.05707226654021458,-0.03804817769347639
2.72660703441514,-2.304324374643942,0.030892327760299633,-0.10821041362364843,0.03630284844148206,0.050789081233034994,-0.008245108725667395,32.02833927550539,-0.2640831239398408,-0.05742133239061344,-0.047647488579445195
2.6522566327880894,-0.3065026929673382,0.029670597283903602,-0.11257373675363426,0.03700098014227979,0.055326937288220246,-0.008088686176963171,32.0671881737763,-0.25938707869929306,-0.05811946409141117,-0.05235987755982989
2.5621062957937615,0.22899330275407595,0.02879793265790644,-0.12304571226560022,0.03752457891787808,0.05288347633542819,-0.007856144122248856,32.077174728029306,-0.2520080922818114,-0.058643062867009474,-0.06422811647339133
2.541152061586571,-0.7649443088442875,0.027401669256310976,-0.11815879036001611,0.03787364476827695,0.03735004599267865,-0.0070969812610105825,32.105198177912456,-0.22785381531108873,-0.059341194567807204,-0.06283185307179587
2.3155590561707013,-2.0948582284339268,0.026354471705114377,-0.1275835683207855,0.03804817769347639,0.015707963267948967,-0.007579725049515315,32.13584581302893,-0.24358554035855579,-0.060039326268604934,-0.08621926504851989
2.393155668195711,-4.039675651399476,0.024783675378319478,-0.13473941825396224,0.03822271061867582,0.006806784082777886,-0.006491670924870936,32.154033271409,-0.20873633508793973,-0.061086523819801536,-0.08220500776893293
2.528274264119061,2.5372791210820984,0.023911010752322315,-0.11920598791121272,0.03804817769347639,-0.004537856055185257,-0.006041266571043739,32.18358876684566,-0.19443200434770747,-0.061784655520599266,-0.08569566627292158
2.4881028127979126,-6.336554008455447,0.022514747350726852,-0.11554079648202462,0.03804817769347639,-0.006806784082777886,-0.00588224298929439,32.204263443028836,-0.18943548774022761,-0.06283185307179587,-0.10105456369047168
2.3947326971436422,-7.532261584957137,0.02181661564992912,-0.0916297857297023,0.03787364476827695,-0.014660765716752368,-0.0055867246280024985,32.22508638524242,-0.18003455680088648,-0.06370451769779303,-0.10821041362364843
2.477478479012836,-1.4438601661890869,0.02076941809873252,-0.0921533845053006,0.03769911184307752,-0.021642082724729686,-0.004322899316815841,32.24408498877388,-0.13938880124455058,-0.06492624817418906,-0.10035643198967395
2.4577310425812504,0.11613372762821658,0.020071286397934793,-0.09232791743050003,0.03735004599267865,-0.044156830075456545,-0.0036741461840445024,32.283202657380286,-0.11861373958896515,-0.06579891280018622,-0.09529497715889039
2.4338230333705333,2.2802817518940524,0.019024088846738195,-0.08587019919812101,0.03682644721708035,-0.019896753472735357,-0.003049393706501028,32.29376670868701,-0.09847671419936004,-0.06702064327658225,-0.09529497715889039
2.1133728524844773,-7.228656194389357,0.018500490071139894,-0.062482787221396996,0.03665191429188092,-0.02356194490192345,-0.0033685752941725426,32.31588574452806,-0.10885890608016867,-0.06789330790257943,-0.11414453308042916
2.729120893472012,3.7811742639672246,0.01780235837034216,-0.06667157742618339,0.03647738136668149,-0.02303834612632515,-0.0020813951622503804,32.345053617534624,-0.06732293534123128,-0.06911503837897545,-0.09442231253289324
2.6577972839689066,-4.626487429519077,0.017278759594743863,-0.0656243798749868,0.03612831551628262,-0.04276056667386108,-0.002509090186727663,32.377772181741264,-0.08123892093016698,-0.07016223593017205,-0.11257373675363426
2.6656459862339905,-8.679966310174423,0.016580627893946133,-0.06335545184739416,0.03560471674068432,-0.03752457891787808,-0.0018812981674850408,32.38876538350807,-0.06093299684948276,-0.07138396640656808,-0.11571532940722405
2.390779309740097,-0.32997041306674735,0.016231562043547264,-0.08342673824532895,0.035255650890285456,-0.02181661564992912,-0.0009638022096226915,32.40810436204994,-0.03123501226538113,-0.07225663103256524,-0.09896016858807849
2.037326606209778,-0.05215806118807885,0.0153588974175501,-0.06736970912698112,0.03508111796508603,-0.006457718232379019,-0.00042268427985832254,32.439386993806984,-0.013711619747104553,-0.0736528944341607,-0.1048942880448592
2.3194700094531457,4.530249515429273,0.014835298641951801,-0.06911503837897545,0.03508111796508603,-0.005235987755982988,-0.0013712226771499193,32.45344575683678,-0.04450092866441414,-0.07452555906015788,-0.10855947947404729
2.5735064908371705,0.2800718633938509,0.014137166941154071,-0.07016223593017205,0.03508111796508603,-0.00034906585039886593,9.463722588162259e-05,32.48250727062636,0.003074054386949001,-0.07592182246175334,-0.10681415022205297
2.30098899262962,-1.7537897290312998,0.013613568165555772,-0.0778416846389471,0.03490658503988659,-0.009599310885968814,0.00011694471416316152,32.514069191039304,0.0038023485451610713,-0.07679448708775051,-0.10000736613927509
2.2412700030097295,-3.766332620803411,0.012740903539558606,-0.09197885158010118,0.034732052114687155,-0.00942477796076938,0.00013577743709790018,32.52637615601735,0.0044163480196854985,-0.07801621756414652,-0.1153662635568252
2.119924514140418,-8.798003128946313,0.012042771838760876,-0.07435102613495843,0.03490658503988659,0.032637657012293965,0.0010560598741534593,32.54576431467307,0.03437028854368024,-0.0788888821901437,-0.10803588069844901
1.826707670950182,-4.1706309124212915,0.01117010721276371,-0.055326937288220246,0.03508111796508603,0.0153588974175501,0.0006631745790906604,32.570285453591616,0.021599788513081128,-0.08028514559173917,-0.11152653920243767
2.1403275750849127,-3.657792493389331,0.010821041362364843,-0.044331363000655974,0.03508111796508603,-0.014137166941154071,0.0004924290790666472,32.59224477479573,0.016049370376418765,-0.08098327729253689,-0.10454522219446034
2.4296667502610756,-2.687633610597627,0.010122909661567111,-0.06544984694978735,0.03490658503988659,-0.009075712110370514,0.0013264919383899117,32.6129410124204,0.043260828713806466,-0.08237954069413235,-0.09773843811168247
2.150839108292572,-3.9124457718341215,0.009599310885968814,-0.06579891280018622,0.034732052114687155,-0.02181661564992912,0.0008776774153341166,32.645508862003844,0.028652233197377846,-0.08307767239493008,-0.09669124056048586
2.277120086655805,-0.2876272470440234,0.009075712110370514,-0.03752457891787808,0.034557519189487726,-0.006806784082777886,0.001513997135277638,32.65706685261696,0.049442743438781446,-0.08429940287132612,-0.09843656981248018
2.443226872278595,-4.175930731145346,0.008552113334772215,-0.02600540585471551,0.034557519189487726,-0.006981317007977318,0.0012430054125385406,32.68998702616368,0.04063385173661786,-0.08517206749732328,-0.09896016858807849
2.1951655983048064,1.6340613279095355,0.00820304748437335,-0.040317105721069016,0.03438298626428829,-0.02111848394913139,0.002341329843000674,32.709449766326934,0.07658375082566818,-0.08621926504851989,-0.08168140899333462
1.9796626553118497,-2.000737344348382,0.008028514559173916,-0.033335788713091695,0.03438298626428829,-0.031066860685499065,0.0017429612939915274,32.7334886100801,0.05705326143899577,-0.08709192967451705,-0.0895353906273091
2.2343141920351837,-1.502779521051212,0.00767944870877505,-0.03159045946109736,0.03420845333908886,-0.007853981633974483,0.0019032575405162186,32.74578805976954,0.06232374329854007,-0.08813912722571364,-0.0895353906273091
2.4294251683155084,-6.8855193544682285,0.007330382858376184,-0.04328416544945937,0.034033920413889425,-0.009075712110370514,0.002045791049619597,32.767210131525445,0.06703495872770532,-0.08883725892651137,-0.10122909661567112
2.3118490910559477,-6.519481335627177,0.006806784082777886,-0.050789081233034994,0.03385938748868999,-0.03560471674068432,0.0018012269487654308,32.79102245498521,0.059064137199765776,-0.09005898940290741,-0.09512044423369097
2.1015144184873606,1.5806507625278332,0.0066322511575784525,-0.032114058236695664,0.033510321638291124,-0.02234021442552742,0.0019728820033857015,32.822724606299076,0.06475544669295931,-0.09075712110370514,-0.08482300164692443
1.916246905401201,-3.4360428624805452,0.006457718232379019,-0.027052603405912107,0.033161255787892266,-0.028623399732707007,0.0024402613401356106,32.83435574406759,0.08012456799451075,-0.09180431865490173,-0.08447393579652555
1.9677468650200136,-5.240950910160999,0.006283185307179586,-0.014486232791552936,0.03298672286269283,-0.020420352248333655,0.0018331313717328483,32.86779352924676,0.06025105092673584,-0.09232791743050003,-0.08726646259971647
2.252063944530939,-6.753244465988427,0.006108652381980154,-0.016755160819145562,0.0328121899374934,-0.013439035240356337,0.0016962016605236256,32.88119984514877,0.05577319926571935,-0.09337511498169664,-0.0932005820564972
2.132841456716586,-4.728105630884728,0.005934119456780721,-0.002617993877991494,0.032637657012293965,-0.03159045946109736,0.0015700732010042484,32.91376405296453,0.05167706134729917,-0.09407324668249435,-0.09075712110370514
2.280048498849479,-6.505943017911088,0.005934119456780721,-0.007504915783575617,0.032114058236695664,-0.054279739737023644,0.0020403975424091226,32.925486679286905,0.06718117533311915,-0.09512044423369097,-0.08744099552491591
2.2128779853740514,-1.2073343360175703,0.005759586531581287,-0.022165681500327987,0.0317649923862968,-0.04485496177625427,0.0022188640031684734,32.95701899838918,0.07312726311785689,-0.0958185759344887,-0.07976154681614087
1.9925925234150923,-9.180837077634237,0.005585053606381855,-0.008377580409572781,0.031241393610698498,-0.03769911184307752,0.002086435273572727,32.97073133492317,0.06879139667388358,-0.09686577348568529,-0.09180431865490173
2.111963031642458,-6.4209740131068,0.0054105206811824215,-0.02495820830351891,0.030892327760299633,-0.03560471674068432,0.001489504511443756,33.004202166143415,0.049159944378883505,-0.0973893722612836,-0.09058258817850572
2.4072191175029203,-3.2593069932711627,0.005235987755982988,-0.026878070480712675,0.030368728984701335,-0.044331363000655974,0.002264131119445697,33.01494562806123,0.07475029353389866,-0.09843656981248018,-0.08744099552491591
2.1752846539564077,3.9222110517082958,0.004886921905584123,-0.05096361415823442,0.030019663134302467,-0.04921828490624009,0.0015140126956124799,33.039500638446874,0.05002226164422805,-0.09913470151327791,-0.0804596785169386
2.2533752663032747,-2.0739042027369474,0.004363323129985824,-0.06771877497737998,0.029321531433504737,-0.07435102613495843,0.00219258783684585,33.06098415925977,0.07248922790435583,-0.10035643198967395,-0.09128071987930345
2.4900435255214046,-2.5927814970286622,0.003665191429188092,-0.10245082709206714,0.02879793265790644,-0.04904375198104066,0.002348320994183541,33.0825042680767,0.07768848212020904,-0.10105456369047168,-0.08709192967451705
2.173967484036091,-7.157646984530656,0.002617993877991494,-0.0937241808320955,0.028274333882308142,-0.0439822971502571,0.0019521436399693559,33.10694010222763,0.06462958465763383,-0.10210176124166828,-0.09896016858807849
1.785197613047097,-11.169507026151432,0.0019198621771937625,-0.1101302758008422,0.028099800957108706,-0.04729842272904633,0.0030110077767447983,33.12547942437119,0.09974137757938661,-0.102799892942466,-0.096342174710087
2.115459569583711,-3.8789756918678258,0.0005235987755982988,-0.12199851471440364,0.02757620218151041,-0.03630284844148206,0.00231745812404594,33.1508323070841,0.07682580318285008,-0.10384709049366261,-0.09197885158010118
2.1803762898188057,-1.7142213493789724,-0.0005235987755982988,-0.13945180723434694,0.027401669256310976,-0.023736477827122883,0.0023515825346593325,33.17337052274299,0.07801006253411742,-0.10471975511965978,-0.08761552845011535
2.207478951781898,-5.4720147990201795,-0.0020943951023931952,-0.1349139511791617,0.027052603405912107,-0.023212879051524585,0.002261785613855317,33.196821228378376,0.075084220715586,-0.10576695267085638,-0.09808750396208132
1.5540466304317861,2.2951778671713976,-0.003141592653589793,-0.14294246573833558,0.027052603405912107,0.003490658503988659,0.0022670961186035043,33.20953698283437,0.07528934138327951,-0.10663961729685355,-0.08115781021773633
1.632663795750592,5.15382519774893,-0.004886921905584123,-0.14782938764391973,0.027052603405912107,-0.0008726646259971648,0.002778510913722344,33.23096146278829,0.09233282670488939,-0.10768681484805014,-0.07958701389094143
1.3519186715613711,1.3741740322043947,-0.005759586531581287,-0.1244419756671957,0.027227136331111543,-0.0019198621771937625,0.0023116356205059967,33.244784362454965,0.07684996461501495,-0.10838494654884787,-0.07731808586334879
1.2008019913646746,3.2516799249460715,-0.007155849933176752,-0.12950343049797924,0.027401669256310976,0.008377580409572781,0.0024937726286269933,33.25775399186684,0.0829374485212183,-0.10943214410004447,-0.08011061266653972
1.4240632855840023,0.13480417995513475,-0.00820304748437335,-0.09826203688728075,0.02757620218151041,0.015707963267948967,0.0019044646323161214,33.27273779262989,0.06336682895660081,-0.11030480872604163,-0.08744099552491591
0.967795041899435,-0.5266341842459767,-0.00942477796076938,-0.10995574287564276,0.02775073510670984,0.02757620218151041,0.00208825999631925,33.285829567971746,0.0695095673709231,-0.11135200627723822,-0.08621926504851989
0.30638246115045115,1.2271780735863815,-0.009948376736367679,-0.091106186954104,0.028099800957108706,0.058643062867009474,0.0021892159107063875,33.28797644043045,0.0728746840799945,-0.11205013797803595,-0.07295476273336297
0.195408123622064,-8.531512192777024,-0.010821041362364843,-0.06492624817418906,0.02879793265790644,0.04921828490624009,0.001867741552240141,33.29201828017177,0.06218095820506283,-0.11292280260403312,-0.0853466004225227
-0.1982205200398473,-1.0382435718993295,-0.01117010721276371,-0.027925268031909273,0.029321531433504737,0.05585053606381855,0.0016704648542470338,33.29531685006496,0.05561870834285621,-0.11362093430483085,-0.07400196028455958
-0.40101317405115855,-4.995719294520525,-0.011519173063162575,-0.014835298641951801,0.029845130209103034,0.057246799465414014,0.0016140842341287823,33.28881595590999,0.053730999668473556,-0.11449359893082803,-0.07557275661135447
-0.4479185143864592,-3.027710086410565,-0.011519173063162575,0.004363323129985824,0.030368728984701335,0.05567600313861911,0.0009097312405179985,33.283670616686805,0.03027920331224461,-0.11501719770642631,-0.07487462491055674
-0.6637675701490249,4.56437364710054,-0.011519173063162575,0.003490658503988659,0.030892327760299633,0.059166661642607775,0.0017824503624658333,33.28397708870223,0.05932709985603073,-0.11588986233242349,-0.056025068989017976
-1.2725654460607574,3.879349125585055,-0.011519173063162575,0.0029670597283903604,0.031241393610698498,0.0322885911618951,0.0013417083121518684,33.267908007832396,0.04463585548622487,-0.11641346110802178,-0.059864793343405505
-1.3852157378845034,6.6708388692338305,-0.011519173063162575,0.00767944870877505,0.0317649923862968,0.027401669256310976,0.001881218420426808,33.259211036780016,0.06256791426019356,-0.11728612573401895,-0.05375614096142535
-1.6019738010739473,1.0097614269361128,-0.011344640137963142,0.028099800957108706,0.031939525311496235,0.03159045946109736,0.0008415983177853897,33.24536643624065,0.02797925107268603,-0.11780972450961724,-0.06841690667817772
-2.12324525499575,-0.9597977368422386,-0.010995574287564275,0.0153588974175501,0.0322885911618951,0.01710422666954443,0.0010109329113815217,33.21824920129404,0.03358143281597268,-0.11868238913561441,-0.07103490055616922
-2.045694717467142,-3.979107848181392,-0.010821041362364843,0.0015707963267948964,0.03246312408709453,0.014660765716752368,0.0002317127291533728,33.19357752773307,0.007691374576967084,-0.11920598791121272,-0.08342673824532895
-2.163763645402656,-7.193793869164552,-0.010995574287564275,-0.009599310885968814,0.0328121899374934,0.020071286397934793,0.0006088032520922354,33.17637666034355,0.020197888498845372,-0.12025318546240932,-0.08726646259971647
-2.9294668322439112,-7.842619035423077,-0.010995574287564275,0.0015707963267948964,0.03298672286269283,0.004363323129985824,0.0005999076104467256,33.148988433728086,0.0198863328256291,-0.12095131716320703,-0.08115781021773633
-3.320135231400536,-3.092020199674073,-0.010995574287564275,-0.01064650843716541,0.03298672286269283,-0.008552113334772215,0.0007643699181858904,33.122052724701746,0.02531750566200941,-0.12182398178920421,-0.08552113334772216
-3.4432912455270768,-10.574531185570068,-0.010995574287564275,0.013613568165555772,0.0328121899374934,-0.024260076602721184,0.0007164223387916606,33.08466345216034,0.02370259602373762,-0.12252211349000194,-0.091106186954104
-4.078994279610597,-1.8847979063312148,-0.010995574287564275,0.01064650843716541,0.032637657012293965,-0.013788101090755204,0.001353075036397513,33.056413378406226,0.04472783503124808,-0.12356931104119853,-0.08569566627292158
-5.245193901323373,1.7532356115593286,-0.010821041362364843,-0.008552113334772215,0.032637657012293965,-0.0158824961931484,0.0011907709490768619,32.98997107297723,0.03928351773175324,-0.12426744274199626,-0.0879645943005142
-5.378909818054076,-3.118284218241394,-0.010821041362364843,-0.007155849933176752,0.03246312408709453,-0.0054105206811824215,0.0010588850004806737,32.95532964208724,0.03489591728610632,-0.1254891732183923,-0.10541788682045751
-5.771215298237234,-0.16813238846174403,-0.010821041362364843,0.0017453292519943296,0.032114058236695664,-0.04136430327226561,0.0019690713466598547,32.88491326269909,0.0647528241304528,-0.12636183784438945,-0.0937241808320955
-5.97670225077859,-2.6872382160927493,-0.01064650843716541,0.023736477827122883,0.03159045946109736,-0.04834562028024293,0.002095378702437491,32.83894549450427,0.06881012770590801,-0.1275835683207855,-0.1059414855960558
-6.084121185025169,-3.230717659336406,-0.010297442586766544,0.027401669256310976,0.031415926535897934,-0.005235987755982988,0.0015794193927878518,32.76362742793768,0.051747551566988875,-0.12828170002158323,-0.11693705988362008
-6.5560233613458525,-3.61168839908642,-0.009599310885968814,0.061784655520599266,0.031241393610698498,-0.023212879051524585,0.0024793142766439524,32.71498951715561,0.08111090676643781,-0.1296779634231787,-0.11501719770642631
-7.098910404348067,-8.78279930584632,-0.009250245035569947,0.05305800926062762,0.031066860685499065,-0.023387411976724018,0.0020900587513612585,32.62988255765422,0.06819847090037394,-0.13055062804917586,-0.12793263417118436
-7.960442206609981,-1.1540502041305607,-0.008726646259971648,0.04991641660703782,0.0307177948351002,-0.031939525311496235,0.0032502613813276057,32.570466065439646,0.1058629008101876,-0.13194689145077132,-0.11606439525762292
-8.115040164147839,0.12069142559690603,-0.00820304748437335,0.06754424205218056,0.030543261909900768,-0.028274333882308142,0.003715877485147282,32.50235835614479,0.12077533750867245,-0.1329940890019679,-0.11065387457644049
-8.215337364932989,-1.3497047194908884,-0.007330382858376184,0.06440264939859076,0.0301941960595019,-0.014835298641951801,0.004102226380060224,32.40584713628113,0.13293686669026328,-0.13439035240356337,-0.12304571226560022
-8.773030806562137,-4.309766451316054,-0.006806784082777886,0.06963863715457375,0.029845130209103034,-0.04886921905584123,0.00361151749573846,32.30079195253593,0.11665538244422985,-0.13526301702956053,-0.13351768777756623
-8.775323925995174,-5.629710175142045,-0.005759586531581287,0.08970992355250854,0.02949606435870417,-0.033161255787892266,0.004589645730703406,32.23228253131695,0.14793579666049703,-0.13683381335635544,-0.13840460968315035
-8.61882052257038,-1.8168438804730194,-0.005235987755982988,0.06806784082777885,0.028972465583105872,-0.03717551306747922,0.005185250579224806,32.12335289761813,0.1665691270599369,-0.13788101090755203,-0.12496557444279399
-8.992456512485886,-2.16054525332819,-0.004363323129985824,0.054628805587422516,0.028623399732707007,-0.04537856055185257,0.005848685146862141,32.05642817924748,0.18749009319020357,-0.13945180723434694,-0.13316862192716733
-10.144994612329793,4.6362491354678195,-0.003839724354387525,0.0439822971502571,0.028099800957108706,-0.05131268000863329,0.006395357736437839,31.937349496821074,0.20425355989116337,-0.14049900478554353,-0.12863076587198208
-9.710301532583737,1.1561698396414852,-0.003141592653589793,0.05480333851262195,0.027401669256310976,-0.05777039824101231,0.007140601766018172,31.850463207912096,0.227435339349757,-0.14224433403753786,-0.1382300767579509
-6.642473732091803,-7.281391048875061,-0.0027925268031909274,0.028972465583105872,0.026878070480712675,-0.08185594191853406,0.005934848108910532,31.769710414391724,0.18855061951518726,-0.14329153158873448,-0.16004669240788003
-7.886954293843378,-4.6436410933440895,-0.002617993877991494,0.010471975511965976,0.025656340004316644,-0.09826203688728075,0.007239842065344519,31.701494087917478,0.229517820528799,-0.14521139376592823,-0.15987215948268058
-8.920923347547651,3.6777321193563037,-0.002617993877991494,-0.013613568165555772,0.024783675378319478,-0.10105456369047168,0.007530991464798941,31.634988508871107,0.23824733259828323,-0.14643312424232427,-0.14014993893514466
-8.564909067314671,1.9988397724835,-0.0027925268031909274,0.005061454830783556,0.023736477827122883,-0.07330382858376185,0.008793181572071861,31.525690982121812,0.27721826987042636,-0.14817845349431857,-0.13648474750595657
-7.577303039533971,-0.6508997186175371,-0.002617993877991494,-0.012740903539558606,0.023212879051524585,-0.06946410422937431,0.008586935458364512,31.460608695194985,0.27015685642588594,-0.1492256510455152,-0.14503686084072878
-8.034580501462491,0.4635073245488153,-0.0027925268031909274,-0.027227136331111543,0.02234021442552742,-0.08307767239493008,0.009473434601075307,31.374250495473024,0.29723080203468655,-0.15114551322270894,-0.1476548547187203
-9.844279332271897,-0.8652148084239702,-0.003141592653589793,-0.058643062867009474,0.021642082724729686,-0.06527531402458793,0.009202968952117566,31.260114215386526,0.28769398265557167,-0.15236724369910498,-0.1525417766243044
-9.167238862614573,-2.5727400000297544,-0.003665191429188092,-0.04904375198104066,0.02111848394913139,-0.02530727415391778,0.009947348930388735,31.183825959878032,0.3102066294978055,-0.1541125729510993,-0.1499237827463129
-8.2355801806471,-2.2598746346192615,-0.0041887902047863905,-0.05375614096142535,0.02111848394913139,-0.003839724354387525,0.009891741524434559,31.119268387304636,0.30783379954067763,-0.15533430342749532,-0.15498523757709648
-8.261665198490975,4.515453269318533,-0.005061454830783556,-0.08482300164692443,0.02111848394913139,0.017453292519943295,0.010978150699925356,31.012195849711283,0.3404702374844521,-0.15725416560468908,-0.1473057888683214
-8.418926039694027,-1.6651772650550742,-0.005759586531581287,-0.08377580409572781,0.02129301687433082,0.009075712110370514,0.010765919993500978,30.94928406311562,0.33321038976622097,-0.15865042900628457,-0.15062191444711065
-7.982897272244179,-2.8371297788066707,-0.0066322511575784525,-0.07504915783575616,0.021467549799530253,0.019722220547535925,0.011392230124027928,30.853610192246613,0.35150663411632344,-0.16039575825827887,-0.15323990832510212
-8.279619398189075,-6.226987219590916,-0.007330382858376184,-0.08639379797371932,0.021642082724729686,0.02775073510670984,0.011954872162194069,30.786218204140145,0.36806283754199376,-0.1616174887346749,-0.15219271077390556
-8.893273893047073,-6.257676720681441,-0.008377580409572781,-0.09791297103688189,0.022165681500327987,0.05969026041820607,0.011876202223990216,30.68423373908068,0.36442929867839097,-0.16336281798666924,-0.15132004614790837
-9.552613387471135,-10.859310361586225,-0.009075712110370514,-0.08866272600131195,0.022689280275926284,0.0481710873550435,0.010888734511883972,30.573997376663435,0.33292529821706035,-0.16458454846306528,-0.16458454846306528
-8.713067386364141,-3.0571509159442565,-0.010122909661567111,-0.08342673824532895,0.023212879051524585,0.028274333882308142,0.012930124629009944,30.50159711577826,0.3944114326382173,-0.16632987771505958,-0.13351768777756623
-8.132230672836704,-0.13048893323308172,-0.01064650843716541,-0.09075712110370514,0.023387411976724018,0.019547687622336492,0.012501484210177966,30.43918687140749,0.38055483952182173,-0.16755160819145562,-0.13072516097437528
-8.569752839517477,-8.308995866636558,-0.011868238913561441,-0.11728612573401895,0.02356194490192345,0.01710422666954443,0.012057878799761158,30.33971471055445,0.3658503335954242,-0.16929693744344998,-0.15219271077390556
-8.601491985838043,6.6115769513461,-0.012915436464758038,-0.12164944886400476,0.023736477827122883,0.00767944870877505,0.012861311337014887,30.23021316030119,0.3888216222350594,-0.17034413499464657,-0.12007865253720987
-8.28212887971417,-1.6600785744236015,-0.013962634015954637,-0.07801621756414652,0.023736477827122883,-0.00767944870877505,0.012278397346664782,30.170729930077446,0.37046682758211735,-0.17208946424664087,-0.13753194505715316
-7.610999565688634,-4.094183608527512,-0.014660765716752368,-0.0757472895365539,0.023736477827122883,-0.025132741228718343,0.012467635620825502,30.074271533275148,0.37497448816035733,-0.1731366617978375,-0.11728612573401895
-8.607133900201712,0.5718215436571179,-0.015533430342749533,-0.07696902001294993,0.02356194490192345,-0.012042771838760876,0.012503337389969829,30.010664302334725,0.3752530161387204,-0.17453292519943295,-0.12217304763960307
-8.830270232782174,-9.345511941133017,-0.016231562043547264,-0.08691739674931762,0.023387411976724018,-0.03804817769347639,0.011252252895317985,29.90177915809883,0.3364765820184672,-0.17558012275062956,-0.13194689145077132
-8.146480551270763,-6.743752457596014,-0.017278759594743863,-0.0916297857297023,0.02303834612632515,-0.012566370614359171,0.012107697243429532,29.834866033475773,0.3612491780056696,-0.17715091907742445,-0.12583823906879116
-7.695740468602069,-6.633085714792077,-0.01780235837034216,-0.0762708883121522,0.023212879051524585,0.00767944870877505,0.011488292576010984,29.75168384540077,0.34181108628501716,-0.17802358370342164,-0.1228711793404008
-8.251658570617584,-5.233628334944403,-0.01884955592153876,-0.08621926504851989,0.023212879051524585,-0.004014257279586958,0.01182837519699673,29.68687157569969,0.351163832739626,-0.17941984710501707,-0.11554079648202462
-7.021889048519406,-2.3846127804363135,-0.01937315469713706,-0.06073745796940267,0.023212879051524585,0.0013962634015954637,0.011640707117974223,29.62150321149341,0.3448308189753038,-0.18029251173101424,-0.10576695267085638
-7.092888041657105,-2.360561420886265,-0.020071286397934793,-0.06684611035138283,0.02356194490192345,0.02530727415391778,0.0116826899434798,29.536843763441553,0.3450854874325003,-0.18151424220741028,-0.09843656981248018
-7.572568680539133,-6.534757144079556,-0.020594885173533087,-0.05759586531581288,0.023911010752322315,0.052185344634630454,0.010976520544275382,29.444272181944182,0.32320863911085307,-0.18238690683340747,-0.09389871375729493
-7.691773656364009,-1.3691383856382902,-0.020943951023931952,-0.031415926535897934,0.024434609527920616,0.04345869837465881,0.011339771513732196,29.386484660751876,0.33325030603256034,-0.18343410438460403,-0.08482300164692443
-7.314804561208316,-4.650948798199421,-0.02111848394913139,-0.008377580409572781,0.024783675378319478,0.06213372137099813,0.010444106681985435,29.293304374906416,0.3059535204454708,-0.18413223608540177,-0.08203047484373349
-6.908314413021026,-2.1212041998982554,-0.02129301687433082,-0.012217304763960308,0.025656340004316644,0.07993607974134029,0.010624633595924958,29.236392860053442,0.31063765044584696,-0.18500490071139894,-0.07278022980816354
-7.790955862709362,-2.885902662861299,-0.021467549799530253,-0.03246312408709453,0.026354471705114377,0.08150687606813518,0.010230666335465625,29.171791389459376,0.29845727701557145,-0.18570303241219668,-0.07086036763096978
-7.377632535630807,2.2656696044014724,-0.02181661564992912,-0.020245819323134222,0.027401669256310976,0.07086036763096978,0.009547258403664395,29.088809107291542,0.27772681553310835,-0.18657569703819382,-0.07068583470577035
-7.5546367611801655,-1.9390177782706448,-0.02199114857512855,-0.015707963267948967,0.027925268031909273,0.07592182246175334,0.008958566152158712,28.994393343118,0.2597551398047039,-0.18727382873899157,-0.06841690667817772
-7.145329719085767,-9.121560514091058,-0.022165681500327987,-0.010995574287564275,0.02879793265790644,0.0778416846389471,0.008442882163156555,28.94091034404388,0.24435050170876654,-0.1881464933649887,-0.07504915783575616
-6.760654012800898,-0.7079960903363806,-0.022165681500327987,-0.009250245035569947,0.029321531433504737,0.06091199089460211,0.007726816364384728,28.856147411725527,0.22297058944074843,-0.18867009214058703,-0.06771877497737998
-8.185229919494054,-2.416104356676596,-0.022165681500327987,0.00471238898038469,0.030019663134302467,0.05585053606381855,0.00747827678880832,28.790536449845725,0.21530761415095465,-0.1895427567665842,-0.07295476273336297
-7.61086472306955,-4.26454744388382,-0.022165681500327987,-0.0006981317007977319,0.030368728984701335,0.03508111796508603,0.00634255287124322,28.69813271978435,0.18202186487819316,-0.19006635554218249,-0.07819075048934597
-7.980261117657772,-11.513652610908574,-0.022165681500327987,0.009773843811168246,0.0307177948351002,0.028972465583105872,0.00608142330572299,28.6328250744469,0.17413047638537058,-0.19093902016817965,-0.0825540736193318
-8.324023985417918,-0.19570020134905294,-0.02199114857512855,-0.02408554367752175,0.030892327760299633,0.01780235837034216,0.0057904004971347026,28.53748514046401,0.16524531497073103,-0.1916371518689774,-0.07539822368615504
-8.697076048212505,-5.543178127402761,-0.022165681500327987,-0.022165681500327987,0.031066860685499065,0.013439035240356337,0.005347291953467768,28.4744307931969,0.15226254590409047,-0.192684349420174,-0.08831366015091309
-7.933319279660099,-2.3654199980677646,-0.022165681500327987,0.003665191429188092,0.031241393610698498,0.03159045946109736,0.00558613886397338,28.405195997852488,0.15867701980850446,-0.19338248112097173,-0.08203047484373349
-7.506577325724549,-7.912832693628296,-0.022165681500327987,0.0017453292519943296,0.03159045946109736,0.019896753472735357,0.004171971684384368,28.306549778450332,0.11809480931951374,-0.19442967867216832,-0.10349802464326374
-8.274823345101302,4.7426922537887,-0.022165681500327987,-0.027052603405912107,0.031939525311496235,0.052534410485029326,0.0038800083306566057,28.241663922158487,0.10957844117172044,-0.19530234329816545,-0.09093165402890457
-7.714620821316155,-4.300519018701387,-0.02234021442552742,-0.00820304748437335,0.03246312408709453,0.0460766922526503,0.004318348632030643,28.15358206252959,0.12157773832011527,-0.19634954084936207,-0.09983283321407564
-8.535309605963144,-5.1716922413157596,-0.02234021442552742,-0.014137166941154071,0.03298672286269283,0.038397243543875255,0.0033922657993746834,28.051724886400233,0.09515927195995187,-0.19722220547535926,-0.1111774733520388
-7.428175506003107,-10.241791010779933,-0.022514747350726852,-0.03438298626428829,0.03368485456349056,0.06527531402458793,0.003430161330608337,27.98767315695964,0.09600261071945863,-0.19844393595175527,-0.11571532940722405
-8.198332473114535,4.286864035919588,-0.022689280275926284,-0.013439035240356337,0.03438298626428829,0.04799655442984406,0.004203256614686923,27.897011611567702,0.11725898913963242,-0.19949113350295186,-0.10367255756846318
-8.443409528970712,-3.2586492485907015,-0.02303834612632515,-0.020245819323134222,0.03490658503988659,0.031415926535897934,0.0040532696553932865,27.8346160194737,0.11282182233164786,-0.20088739690454732,-0.11676252695842065
-6.884978988527146,-2.8219838336913674,-0.023212879051524585,0.00034906585039886593,0.03543018381548489,0.04799655442984406,0.003513404511298472,27.740182366979816,0.09746288290036054,-0.20176006153054452,-0.12461650859239513
-6.791760169065963,-1.3005020838643477,-0.02303834612632515,0.003665191429188092,0.03595378259108319,0.053232542185827056,0.004727608441260263,27.6909633298448,0.13091300730044753,-0.2033308578573394,-0.11711159280881951
-6.500212761600979,-4.317302389562025,-0.02303834612632515,-0.008028514559173916,0.03647738136668149,0.041713369122664476,0.0041073309191433476,27.637952446638046,0.11351885498729893,-0.20420352248333656,-0.13264502315156906
-6.781801149984731,-1.7705046852076018,-0.023212879051524585,-0.02495820830351891,0.03717551306747922,0.04939281783143953,0.004316402091687288,27.554749889778464,0.11893811871940554,-0.20577431881013147,-0.13107422682477415
-8.26378706770352,-9.917141046354365,-0.023387411976724018,-0.03892084231947355,0.03769911184307752,0.08098327729253689,0.004744319969802166,27.49848328596582,0.13046258223648835,-0.20699604928652748,-0.15062191444711065
-7.071128465164541,-6.0450331550210015,-0.023736477827122883,-0.021467549799530253,0.038571776469074684,0.04206243497306335,0.004326025126960424,27.408151756590012,0.11856909283697742,-0.20874137853852182,-0.1466076571675237
-6.498472964879151,-6.626358146370908,-0.023736477827122883,-0.020071286397934793,0.03874630939427412,0.00034906585039886593,0.0051016979077125775,27.34884603160721,0.13952676108252912,-0.20996310901491785,-0.15114551322270894
-6.601983646541047,-3.0104128935408974,-0.023736477827122883,-0.003665191429188092,0.038571776469074684,-0.022165681500327987,0.005172422947565716,27.276671268294127,0.14108773862210697,-0.21170843826691219,-0.14643312424232427
-6.976416986611405,-5.52288913352172,-0.023736477827122883,-0.015707963267948967,0.038397243543875255,-0.032114058236695664,0.005047916601478844,27.221862527920653,0.13741485895701788,-0.21275563581810877,-0.15219271077390556
-7.630267973180235,-1.4674213834846677,-0.023911010752322315,-0.013089969389957472,0.03804817769347639,-0.04799655442984406,0.0047638540701633635,27.132940837068954,0.1292583484531392,-0.21467549799530256,-0.15463617172669758
-7.439324578718442,-2.221344323020945,-0.023911010752322315,0.039793506945470715,0.03769911184307752,-0.039095375244672985,0.005523037607557275,27.07393332400413,0.14953187237337262,-0.2158972284716986,-0.1473057888683214
-7.274034243121363,-0.5140628122996269,-0.023387411976724018,0.04328416544945937,0.03735004599267865,-0.019896753472735357,0.006130990621464718,26.976781329287295,0.1653964656974773,-0.2176425577236929,-0.14468779499032994
-6.785317293455678,-5.603918685044485,-0.022863813201125717,0.03682644721708035,0.03717551306747922,-0.04014257279586959,0.005794758510770686,26.924538867593217,0.15602294713208267,-0.21886428820008894,-0.17034413499464657
-7.435347366345957,-2.821203562628468,-0.022689280275926284,-0.01117010721276371,0.03665191429188092,-0.05375614096142535,0.005453242339529955,26.838601418482135,0.14635884839116986,-0.22113321622768156,-0.1759291886010284
-5.353994449752162,-1.5446449598116183,-0.022689280275926284,-0.0017453292519943296,0.03647738136668149,-0.013788101090755204,0.005114246198172378,26.766529148011358,0.13689181342749054,-0.22252947962927702,-0.17889624832941878
-5.244198130498414,1.4707817832951864,-0.022514747350726852,0.006981317007977318,0.03647738136668149,0.024260076602721184,0.006884552952989247,26.726894053007154,0.18400562449516283,-0.22462387473167023,-0.1651081472386636
-5.000785854783417,-4.2978018508123705,-0.022514747350726852,0.04468042885105484,0.03700098014227979,0.05497787143782138,0.006724817709509805,26.651827434352146,0.17923138293343555,-0.22584560520806624,-0.16632987771505958
-6.1320301790419665,-4.287545759077583,-0.02181661564992912,0.040317105721069016,0.03769911184307752,0.04468042885105484,0.006942535232684467,26.611456500591245,0.18475394266377357,-0.22794000031045944,-0.1843067690106012
-6.5247901183967185,3.5872690317707003,-0.021467549799530253,0.054279739737023644,0.03804817769347639,0.03822271061867582,0.007282484443458491,26.557124733239583,0.19340526680056946,-0.22951079663725435,-0.16545721308906244
-6.9464389824768125,-7.514659664209012,-0.02076941809873252,0.059341194567807204,0.038571776469074684,0.06527531402458793,0.007715503676583014,26.472371275082473,0.20425173088374463,-0.2314306588144481,-0.18029251173101424
-7.481546038171729,-8.198678277633443,-0.020245819323134222,0.03490658503988659,0.039269908169872414,0.08342673824532895,0.007615441867226206,26.389114769551274,0.20096865452611323,-0.23282692221604356,-0.1806415775814131
-8.05403139930133,-5.601996317524432,-0.019722220547535925,0.017453292519943295,0.040317105721069016,0.059341194567807204,0.0087445567812637,26.32307233466749,0.23018946803804338,-0.23492131731843677,-0.18011797880581482
-6.646196025523882,-3.104567531943288,-0.019722220547535925,-0.003665191429188092,0.04066617157146788,0.02076941809873252,0.008517390633410076,26.252342098547036,0.2236068599782479,-0.23649211364523168,-0.18989182261698306
-6.1363393653675145,-7.07746973960893,-0.019722220547535925,0.010122909661567111,0.04084070449666731,-0.004537856055185257,0.00860665839149654,26.18291839610418,0.22535299866390232,-0.23876104167282428,-0.1965240737745615
-6.452767839012996,-8.359999849682486,-0.019722220547535925,0.0019198621771937625,0.04066617157146788,-0.013264502315156905,0.007525561101198639,26.107034821422143,0.1964737947706115,-0.24033183799961916,-0.2085668456133224
-7.336877495573936,-3.3741092440882365,-0.019547687622336492,0.01815142422074103,0.040491638646268445,-0.0307177948351002,0.009635643620638361,26.045223789172432,0.2509702616641646,-0.2426007660272118,-0.19198621771937624
-6.071540523887105,3.1997164744996667,-0.01937315469713706,0.02199114857512855,0.040317105721069016,-0.0164060949687467,0.009175792233292152,25.99618259360314,0.23854226507684484,-0.2441715623540067,-0.17941984710501707
-6.0880813962659035,-1.495205903027626,-0.01884955592153876,0.03944444109507185,0.04014257279586959,-0.011344640137963142,0.010926055496536816,25.914635311373342,0.2831560112720285,-0.2462659574563999,-0.17278759594743864
-8.08434900190366,-0.570378336644402,-0.018500490071139894,0.03665191429188092,0.04014257279586959,-0.010297442586766544,0.009912857375475228,25.827129622520726,0.25602903862998383,-0.24766222085799536,-0.1816887751326097
-9.176052375330745,-7.455097300467644,-0.017976891295541596,0.03298672286269283,0.04014257279586959,0.013264502315156905,0.010317377624067576,25.75617480697411,0.2657456110897958,-0.24993114888558798,-0.18675022996339327
-7.88956064489303,1.6297329096880204,-0.017627825445142728,0.033335788713091695,0.04014257279586959,-0.0054105206811824215,0.010491158466821362,25.651536929110023,0.2691242125787939,-0.2515019452123829,-0.17662732030182618
-6.052470172560396,0.0018486815021248636,-0.01710422666954443,0.04310963252425994,0.04014257279586959,-0.0012217304763960308,0.010981368417611598,25.60946878843969,0.28123831672134136,-0.2535963403147761,-0.18133970928221085
-7.28164932894936,-7.034961052124889,-0.016755160819145562,0.04537856055185257,0.04014257279586959,-0.0022689280275926286,0.010674927707022733,25.517018924734863,0.2724026795312689,-0.25499260371637156,-0.17837264955382048
-6.704563407069669,-7.172593708631466,-0.016057029118347832,0.044156830075456545,0.040317105721069016,0.019896753472735357,0.011055746008163718,25.46552315603755,0.28155182738652595,-0.25708699881876473,-0.1881464933649887
-5.706796689658713,-8.32745654879933,-0.0158824961931484,0.0317649923862968,0.040491638646268445,0.019024088846738195,0.0116691756839029,25.409531194422726,0.2965217427639239,-0.25865779514555964,-0.19198621771937624
-4.725680887391153,-6.063081446121246,-0.0153588974175501,0.044331363000655974,0.04084070449666731,0.028274333882308142,0.011558102214675686,25.35099017192155,0.29302238402659364,-0.2607521902479528,-0.1827359726838063
-5.720134948043103,-5.360609220289383,-0.014835298641951801,0.05497787143782138,0.041015237421866746,0.04485496177625427,0.011986030562833516,25.29466775103667,0.30319718048014443,-0.2621484536495483,-0.17174039839624203
-8.075636127635176,-13.362735023115304,-0.014137166941154071,0.04136430327226561,0.041713369122664476,0.052708943410228755,0.01245065701127399,25.231375322860437,0.3141634339878943,-0.26406831582674206,-0.17662732030182618
-7.043697826121154,-3.888541764167879,-0.013788101090755204,0.05619960191421741,0.04223696789826278,0.05009094953223726,0.011701070792718168,25.14144154365491,0.29419521404074817,-0.26546457922833755,-0.1825614397586069
-6.71056791532381,-6.405626096291757,-0.012915436464758038,0.0715584993317675,0.04276056667386108,0.0460766922526503,0.012597686668718263,25.08737582809803,0.3160596199336403,-0.26773350725593015,-0.1864011641129944
-7.344669316513259,-7.795920218394323,-0.012217304763960308,0.07278022980816354,0.04310963252425994,-0.00017453292519943296,0.012596971837976926,24.99263487375677,0.31484817159528383,-0.26912977065752564,-0.17819811662862106
-7.885099518206391,-4.574052478669216,-0.011519173063162575,0.04084070449666731,0.04293509959906051,-0.020245819323134222,0.012814675448673405,24.932570887191492,0.31952029431684525,-0.2712241657599188,-0.18552849948699723
-7.577589201311787,-7.551862848461392,-0.011344640137963142,0.002617993877991494,0.04293509959906051,-0.02129301687433082,0.012888335651896328,24.87016495705394,0.3205527828027571,-0.2727949620867137,-0.1975712713257581
-6.922484405403377,2.0328628560965116,-0.011519173063162575,-0.017278759594743863,0.04276056667386108,-0.0328121899374934,0.013443720351622748,24.78862489204848,0.33327141897488,-0.2750638901143063,-0.18151424220741028
-6.043736272488968,-1.1476461705586085,-0.011344640137963142,0.03298672286269283,0.04258603374866164,-0.019198621771937627,0.01311612138083781,24.70601947580202,0.32406573378967535,-0.2764601535159018,-0.17453292519943295
-6.5688645366965295,-0.8805053934007017,-0.010995574287564275,0.0024434609527920616,0.04241150082346221,-0.0328121899374934,0.013576178659395095,24.656078127101807,0.3347558885253259,-0.27872908154349446,-0.1832595714594046
-7.117986678699323,-3.378307069847434,-0.010821041362364843,0.012566370614359171,0.04223696789826278,-0.023736477827122883,0.012509263977838714,24.57019327030971,0.3073710664195692,-0.2802998778702893,-0.18884462506578648
-6.8938070018179385,-6.884981041006897,-0.010297442586766544,0.04729842272904633,0.04206243497306335,-0.016231562043547264,0.012950849231921548,24.519309983681854,0.3175636414684917,-0.28256880589788197,-0.20228366030614278
-8.76205583849664,0.6401107588987789,-0.009948376736367679,0.028972465583105872,0.04206243497306335,-0.014486232791552936,0.013321295373630379,24.41304607862369,0.3252326362705977,-0.2841396022246769,-0.18779742751458986
-9.08191148043916,-0.22185328408726696,-0.009599310885968814,0.007330382858376184,0.04206243497306335,0.003839724354387525,0.014820500360352176,24.34523381896629,0.3608349657740622,-0.2864085302522695,-0.1816887751326097
-5.93559062976967,-3.2447511509344715,-0.00942477796076938,0.0041887902047863905,0.04206243497306335,0.013613568165555772,0.013300377665362748,24.262875935487163,0.32272444340388384,-0.2879793265790644,-0.19949113350295186
-6.086652761654496,3.23025102504046,-0.00942477796076938,-0.015707963267948967,0.04223696789826278,0.00890117918517108,0.014673374946691443,24.20758211449263,0.35523242407096883,-0.29042278753185646,-0.19530234329816545
-6.851156277370891,-6.1424952204612895,-0.009773843811168246,-0.06736970912698112,0.04223696789826278,0.02548180707911721,0.014148912287037126,24.16175148175063,0.3418853169240537,-0.2921681167838508,-0.21205750411731106
-6.1571534600883355,-6.4652793393263455,-0.010471975511965976,-0.04468042885105484,0.04293509959906051,0.06981317007977318,0.013630018914284366,24.079580402965245,0.32822546221822346,-0.2947861106618423,-0.2202605516016844
-5.696438606458033,-2.040264893181899,-0.01064650843716541,-0.02548180707911721,0.04363323129985824,0.05689773361501515,0.01462309119897817,24.03130406037005,0.35143700108211057,-0.29635690698863715,-0.1980948701013564
-6.14797413361864,-2.4085755717816646,-0.01064650843716541,0.014660765716752368,0.044156830075456545,0.041713369122664476,0.015963556143442793,23.953138178766636,0.3824097504924222,-0.2986258350162298,-0.19303341527057286
-6.674340689524636,-2.63343124786463,-0.010297442586766544,0.008552113334772215,0.04450589592585541,0.02949606435870417,0.015393950631804968,23.88481420920218,0.3677106971686242,-0.30019663134302466,-0.19844393595175527
-7.968161223751294,-10.41437783022922,-0.010297442586766544,-0.017976891295541596,0.04485496177625427,0.026354471705114377,0.01505365519848405,23.822529295010572,0.3586432333895675,-0.3028146252210162,-0.2249729405820691
-7.617589395124462,-4.170608108058827,-0.010471975511965976,-0.06021385919380437,0.04520402762665313,0.0322885911618951,0.015558716805940061,23.758377497784217,0.3696796976449347,-0.3045599544730105,-0.21101030656611444
-5.891203356986359,-1.6953710316985702,-0.01117010721276371,-0.04782202150464463,0.04590215932745086,0.06213372137099813,0.015704004879124697,23.681221947862944,0.3719205993437872,-0.30700341542580256,-0.2090904443889207
-6.40887806450041,-4.07969826761043,-0.011519173063162575,-0.06056292504420324,0.0460766922526503,0.012217304763960308,0.015541879857064197,23.60126655505387,0.36683758629210494,-0.3087487446777969,-0.20228366030614278
-6.345464811701703,-10.459669610762809,-0.012042771838760876,-0.07033676885537149,0.046251225177849735,0.0022689280275926286,0.015622801164515232,23.55580025088683,0.36803752661931816,-0.31119220563058897,-0.21467549799530256
-6.0963205134248115,-4.28218243024572,-0.012566370614359171,-0.06091199089460211,0.046251225177849735,-0.021642082724729686,0.015028844921528168,23.47885530208128,0.352886644056098,-0.3129375348825833,-0.21066124071571557
-6.343793416759011,-13.018674800271093,-0.012915436464758038,-0.00942477796076938,0.0460766922526503,-0.02495820830351891,0.015904359731670974,23.426343505020064,0.3726124121012668,-0.3153809958353754,-0.21031217486531673
-5.964619103612205,-8.68805510775179,-0.012740903539558606,0.0015707963267948964,0.04590215932745086,-0.031415926535897934,0.01588071755266512,23.352708245505006,0.37088894331065614,-0.31677725923697087,-0.187448361664191
-5.644325840579544,-2.8848150080799924,-0.012566370614359171,0.017453292519943295,0.045553093477052,-0.02076941809873252,0.01669428332584814,23.31028973586972,0.3891847370747665,-0.31904618726456346,-0.1881464933649887
-6.582207305897248,-7.629184523521259,-0.012566370614359171,-0.023212879051524585,0.04520402762665313,-0.03595378259108319,0.015338535091923827,23.228112137932225,0.35631315692882753,-0.3206169835913584,-0.19408061282176947
-6.440372418258309,-3.26407073557565,-0.012740903539558606,-0.03630284844148206,0.04485496177625427,-0.03298672286269283,0.016416924144042694,23.173849414728966,0.38047751009715153,-0.32288591161895097,-0.18133970928221085
-5.974403127319189,-3.7734641619050437,-0.012915436464758038,-0.04310963252425994,0.04485496177625427,0.00017453292519943296,0.015530549354373237,23.10723432048291,0.3588968985883084,-0.32428217502054646,-0.1768018532270256
-5.765390905740813,-9.085704698986167,-0.013089969389957472,-0.022689280275926284,0.04485496177625427,-0.008726646259971648,0.015594561769660542,23.058905907613287,0.35962268524609126,-0.32637657012293964,-0.18116517635701143
-6.043905038178065,-3.0688189928678855,-0.013089969389957472,-0.020943951023931952,0.04485496177625427,-0.005934119456780721,0.015512115367304857,22.985735088521725,0.3565859762070788,-0.3277728335245351,-0.16632987771505958
-6.297365042059446,-4.921888590145242,-0.013089969389957472,-0.008377580409572781,0.04468042885105484,-0.009948376736367679,0.0155580528882252,22.93763256767147,0.3568936968143422,-0.3298672286269283,-0.17575465567582899
-5.961421686648261,-3.2135403726835388,-0.012915436464758038,0.0291469985083053,0.04468042885105484,0.0013962634015954637,0.015321125570017576,22.854422714957668,0.350182880954916,-0.33126349202852373,-0.16057029118347835
-6.439027626125274,-4.7752739010647405,-0.012740903539558606,0.0019198621771937625,0.04485496177625427,0.003839724354387525,0.015414782811986699,22.803940000894087,0.35154562704584547,-0.3330088212805181,-0.15620696805349252
-6.509504496910163,-1.511723441894958,-0.012740903539558606,-0.0033161255787892262,0.04485496177625427,0.010995574287564275,0.01390277526382117,22.731673984920498,0.3160537180870617,-0.33440508468211355,-0.1583013631558857
-6.451223459664737,-6.062038413881841,-0.012566370614359171,-0.002617993877991494,0.045029494701453704,0.02076941809873252,0.014151982368679617,22.68092630158401,0.3210014993222995,-0.3363249468593073,-0.1583013631558857
-7.6316344173284145,-8.636231344832849,-0.012566370614359171,0.006108652381980154,0.04520402762665313,0.028448866807507574,0.013974175659424416,22.61778402156509,0.3160854620140614,-0.3375466773357033,-0.16057029118347835
-8.239866615083837,-7.208219935652071,-0.012391837689159739,0.00767944870877505,0.045553093477052,0.015184364492350668,0.012903609160073585,22.52339484323472,0.29064921552882517,-0.3392920065876977,-0.15358897417550102
-8.719723268505975,-6.765999268110239,-0.012217304763960308,0.030543261909900768,0.045553093477052,-0.0024434609527920616,0.011563923711644513,22.416167017964632,0.25923040054358815,-0.3405137370640937,-0.1577777643802874
-7.339583577550031,4.222342073022548,-0.011693705988362009,0.05480333851262195,0.04537856055185257,-0.024783675378319478,0.012442257068443449,22.35862404211087,0.2782061045169716,-0.342259066316088,-0.1392772743091475
-7.211446191390582,-4.516390383038286,-0.01117010721276371,0.04729842272904633,0.04520402762665313,-0.02530727415391778,0.010935609288864967,22.274148272439422,0.24359109298110515,-0.34348079679248406,-0.1492256510455152
-6.615974740674385,-2.82331152027275,-0.010821041362364843,0.013089969389957472,0.045029494701453704,-0.013089969389957472,0.011373527712553419,22.221030094444593,0.25274239968533824,-0.3452261260444784,-0.14625859131712482
-5.474889408859878,-3.0246036571264985,-0.010821041362364843,-0.01815142422074103,0.045029494701453704,0.020943951023931952,0.00915633545659512,22.14381009366188,0.20276181995057055,-0.3466223894460738,-0.16772614111665507
-5.5279497830582836,-10.407281548123594,-0.010995574287564275,-0.01832595714594046,0.04537856055185257,0.027052603405912107,0.009046340647145108,22.10671106073831,0.1999902943603958,-0.3485422516232676,-0.170518667919846
-4.387242173729915,-2.547492593026867,-0.010995574287564275,0.016755160819145562,0.045727626402251434,0.05759586531581288,0.009210376479494487,22.040142702934812,0.20300375232774281,-0.34976398209966364,-0.15079644737231007
-5.241832952617878,-2.0445603956086247,-0.01064650843716541,0.027401669256310976,0.04642575810304917,0.044156830075456545,0.01052277177047062,22.001706689171538,0.23152748369515289,-0.35168384427685745,-0.14713125594312199
-7.446496659970288,4.5219833781650225,-0.010471975511965976,0.014660765716752368,0.046774823953448036,0.0439822971502571,0.009511173272217562,21.92380649679261,0.20852741038000447,-0.3529055747532534,-0.15393804002589986
-7.917799774177582,-4.709819575426383,-0.010297442586766544,-0.00471238898038469,0.04729842272904633,0.06335545184739416,0.008494987569442721,21.852878861304617,0.18564439996932397,-0.35499996985564664,-0.17383479349863523
-6.9358785436243835,-2.501541239596248,-0.010297442586766544,0.00471238898038469,0.04782202150464463,0.0322885911618951,0.007034793191918993,21.76925076242556,0.1531447033561432,-0.3563962332572421,-0.17784905077822216
-6.281630062270815,-1.6496261046804417,-0.010122909661567111,0.02129301687433082,0.04799655442984406,0.013962634015954637,0.007318057219268475,21.719448011479088,0.15894700074291213,-0.3584906283596353,-0.17488199104983182
-6.965785103630399,-9.584968423139484,-0.010122909661567111,-0.024434609527920616,0.04782202150464463,-0.03438298626428829,0.005388568237175074,21.6404106590402,0.11661195819313835,-0.3598868917612308,-0.18675022996339327
-6.125352432221655,-2.4148309863733,-0.010471975511965976,-0.03560471674068432,0.047472955654245766,-0.0471238898038469,0.006257697725839145,21.587677199657637,0.13509092185498411,-0.3621558197888234,-0.18727382873899157
-5.751812978772823,-4.112626505926069,-0.010471975511965976,0.003839724354387525,0.0471238898038469,-0.04729842272904633,0.005238067534605717,21.513460291651484,0.11268998855088945,-0.3639011490408177,-0.19320794819577228
-5.977873595043397,-6.98558964966803,-0.010297442586766544,0.013613568165555772,0.0466002910282486,-0.04799655442984406,0.005652839148698335,21.46401868700438,0.1213339375171375,-0.36617007706841037,-0.19687313962496036
-6.56024153688912,-3.0862267770273353,-0.009948376736367679,0.03682644721708035,0.046251225177849735,-0.04380776422505767,0.005729531016622811,21.388750620054797,0.12254885107920067,-0.3675663404700058,-0.1837831702350029
-7.209483725736148,1.3975070392068083,-0.009250245035569947,0.06126105674500097,0.045727626402251434,-0.046774823953448036,0.006564362003568054,21.335573028049804,0.14005643663235878,-0.36983526849759846,-0.18308503853420519
-5.924574278976774,-6.200294560544305,-0.00890117918517108,0.024609142453120045,0.04537856055185257,-0.0013962634015954637,0.004265175600744226,21.26053630978379,0.09068047060589145,-0.37140606482439337,-0.20699604928652748
-5.329870900354114,0.21655811530141217,-0.008552113334772215,0.025830872929516076,0.04537856055185257,0.007330382858376184,0.005596947033273485,21.217121815158304,0.11875234700526968,-0.3740240587023848,-0.20612338466053032
-6.1797677089685505,-5.523469536991978,-0.008377580409572781,-0.00017453292519943296,0.04537856055185257,0.013439035240356337,0.004751652673484774,21.140625154312144,0.10045366405584213,-0.3755948550291797,-0.20420352248333656
-6.16711113011846,-5.400211916567057,-0.00820304748437335,0.004363323129985824,0.045553093477052,0.010122909661567111,0.0050130626535194725,21.09537653546211,0.10575333016183701,-0.3782128489071712,-0.21799162357409177
-5.985216079090406,-11.772817558448637,-0.008028514559173916,0.021642082724729686,0.045727626402251434,0.020420352248333655,0.004136502459705589,21.018626960224555,0.08694409801125427,-0.3797836452339661,-0.22060961745208327
-5.783066730964363,-10.749208326202956,-0.007504915783575617,0.03682644721708035,0.04590215932745086,0.014660765716752368,0.00481724347353542,20.96971870298558,0.10101702195981037,-0.3824016391119576,-0.22741640153486117
-5.6607063640386475,-0.5100324169911197,-0.007155849933176752,0.017976891295541596,0.0460766922526503,-0.01832595714594046,0.004347020669219361,20.92514120810007,0.0909625942995771,-0.3843215012891514,-0.22200588085367873
-5.251401451152804,-1.0048716955312702,-0.006806784082777886,0.012042771838760876,0.045727626402251434,-0.04468042885105484,0.004206947458778772,20.861944502908663,0.08776562218287132,-0.3869394951671429,-0.2314306588144481
-7.0667010246036694,-5.266724872489874,-0.006806784082777886,0.022165681500327987,0.04537856055185257,-0.03944444109507185,0.004062917601464845,20.782113816137592,0.08443648062583214,-0.38885935734433663,-0.2202605516016844
-6.666892555605773,-3.652940920911827,-0.006283185307179586,0.02879793265790644,0.045029494701453704,-0.00890117918517108,0.004700339701343668,20.733687032283758,0.09745609001954675,-0.39147735122232813,-0.22287854547967587
-5.689720265350829,-9.57202081834975,-0.005934119456780721,0.028623399732707007,0.04485496177625427,-0.027052603405912107,0.003999751323771649,20.68007461982485,0.08271559693181164,-0.3933972133995219,-0.24975661596038856
-6.13819048950325,-10.238646809298462,-0.0054105206811824215,0.029670597283903602,0.04450589592585541,-0.05358160803622592,0.0028795073070318946,20.606680671376672,0.05933725156649934,-0.3963642731279123,-0.25656340004316647
-7.293650632118595,-0.5497201411616339,-0.005061454830783556,0.03961897402027128,0.0439822971502571,-0.07976154681614087,0.00214536003131979,20.55342298406564,0.044094559826272514,-0.39828413530510604,-0.255167136641571
-7.5918991647938,-10.598746992309705,-0.004537856055185257,0.03944444109507185,0.04328416544945937,-0.05689773361501515,0.002950453508445618,20.464776521516583,0.06038054689532646,-0.4014257279586958,-0.26232298657474773
-6.390148557588695,-3.873401236632897,-0.004363323129985824,0.0328121899374934,0.04293509959906051,-0.01780235837034216,0.003538751925530681,20.400316027529424,0.07219195897175602,-0.40334559013588955,-0.2581341963699614
-5.75642794973568,-10.350891925523062,-0.004014257279586958,0.009075712110370514,0.04276056667386108,0.00034906585039886593,0.002221858644824358,20.33176949645972,0.045174392157118604,-0.4066617157146788,-0.2864085302522695
-5.1521126849079515,-4.448798130556062,-0.004014257279586958,-0.010297442586766544,0.04241150082346221,-0.04223696789826278,0.002893273862904388,20.289764661072834,0.05870400958286768,-0.408756110817072,-0.28187067419708417
-6.459077124807303,-0.5450709604924044,-0.004014257279586958,-0.0158824961931484,0.04206243497306335,-0.030543261909900768,0.003437539523795793,20.21902503692168,0.06950397146593362,-0.41242130224626006,-0.2897246558310587
-6.257885321652721,1.4887162821863438,-0.004014257279586958,0.008377580409572781,0.04206243497306335,0.027401669256310976,0.002539431851011565,20.13916968388926,0.05114215888196297,-0.41486476319905213,-0.29670597283903605
-5.812414740153989,-9.66798730496211,-0.003665191429188092,0.026703537555513242,0.04241150082346221,0.04014257279586959,0.003921188738313358,20.091938890561405,0.07878468829942879,-0.4183554217030408,-0.300720230118623
-5.952813320096539,-12.724622597062826,-0.0033161255787892262,0.024434609527920616,0.04276056667386108,0.04782202150464463,0.0025519795270526097,20.02580843206236,0.051105564074705956,-0.42062434973063345,-0.31328660073298215
-6.032423306220143,-2.527130769135303,-0.003141592653589793,0.0041887902047863905,0.04310963252425994,0.02652900463031381,0.004714447352882979,19.97491189034578,0.09417136817125606,-0.42446407408502096,-0.31398473243377995
-7.175780839044187,-5.865883164335194,-0.0029670597283903604,-0.0317649923862968,0.04345869837465881,0.009250245035569947,0.0023260734421008825,19.899356983456094,0.04628744927536219,-0.4270820679630124,-0.3478441199224699
-7.481031726632151,-8.979406726677414,-0.003141592653589793,-0.03246312408709453,0.04363323129985824,0.018675022996339326,0.004142596440448767,19.843795367171104,0.08220530629821307,-0.43127085816779887,-0.35377823937925057
-5.797553786003808,-1.917529947017293,-0.003490658503988659,-0.03682644721708035,0.04380776422505767,0.017453292519943295,0.003917448486240014,19.76130434410794,0.07741428779963597,-0.4340633849709898,-0.3511602455012591
-5.060478742848295,-8.433707061014367,-0.003665191429188092,-0.046949356878647465,0.0439822971502571,-0.01064650843716541,0.005628870739197253,19.71929007587325,0.11099850720741053,-0.4384267081009756,-0.3597123588360313
-5.768854836762037,-7.53216291566953,-0.003839724354387525,-0.050265482457436686,0.04363323129985824,-0.04520402762665313,0.0036904143370356554,19.654156342779075,0.07253230962635891,-0.4413937678293659,-0.3794345793835673
-5.751102110145988,-11.39385810733204,-0.004537856055185257,-0.07033676885537149,0.04293509959906051,-0.06876597252857658,0.005328245904008662,19.603757134437313,0.10445462715268938,-0.4459316238845512,-0.3940953451003196
-6.349806822644389,-5.423162427978299,-0.004886921905584123,-0.06213372137099813,0.04276056667386108,-0.06265732014659643,0.004433407557866663,19.53064745060995,0.0865878873162424,-0.449073216538141,-0.3960152072775134
-6.800661815469766,-7.0845682586224115,-0.0054105206811824215,-0.04293509959906051,0.04206243497306335,-0.052534410485029326,0.006894218772508892,19.484883689170633,0.1343351792451055,-0.4537856055185257,-0.3951425426515162
-6.629488915484419,-8.53369627953378,-0.0054105206811824215,-0.0164060949687467,0.04153883619746504,-0.0645771823237902,0.008014082041678867,19.42590533298835,0.15568413205103687,-0.45692719817211547,-0.4009021291830975
-6.385614707877694,-11.993297941226372,-0.0054105206811824215,-0.011693705988362009,0.04084070449666731,-0.05131268000863329,0.008860278252540838,19.339725997349344,0.17135983786243322,-0.46163958715250014,-0.3940953451003196
-5.610356614555249,-5.754665874087551,-0.005585053606381855,-0.049567350756638956,0.040491638646268445,-0.04014257279586959,0.008038764119475492,19.267932494961773,0.15489370091091448,-0.4649557127312894,-0.40177479380909464
-5.822929121308203,-0.306462599177107,-0.006108652381980154,-0.06544984694978735,0.039968039870670144,-0.024260076602721184,0.010148119177729556,19.22732383388,0.19512787215159705,-0.46984263463687354,-0.40055306333269863
-5.812218131318097,-11.492789812976259,-0.0066322511575784525,-0.06370451769779303,0.039968039870670144,0.011693705988362009,0.008109151657488312,19.156176710718846,0.15534374718880498,-0.4731587602156627,-0.4132939668722572
-5.009737386722536,5.498067812940026,-0.007155849933176752,-0.026878070480712675,0.04014257279586959,0.016231562043547264,0.01252469065589648,19.114887547291346,0.23942057271523673,-0.4780456821212469,-0.3792600464583678
-4.894740606675488,-3.1131183326779905,-0.007155849933176752,-0.0033161255787892262,0.039968039870670144,-0.038397243543875255,0.010964162741023683,19.048325089575336,0.2088573054047602,-0.48118727477483664,-0.3869394951671429
-6.016297843533776,-9.100871968375444,-0.007155849933176752,-0.03752457891787808,0.03961897402027128,-0.03385938748868999,0.012130764031787599,19.00419907282996,0.23054676341305702,-0.48589966375522137,-0.39688787190351055
-6.236179260808296,-12.357751861611346,-0.007155849933176752,-0.015009831567151233,0.039269908169872414,-0.024783675378319478,0.009801974989636685,18.934177156058198,0.18559827498561432,-0.48904125640881113,-0.40753438034067596
-6.3555964278708235,-6.847502588374342,-0.007155849933176752,-0.007853981633974483,0.03892084231947355,-0.03490658503988659,0.012333981124264285,18.87612240738612,0.2328295441521124,-0.4937536453891958,-0.39322268047432246
-5.588786527267365,-9.575417624132662,-0.007155849933176752,-0.00820304748437335,0.03874630939427412,-0.05061454830783556,0.010409532874485754,18.80250883418073,0.19573240363166036,-0.4968952380427856,-0.3892084231947355
-5.351263235992102,-8.467825672892793,-0.007330382858376184,-0.02408554367752175,0.03804817769347639,-0.06318091892219473,0.011742767841535164,18.768265904917754,0.22040151998207258,-0.5016076270231703,-0.393048147549123
-6.702004674916678,-10.713587387766479,-0.007330382858376184,-0.020594885173533087,0.03769911184307752,-0.04974188368183839,0.009501626018401496,18.68670028990894,0.17755938111156247,-0.5047492196767601,-0.3988077340807043
-7.027494475916844,-8.939800822536135,-0.007330382858376184,-0.020245819323134222,0.03717551306747922,-0.04904375198104066,0.010756016735165509,18.63044826238693,0.20039714146189166,-0.5094616086571448,-0.3953170755767157
-6.696109803209722,-7.169822218120849,-0.006981317007977318,0.047647488579445195,0.03682644721708035,-0.0603883921190038,0.009640919397724811,18.547852025188526,0.17882388681085182,-0.5126032013107346,-0.39025562074593206
-7.260163481212291,-7.965992771197259,-0.006283185307179586,0.03961897402027128,0.03612831551628262,-0.06405358354819189,0.011319309200346126,18.487144757176,0.20927064553769054,-0.5173155902911193,-0.3933972133995219
-7.593625216587304,-8.42218758175852,-0.005759586531581287,0.02303834612632515,0.03560471674068432,-0.05637413483941684,0.009133039903556794,18.39349198530189,0.16799316719890967,-0.5204571829447091,-0.4024729255098924
-7.197825398261426,-10.56943196588722,-0.0054105206811824215,0.016231562043547264,0.03490658503988659,-0.05585053606381855,0.010283823377618054,18.33822531868353,0.18859371865327648,-0.5251695719250937,-0.4082325120414737
-6.331756354197353,-15.787652019765902,-0.0054105206811824215,-0.026354471705114377,0.034557519189487726,-0.03612831551628262,0.007232362911164894,18.25581420297725,0.1320349756838073,-0.528485697503883,-0.42184608020702946
-5.481386876530486,-9.151698923795907,-0.005585053606381855,-0.024434609527920616,0.03438298626428829,-0.013613568165555772,0.010001646085982589,18.20842783809898,0.18212032373551104,-0.5333726194094671,-0.40631264986427995
-6.478431049780651,-9.108773647384536,-0.005585053606381855,-0.032637657012293965,0.034557519189487726,0.016580627893946133,0.008375128171593435,18.13364198545329,0.1518751268433572,-0.5366887449882564,-0.4106759729942658
-6.876275645338913,-7.285390322218307,-0.005759586531581287,-0.016929693744344994,0.03508111796508603,0.0460766922526503,0.009598093193050005,18.079538885122478,0.1735344279996046,-0.5415756668938405,-0.415213829049451
-6.77271000592908,-8.299389125957758,-0.005759586531581287,-0.012391837689159739,0.03543018381548489,0.04258603374866164,0.008855569978565073,17.995104171151493,0.1593610700388261,-0.5448917924726298,-0.4089306437422714
-7.048412458559528,-3.596998917008092,-0.005585053606381855,-0.008552113334772215,0.03595378259108319,0.03665191429188092,0.010966140928944547,17.94484625534612,0.1967936016009247,-0.5499532473034132,-0.4106759729942658
-7.794381549947177,-11.07360611461718,-0.005585053606381855,0.004363323129985824,0.03612831551628262,0.013439035240356337,0.007852921591490801,17.85114479486918,0.14018652209609356,-0.5532693728822025,-0.43074725939220054
-8.077981859074752,-15.756497580310874,-0.0054105206811824215,0.0024434609527920616,0.03647738136668149,0.027401669256310976,0.008543119224603378,17.79493432871871,0.15202794416295645,-0.5585053606381855,-0.45081854579013536
-6.902018555806226,-9.726677475179159,-0.0054105206811824215,-0.03630284844148206,0.03682644721708035,0.041189770347066175,0.00889838615795123,17.723629988968266,0.15771586649898825,-0.5619960191421741,-0.4588470603493092
-6.616369955453459,-10.297150730179201,-0.005759586531581287,-0.06335545184739416,0.03735004599267865,0.040491638646268445,0.008500111818553532,17.648508185438637,0.15001790605058413,-0.5675810727485561,-0.4550073359949217
-5.117707100747187,-7.2393660590657705,-0.006283185307179586,-0.07871434926494426,0.03752457891787808,-0.007155849933176752,0.00909179645446086,17.600136924674405,0.16002127167420357,-0.5712462641777442,-0.45535640184532056
-4.9369771356788,-8.437586586894437,-0.007155849933176752,-0.10786134777324956,0.03717551306747922,-0.03665191429188092,0.008131650258115405,17.531711271961186,0.1425648868113424,-0.5768313177841259,-0.4703662334124718
-5.978779672371139,-11.019265857541598,-0.007853981633974483,-0.08883725892651137,0.03682644721708035,-0.08237954069413235,0.005686631926731567,17.472016742303843,0.09935799923927774,-0.5806710421385135,-0.4860741966804208
-6.21397503003091,-4.774325960340263,-0.008377580409572781,-0.03700098014227979,0.03595378259108319,-0.07400196028455958,0.008778156813297985,17.417981952932927,0.1529017043073448,-0.5864306286700948,-0.4733332931408622
-6.638878609871314,-1.0564715343237405,-0.008377580409572781,-0.00890117918517108,0.03543018381548489,-0.08133234314293576,0.008655177141076676,17.367083722764804,0.15031893963189683,-0.5902703530244823,-0.46617744320768545
-6.352563316199608,-10.347930677284515,-0.008377580409572781,-0.011344640137963142,0.034557519189487726,-0.07749261878854824,0.009149386392319481,17.283548995889426,0.15813828067077887,-0.5960299395560635,-0.49026298688520714
-6.738034283827878,-11.247176089659787,-0.008377580409572781,-0.04380776422505767,0.034033920413889425,-0.06911503837897545,0.00704044143945879,17.19840982619987,0.12108639790253424,-0.6000441968356506,-0.5129522671611335
-7.71428806425692,-8.105005218250147,-0.00890117918517108,-0.06771877497737998,0.033335788713091695,-0.056548667764616284,0.008936687511357549,17.140859469556563,0.15318658282790878,-0.6063273821428301,-0.5166174585903216
-5.360133728368187,-16.48584303413046,-0.009599310885968814,-0.10855947947404729,0.033161255787892266,0.0013962634015954637,0.006241396704725996,17.06292209671118,0.1064978486267306,-0.610341639422417,-0.5312782243070739
-4.987155502949799,-7.064614221400284,-0.01064650843716541,-0.11955505376161159,0.033335788713091695,0.019722220547535925,0.010371502664217823,17.027465036367794,0.17660673144991323,-0.6166248247295966,-0.5150466622635267
-4.50492402416386,-0.11760147913921057,-0.011519173063162575,-0.10314895879286488,0.03368485456349056,0.033510321638291124,0.009264181437239154,16.968565925771006,0.15720437084989558,-0.620813614934383,-0.5094616086571448
-4.712477408051289,-10.235557408199105,-0.012566370614359171,-0.08482300164692443,0.034033920413889425,0.02879793265790644,0.010756809257274878,16.939836652943143,0.18222562015743102,-0.6270968002415626,-0.5195845183187119
-6.6737082790577835,-14.327095170574461,-0.012915436464758038,-0.04904375198104066,0.03420845333908886,0.015009831567151233,0.008896793616850827,16.865108931435774,0.1500493524585464,-0.631285590446349,-0.5262167694762904
-6.435755436332954,-13.059194137099952,-0.013089969389957472,-0.013264502315156905,0.03438298626428829,-0.0041887902047863905,0.011745999838675353,16.804922504842626,0.19739969542843214,-0.6373942428283292,-0.520806248795108
-6.032276006139557,-1.9412758282750089,-0.013089969389957472,-0.020420352248333655,0.03420845333908886,-0.03490658503988659,0.011466129760540051,16.736070307148882,0.19190636400992456,-0.6415830330331155,-0.5031784233499652
-6.615768542251606,-8.814808372563288,-0.013089969389957472,-0.03490658503988659,0.03385938748868999,-0.04537856055185257,0.01162076722317799,16.6854023942932,0.19390590582308614,-0.6476916854150957,-0.5229006438975011
-7.011440956186606,-19.17803549039475,-0.013264502315156905,-0.05881759579220891,0.033510321638291124,-0.03420845333908886,0.008377091633402814,16.603925792370543,0.13909586156695658,-0.6518804756198822,-0.537386876689054
-7.689328651925722,-16.496276578066244,-0.013962634015954637,-0.07487462491055674,0.033335788713091695,-0.020245819323134222,0.010601773093452073,16.544168089042255,0.17540408781494124,-0.6583381938522611,-0.5368632779134558
-5.81628921613716,0.40694673455812974,-0.014486232791552936,-0.06754424205218056,0.033161255787892266,-0.01780235837034216,0.01027338245446835,16.462842368032703,0.16913502628109586,-0.6625269840570475,-0.51399946471233
-5.559012185652967,-8.63532628496821,-0.014835298641951801,-0.04485496177625427,0.0328121899374934,-0.05305800926062762,0.010808819972753647,16.421634693348473,0.17750540579961946,-0.6688101693642271,-0.5295328950550796
-5.289171355481649,-11.607720133113569,-0.014835298641951801,-0.019896753472735357,0.0322885911618951,-0.10559241974565693,0.009431829995464257,16.353142822536842,0.1542446368585,-0.6729989595690136,-0.5277875658030853
-6.325648797175825,-5.294716946033472,-0.014660765716752368,-0.005759586531581287,0.031066860685499065,-0.09721483933608416,0.011724676618950455,16.301853067787455,0.19114271426126933,-0.6792821448761931,-0.5209807817203074
-6.5376951026659285,-10.767472085509027,-0.014486232791552936,0.014486232791552936,0.030543261909900768,-0.06754424205218056,0.009016701810065345,16.224912195079916,0.14629915993070394,-0.6834709350809796,-0.5258677036258915
-5.880825071529189,-9.29246156892984,-0.014311699866353503,-0.006981317007977318,0.030019663134302467,-0.03298672286269283,0.011243971377913994,16.175096463912222,0.18187998658032495,-0.6897541203881591,-0.524471440224296
-6.1349958603299175,-9.704824106755366,-0.014137166941154071,0.00017453292519943296,0.029845130209103034,-0.016929693744344994,0.007075395215317742,16.10492050663546,0.1139505790036387,-0.6939429105929454,-0.5379104754646524
-7.334022622450902,-15.929243097901226,-0.013962634015954637,-0.027401669256310976,0.029670597283903602,-0.021467549799530253,0.009011377431357612,16.04845882454977,0.1446226343707855,-0.7004006288253245,-0.5372123437638546
-7.069512961743213,-15.384294881904255,-0.014137166941154071,-0.03595378259108319,0.02949606435870417,-0.0322885911618951,0.00615798940010511,15.960811772009253,0.09828775209673919,-0.7045894190301107,-0.5417501998190398
-6.066726397358903,-13.159509117912584,-0.014486232791552936,-0.025656340004316644,0.029321531433504737,-0.03769911184307752,0.008012049905487519,15.904796040847431,0.1274327463885769,-0.7110471372624899,-0.5429719302954359
-5.180982244681156,-8.977446265854296,-0.014486232791552936,-0.01064650843716541,0.0291469985083053,-0.061784655520599266,0.005070846459072886,15.84616741495935,0.08035417065575885,-0.7154104603924757,-0.5450663253978292
-5.667226761859863,-13.47707166432271,-0.014486232791552936,-0.0020943951023931952,0.028274333882308142,-0.09756390518648302,0.007264943684879008,15.79820345312791,0.11477507766984321,-0.7218681786248546,-0.5419247327442394
-6.9023681764072435,-4.009408248337081,-0.014311699866353503,0.004014257279586958,0.02775073510670984,-0.08499753457212385,0.0043460357173231365,15.712483929357338,0.0682874463037583,-0.7262315017548405,-0.5387831400906495
-6.179194752956792,-5.343096732468467,-0.014137166941154071,-0.0054105206811824215,0.027052603405912107,-0.052534410485029326,0.0060451359406914675,15.658301286112113,0.09465771292435621,-0.7326892199872196,-0.5391322059410484
-5.752534735559814,-10.73198397313828,-0.014137166941154071,-0.03787364476827695,0.026878070480712675,-0.039968039870670144,0.0022170807188587223,15.588530746532504,0.03456108758122257,-0.7372270760424048,-0.55710909723659
-5.316276198065393,-11.204560528171644,-0.014486232791552936,-0.0460766922526503,0.026354471705114377,-0.050789081233034994,0.003965598709683893,15.54979092817597,0.06166455408600797,-0.7438593271999832,-0.5605997557405786
-6.006613890261932,-9.647888879654602,-0.014835298641951801,-0.08482300164692443,0.02600540585471551,-0.05044001538263613,0.0009319577999934874,15.482007591459176,0.014428581911711539,-0.7483971832551686,-0.5667084081225587
-5.55335849625925,-8.996696462139054,-0.015533430342749533,-0.06318091892219473,0.025656340004316644,-0.01884955592153876,0.002994681811900876,15.429324807925322,0.04620605649942764,-0.7553785002631459,-0.5733406592801373
-5.863668548165355,-11.665817749551998,-0.015707963267948967,-0.04066617157146788,0.025656340004316644,0.016580627893946133,0.0012149136041837562,15.36930985259625,0.018672392813746563,-0.7599163563183311,-0.5738642580557356
-5.57918050543182,-13.04442766227096,-0.016231562043547264,-0.05445427266222309,0.026179938779914945,0.04310963252425994,0.0034807036301739316,15.325373110637878,0.053343297243451104,-0.766723140401109,-0.5794493116621174
-6.1316310638612155,-8.187208949034181,-0.0164060949687467,-0.046251225177849735,0.02652900463031381,0.0460766922526503,0.00042136818305286533,15.245385936663338,0.006423920952263048,-0.7714355293814937,-0.5916666164260777
-7.003936830606607,-11.920478128670375,-0.016755160819145562,-0.0460766922526503,0.027052603405912107,0.019024088846738195,0.003433645349527835,15.195103188745438,0.052174800445373655,-0.7785913793146704,-0.592539281052075
-5.972652530741483,-9.709933062311057,-0.01710422666954443,-0.034557519189487726,0.027401669256310976,0.04904375198104066,0.0011807978740176993,15.116257598350796,0.017849253130877703,-0.7833037682950551,-0.5956808737056647
-6.271804055959004,-7.7127868280879985,-0.017453292519943295,-0.05061454830783556,0.028274333882308142,0.06126105674500097,0.004885118641387121,15.066754281726126,0.07360346770826685,-0.7902850853030324,-0.5811946409141117
-6.804021575449106,-6.533567952433604,-0.01780235837034216,-0.10663961729685355,0.028972465583105872,0.11780972450961724,0.002693913922494852,14.990796098166847,0.04038401200942382,-0.7951720072086166,-0.5801474433629151
-6.529669304985251,-6.239662397842748,-0.019024088846738195,-0.10227629416686772,0.030368728984701335,0.10873401239924674,0.004910620473141074,14.935081401135655,0.07334110601793194,-0.8021533242165939,-0.5831145030913055
-5.995356428742675,-18.619574945467736,-0.019722220547535925,-0.07801621756414652,0.031415926535897934,0.0715584993317675,0.0005179840595218335,14.85966869390285,0.007697072201611343,-0.8068657131969786,-0.6031857894892403
-5.495982491310433,-8.52835102697014,-0.020245819323134222,-0.0614355896702004,0.032114058236695664,0.020245819323134222,0.004747983238938701,14.817753765646298,0.07035497519762629,-0.8140215631301553,-0.5862560957448953
-5.699240169953506,-7.765836143723651,-0.020594885173533087,-0.04241150082346221,0.032114058236695664,-0.03159045946109736,0.002139996791157209,14.742517865351704,0.03154898908588422,-0.81873395211054,-0.5801474433629151
-5.323034534203114,-13.226660062962846,-0.020594885173533087,-0.02600540585471551,0.031939525311496235,-0.031241393610698498,0.003260101830594833,14.70235725121777,0.047931351597893274,-0.8257152691185173,-0.5831145030913055
-6.147425791201492,-12.861452165324941,-0.020594885173533087,-0.0317649923862968,0.0317649923862968,-0.04852015320544237,0.004797327137235985,14.661309820969132,0.0703356390486709,-0.8302531251737025,-0.5691518690753509
-5.957484117808425,-8.61643738308287,-0.02076941809873252,-0.02129301687433082,0.031241393610698498,-0.05235987755982989,0.003615666978669884,14.58204714290456,0.05272405609090787,-0.8370599092564804,-0.5612978874413764
-5.585576526017944,-14.272047593219389,-0.02076941809873252,-0.0291469985083053,0.030892327760299633,-0.08220500776893293,-0.0003253421675597455,14.525298461359442,-0.0047256922526051955,-0.8415977653116656,-0.5691518690753509
-5.089433671958469,-11.613520471828405,-0.02111848394913139,-0.041887902047863905,0.029845130209103034,-0.10402162341886204,0.0013796480817101194,14.473478663464018,0.01996831974314724,-0.8484045493944435,-0.5674065398233565
-5.027747517447878,-9.653015102839854,-0.02111848394913139,-0.02775073510670984,0.028972465583105872,-0.12252211349000194,-0.0001984626481040001,14.421904365831884,-0.002862209368723986,-0.852942405449629,-0.5557128338349945
-4.7348272995114185,-5.312593686147349,-0.02129301687433082,-0.02234021442552742,0.02775073510670984,-0.11100294042683936,0.000974933716840539,14.377829205420294,0.01401743490850992,-0.8597491895324068,-0.5602506898901798
-5.00765329710454,-8.911516739433447,-0.021467549799530253,-0.0066322511575784525,0.027052603405912107,-0.06126105674500097,0.0007320517297697009,14.34720505502065,0.010502898154055309,-0.8641125126623925,-0.5607742886657782
-5.6353626341313126,-11.990070418637334,-0.02129301687433082,0.0019198621771937625,0.02652900463031381,-0.0486946861306418,-0.0012811048891240003,14.278926736193982,-0.01829281286075209,-0.8709192967451704,-0.5710717312525446
-5.483602005707085,-14.173931968697653,-0.02111848394913139,0.007853981633974483,0.02600540585471551,-0.07068583470577035,-0.001500085422223308,14.235493402366592,-0.021354472148726916,-0.8754571528003557,-0.584510766492901
-5.264052072537956,-9.106558878298756,-0.020943951023931952,0.004363323129985824,0.02530727415391778,-0.08674286382411818,-0.0024783850149819203,14.16794246636522,-0.03511368819581079,-0.8824384698083331,-0.5747369226817327
-5.945679114354468,-11.123293117955157,-0.020943951023931952,-0.034732052114687155,0.024783675378319478,-0.06021385919380437,-0.004145136487572765,14.120932566304765,-0.05853352806360833,-0.8871508587887177,-0.5969026041820608
-4.945473484007355,-10.256622853181783,-0.02129301687433082,-0.05759586531581288,0.024260076602721184,-0.03385938748868999,-0.006080382811890845,14.057860092502256,-0.08547822428772779,-0.8943067087218945,-0.603011256564041
-4.862655083249256,-12.330018521639419,-0.02181661564992912,-0.0645771823237902,0.024260076602721184,-0.014486232791552936,-0.009802304633136418,14.001027866891517,-0.13724673614873273,-0.8991936306274786,-0.6112143040484143
-4.798676314090387,-5.710864557385021,-0.02234021442552742,-0.051487212933832724,0.024260076602721184,-0.006806784082777886,-0.006869807362395036,13.96603419459879,-0.09594547389659386,-0.9065240134858548,-0.6031857894892403
-4.708037592736115,-10.562619753463348,-0.022514747350726852,-0.028623399732707007,0.024260076602721184,-0.014835298641951801,-0.011273975363149436,13.903871854534312,-0.15675855026563287,-0.9114109353914389,-0.6133086991508074
-5.213996484903118,-6.092004863582621,-0.022863813201125717,-0.04939281783143953,0.02408554367752175,-0.03874630939427412,-0.009817322199965272,13.866468535781058,-0.13613596300586311,-0.9189158511750145,-0.6255260039147678
-5.185966248998686,-15.38391739880964,-0.022863813201125717,-0.0471238898038469,0.023911010752322315,-0.016231562043547264,-0.014764025322524882,13.800539780911661,-0.203766324424628,-0.923977306005798,-0.6452482244623036
-5.371588024445407,-6.676890210836267,-0.023387411976724018,-0.039968039870670144,0.023911010752322315,-0.022689280275926284,-0.010177540827880999,13.757972145961434,-0.14002715803786406,-0.9316567547145732,-0.6305874587455513
-5.398748388083086,-11.357125211245394,-0.02356194490192345,-0.039095375244672985,0.02408554367752175,0.0027925268031909274,-0.015264255645285179,13.693851517537935,-0.20904268605891257,-0.9367182095453567,-0.6515314097694832
-5.234434021586218,-13.611535221037139,-0.023736477827122883,-0.03665191429188092,0.02408554367752175,0.013962634015954637,-0.012610619222925355,13.656322591983425,-0.1722238137430414,-0.9445721911793312,-0.6471680866394973
-4.302532274140458,-11.001499216235587,-0.023911010752322315,-0.04799655442984406,0.024260076602721184,-0.005759586531581287,-0.0160394307608481,13.597945361078905,-0.21812200836170456,-0.9498081789353142,-0.6604325889546544
-4.227531381725178,-15.08518188840534,-0.024260076602721184,-0.05497787143782138,0.024434609527920616,0.007853981633974483,-0.013876763602863613,13.569623203623081,-0.18831454110121307,-0.9576621605692887,-0.6688101693642271
-4.514291590054278,-12.64812169798813,-0.024609142453120045,-0.0635299847725936,0.024609142453120045,0.041887902047863905,-0.015780646429133093,13.51587416613483,-0.21330693821413785,-0.9628981483252717,-0.6654940437854379
-4.9588071841686885,-5.984622556598497,-0.02495820830351891,-0.04886921905584123,0.02530727415391778,0.0486946861306418,-0.012477603572014492,13.485448867103619,-0.1682748179803163,-0.9709266628844456,-0.6677629718130305
-4.698619116837318,-8.664377343988408,-0.02530727415391778,-0.0317649923862968,0.025830872929516076,0.04852015320544237,-0.01243300045378779,13.44944240216421,-0.16722554012490684,-0.9763371835656279,-0.6712536303170191
-4.32041476562797,-8.220622124457218,-0.02548180707911721,-0.04293509959906051,0.026703537555513242,0.030543261909900768,-0.0121292819511919,13.392340010137735,-0.1624474344413867,-0.9845402310500013,-0.6754424205218056
-4.364265850016453,-7.9839575371053035,-0.02548180707911721,-0.030019663134302467,0.026878070480712675,0.0013962634015954637,-0.01215650994998166,13.357750626893093,-0.16239162793534453,-0.9899507517311837,-0.6750933546714066
-4.230004680273695,-6.421566931521766,-0.025656340004316644,-0.026354471705114377,0.027227136331111543,0.008552113334772215,-0.011502402579544019,13.306675365724473,-0.15306548756804306,-0.9979792662903576,-0.6719517620178169
-4.893242284176092,-10.601448435102443,-0.025656340004316644,-0.03630284844148206,0.027401669256310976,-0.0054105206811824215,-0.015199701878198335,13.254580494742607,-0.20148118840891702,-1.00338978697154,-0.6770132168486004
-3.708776405143913,-5.841535704770523,-0.025656340004316644,-0.0017453292519943296,0.02775073510670984,0.019198621771937627,-0.011039084845629293,13.222658985061882,-0.14597198391891883,-1.011418301530714,-0.6632251157578453
-4.26528970810509,-9.024240973095537,-0.02548180707911721,0.0017453292519943296,0.027925268031909273,-0.02181661564992912,-0.014844042927074377,13.171883093771829,-0.19553836029178545,-1.0168288222118964,-0.6729989595690136
-4.196009666034989,-4.01902658415058,-0.02530727415391778,0.0027925268031909274,0.02775073510670984,-0.039095375244672985,-0.01160433486908979,13.145508278190631,-0.15255172771442896,-1.02503186969627,-0.6677629718130305
-3.8443827406560915,-10.070132319855029,-0.02495820830351891,0.009773843811168246,0.02757620218151041,-0.05096361415823442,-0.014856196101800521,13.101298935876793,-0.19464978655217205,-1.0304423903774522,-0.6771877497737999
-3.518451462942025,-10.87908098750696,-0.024609142453120045,0.0024434609527920616,0.027052603405912107,-0.07103490055616922,-0.014043047695852434,13.068937577783034,-0.18353977901882165,-1.0386454378618255,-0.6901031862385579
-4.010093662924855,-6.492124808709628,-0.024434609527920616,0.0022689280275926286,0.026703537555513242,-0.09546951008408983,-0.016177729166745886,13.023123417431385,-0.2107029455222248,-1.0442304914682072,-0.682074671679384
-4.507048672024455,-14.428558072723613,-0.02408554367752175,0.01884955592153876,0.025656340004316644,-0.09756390518648302,-0.016491267025298535,12.9952318344737,-0.21432726820642695,-1.0524335389525807,-0.7091272750852962
-4.460872628663005,-10.547067732565578,-0.023736477827122883,0.033161255787892266,0.02495820830351891,-0.08447393579652555,-0.017312038791464843,12.937976538596008,-0.22400513077826448,-1.0580185925589627,-0.6888814557621619
-4.2541747813596755,-13.086332972689133,-0.023212879051524585,0.024609142453120045,0.024260076602721184,-0.09250245035569947,-0.015440041574244827,12.90511268104397,-0.1992713116543688,-1.0663961729685354,-0.7070328799829029
-3.572444843856947,-15.551816474572542,-0.02303834612632515,0.008552113334772215,0.02356194490192345,-0.0736528944341607,-0.01950814204120751,12.862089261612002,-0.2509472992075376,-1.0719812265749173,-0.7250097712784445
-4.303232461387196,-15.52877761978701,-0.022689280275926284,0.004537856055185257,0.022863813201125717,-0.08185594191853406,-0.017367724590431736,12.830450750921882,-0.2228581429479699,-1.080707872834889,-0.7337364175384161
-4.659202261976118,0.6009496959297052,-0.022514747350726852,0.017976891295541596,0.022514747350726852,-0.0439822971502571,-0.018400353920435108,12.784093198895574,-0.23525839072576998,-1.0866419922916695,-0.7201228493728603
-4.9271201992533245,-11.852707262352524,-0.02199114857512855,0.0158824961931484,0.022165681500327987,-0.03159045946109736,-0.017037020242850264,12.748527774259507,-0.2172179427275668,-1.0953686385516412,-0.7389724052943992
-4.170823769949311,-14.308253573652628,-0.02181661564992912,0.019547687622336492,0.02234021442552742,-0.0012217304763960308,-0.016402708581052212,12.704695906572978,-0.20841011573556723,-1.101302758008422,-0.7552039673379465
-3.9057669945550795,-10.074942415290183,-0.021467549799530253,0.010122909661567111,0.022514747350726852,-0.0012217304763960308,-0.017961658929866446,12.661756698333521,-0.22745061592409843,-1.1103784701187924,-0.7646287452987158
-4.4382391393169085,-11.938152878319118,-0.021467549799530253,-0.02548180707911721,0.022863813201125717,-0.0017453292519943296,-0.02150449163965257,12.615500965992984,-0.2713317615151955,-1.1164871225007726,-0.7761479183618784
-3.55223574222721,-8.554326045856005,-0.021642082724729686,-0.049567350756638956,0.02303834612632515,0.007853981633974483,-0.017853784672932912,12.583530855930315,-0.22468752445504397,-1.125911900461542,-0.7787659122398698
-2.0770540962691606,-10.40187179312347,-0.02199114857512855,-0.05969026041820607,0.02356194490192345,0.029670597283903602,-0.021984036595749754,12.556700975259417,-0.27609145333178553,-1.1321950857687217,-0.7897614865274342
-1.9751363834386118,-7.436719857651706,-0.022514747350726852,-0.0656243798749868,0.02408554367752175,0.02879793265790644,-0.018547097132439717,12.534888846186359,-0.23251246261294847,-1.1417943966546904,-0.7915068157794285
-3.2807395971301525,-11.437583205046678,-0.022863813201125717,-0.054279739737023644,0.024260076602721184,0.005759586531581287,-0.021703278819156877,12.504482301928991,-0.27143088479868105,-1.14807758196187,-0.7934266779566223
-3.622078872549369,-10.780668846156589,-0.023212879051524585,-0.030368728984701335,0.024434609527920616,-0.005934119456780721,-0.01801301900918966,12.47350975786778,-0.22470987269046774,-1.1576768928478387,-0.8005825278897989
-4.03055026102693,-20.993779180261335,-0.023212879051524585,-0.03420845333908886,0.024609142453120045,-0.02652900463031381,-0.015873872343568646,12.441293739504609,-0.19750809824031182,-1.1639600781550183,-0.8103563717009672
-3.7982285859706715,-9.042488391379852,-0.023387411976724018,-0.027925268031909273,0.024434609527920616,-0.02652900463031381,-0.017897491988399496,12.403084923600382,-0.22200781808879966,-1.1737339219661866,-0.8049458510197848
-3.303192174829027,-16.321637736618378,-0.023387411976724018,-0.05358160803622592,0.024434609527920616,-0.0153588974175501,-0.02243439371135714,12.360867253001521,-0.27735509525569035,-1.1800171072733663,-0.816290491157748
-2.584508419289547,-8.352134562353275,-0.02408554367752175,-0.07801621756414652,0.024609142453120045,-0.0015707963267948964,-0.017956005243258025,12.337734056555322,-0.22156022959914926,-1.1897909510845346,-0.8084365095237734
-1.9005173625190248,-5.992331941962351,-0.024609142453120045,-0.10088003076527226,0.024609142453120045,-0.009075712110370514,-0.021010405258826137,12.314456748996648,-0.2587698048259063,-1.1964232022421128,-0.8019787912913945
-1.5457552670859747,1.5497807647086739,-0.025656340004316644,-0.09826203688728075,0.02495820830351891,0.003665191429188092,-0.01703608900374685,12.300607813801848,-0.20957452472975083,-1.206022513128082,-0.7923794804054256
-1.0577603468747188,-16.178960358810883,-0.026179938779914945,-0.05846852994181004,0.025132741228718343,0.010471975511965976,-0.016488488006265106,12.295149854070006,-0.2027468048443665,-1.2124802313604608,-0.799360797413403
-1.8180818219237322,-13.657349493416978,-0.02652900463031381,-0.04450589592585541,0.02530727415391778,-0.007155849933176752,-0.017860621484791978,12.279229890715849,-0.21933800077117974,-1.2219050093212303,-0.7918558816298272
-2.5383956780140844,-7.063253931972194,-0.02652900463031381,-0.01064650843716541,0.02548180707911721,-0.007155849933176752,-0.018528683248490333,12.248814648269386,-0.2269803824192446,-1.22818819462841,-0.7668976733263083
-2.4590581024242657,0.48186981334526996,-0.026354471705114377,0.0020943951023931952,0.025656340004316644,-0.006806784082777886,-0.015484325384967844,12.22396384932284,-0.18929496270562732,-1.2374384396639797,-0.7613126197199265
-2.5341589864502465,-20.928476130991143,-0.026354471705114377,-0.0029670597283903604,0.025830872929516076,0.005585053606381855,-0.021570105859289857,12.195888207419955,-0.26310740622873346,-1.2435470920459597,-0.7834783012202545
-2.548804822654102,-5.126846615705177,-0.026354471705114377,-0.024783675378319478,0.02600540585471551,-0.01937315469713706,-0.016844317927468985,12.179872734084936,-0.2051810544278696,-1.2529718700067294,-0.761138086794727
-2.047723728391375,-10.779242984081568,-0.02652900463031381,-0.024609142453120045,0.02600540585471551,-0.023911010752322315,-0.02119773085186452,12.150557002544279,-0.257602822272494,-1.2590805223887094,-0.7648032782239153
-1.3712989896161778,-7.3094038284724805,-0.02652900463031381,-0.03246312408709453,0.02600540585471551,-0.02408554367752175,-0.017093612252718722,12.144325259053529,-0.20761060813358534,-1.2681562344990798,-0.7511897100583594
-1.111504101098229,-2.218294269036258,-0.026703537555513242,-0.0029670597283903604,0.02600540585471551,-0.007853981633974483,-0.02010054579880048,12.121686520257061,-0.24368533482946347,-1.2740903539558606,-0.740543201621194
-1.168221229337533,-11.049005326692523,-0.02652900463031381,-0.0010471975511965976,0.026179938779914945,-0.0066322511575784525,-0.018622114280737102,12.117053472357483,-0.2256712414384092,-1.283166066066231,-0.748571716180368
-0.9680409556208509,-8.230899307778737,-0.026354471705114377,0.03630284844148206,0.026354471705114377,-0.012566370614359171,-0.02188804137462499,12.105503947029986,-0.26500809319217805,-1.2891001855230118,-0.735307213865211
-1.5374406957268933,-8.239434588575758,-0.025656340004316644,0.02757620218151041,0.02652900463031381,-0.003490658503988659,-0.018965611572528733,12.098425170812808,-0.22948154749963523,-1.2978268317829835,-0.730420291959627
-1.501029556094365,-9.698957119001559,-0.02530727415391778,0.03577924966588375,0.026703537555513242,-0.00942477796076938,-0.023833636151213942,12.074640826310521,-0.28783709938248336,-1.3035864183145647,-0.732863752912419
-2.354190175128437,-9.055481782040388,-0.024783675378319478,0.0012217304763960308,0.027052603405912107,0.02356194490192345,-0.02137038708830555,12.05756633631737,-0.25771409325684463,-1.3124875974997359,-0.7267551005304388
-2.1192832927493543,-17.558050068517783,-0.024609142453120045,0.011693705988362009,0.027227136331111543,0.02129301687433082,-0.026304171825112497,12.035565745457582,-0.316658625782431,-1.318247184031317,-0.7302457590344276
-2.203547033780185,-5.636644835219463,-0.024260076602721184,-0.00890117918517108,0.02775073510670984,0.022689280275926284,-0.023251055079490556,12.02195494942458,-0.27957351873364167,-1.3269738302912888,-0.7209955139988575
-1.2364954955619798,-10.000118467657687,-0.02408554367752175,0.003141592653589793,0.027925268031909273,-0.0029670597283903604,-0.027426987914009306,12.004305250894701,-0.3293245161618614,-1.33273341682287,-0.7176793884200683
-1.2806430564007134,-13.099518134546905,-0.023736477827122883,0.014486232791552936,0.028274333882308142,0.0066322511575784525,-0.0263863545384558,11.995709418555274,-0.3165965207584584,-1.3412855301576425,-0.7218681786248546
-0.6039730557072484,-14.554813384434363,-0.023387411976724018,0.01710422666954443,0.028448866807507574,0.00017453292519943296,-0.029784513957055118,11.982447530405047,-0.3569969480056902,-1.3470451166892237,-0.7195992505972622
-0.30108851301315387,-10.16011849880369,-0.022863813201125717,0.019896753472735357,0.028448866807507574,-0.0022689280275926286,-0.026307794399629023,11.98179451820705,-0.31528732687105193,-1.3555972300239958,-0.7120943348136866
-0.2300001695506308,-2.400663724659858,-0.022689280275926284,0.021467549799530253,0.028623399732707007,0.014311699866353503,-0.028236732190549757,11.984037384818317,-0.33848001715636383,-1.361356816555577,-0.6963863715457375
-0.7435259025637764,-5.31973389624742,-0.022165681500327987,0.009773843811168246,0.028972465583105872,0.016580627893946133,-0.02657686208944893,11.98050668027668,-0.31847926111076913,-1.3697343969651499,-0.701447826376521
-0.10714632185688185,-0.411696552515122,-0.02199114857512855,0.0066322511575784525,0.0291469985083053,0.027925268031909273,-0.02771444379431691,11.976151280094204,-0.33199737720948713,-1.3753194505715316,-0.6798057436517914
-0.5031631694080616,-4.563681915198984,-0.02181661564992912,-0.012915436464758038,0.02949606435870417,0.012391837689159739,-0.027843596482462155,11.980000042088387,-0.3336525146236364,-1.3836970309811045,-0.7005751617505239
-0.9412976446527598,-7.771667069823562,-0.021642082724729686,-0.012217304763960308,0.029845130209103034,0.03543018381548489,-0.030635796466237097,11.973027532337381,-0.36691803230253384,-1.3892820845874865,-0.6909758508645552
-0.8220125378367336,-17.73215584373043,-0.021467549799530253,-0.014137166941154071,0.030543261909900768,0.04241150082346221,-0.029816211971860858,11.969814684098163,-0.3570003300263361,-1.3976596649970592,-0.7051130178057091
-0.17432282261752177,-14.523374639973438,-0.021467549799530253,-0.009773843811168246,0.030892327760299633,0.045727626402251434,-0.03262002121894486,11.964591472402105,-0.39042371636945783,-1.4032447186034411,-0.6953391739945409
-0.31269392529003026,-9.846151614552832,-0.02129301687433082,-0.026703537555513242,0.0317649923862968,0.052185344634630454,-0.02949605589320669,11.967961134173752,-0.35311006043670895,-1.4114477660878144,-0.684518132632176
-0.3926691291602691,-4.542283172629238,-0.021467549799530253,-0.047647488579445195,0.0322885911618951,0.050265482457436686,-0.032477228054627015,11.964672572737008,-0.38871607808518327,-1.416858286768997,-0.6761405522226033
-0.04422310979337592,-7.608700085581795,-0.021642082724729686,-0.039095375244672985,0.03298672286269283,0.04537856055185257,-0.029352413429501786,11.968206187434543,-0.35139665874403114,-1.4250613342533702,-0.6688101693642271
0.06805512743941108,-13.317319024995179,-0.02181661564992912,-0.032114058236695664,0.033335788713091695,0.041713369122664476,-0.03399805052317388,11.96282983306944,-0.4068696676128864,-1.4304718549345525,-0.6763150851478027
-0.22083774199770914,-6.0068916992680546,-0.02199114857512855,-0.034033920413889425,0.034033920413889425,0.034557519189487726,-0.03021161013115107,11.969020894989113,-0.36171344990671095,-1.4385003694937264,-0.6609561877302526
0.14531989529021427,-12.027427629613323,-0.022165681500327987,-0.01832595714594046,0.03438298626428829,0.034033920413889425,-0.03503434417707332,11.964793939538659,-0.4193502938468191,-1.4437363572497093,-0.6724753607934152
-0.149270184862486,-11.804995587599182,-0.022165681500327987,-0.02757620218151041,0.03490658503988659,0.02076941809873252,-0.03207150441774556,11.970799530271286,-0.38405323572033445,-1.4517648718088834,-0.6595599243286571
-0.07553714851555055,-8.537986557497886,-0.022165681500327987,-0.039095375244672985,0.03508111796508603,0.02879793265790644,-0.03432704310418568,11.962428904003092,-0.4107961786245629,-1.4570008595648665,-0.6511823439190844
-0.24156946451885272,-5.287883908075388,-0.022514747350726852,-0.050789081233034994,0.03560471674068432,0.005061454830783556,-0.03319975672884867,11.967199998247853,-0.39745416721917015,-1.464854841198841,-0.6517059426946827
-0.012637167562055839,-2.517251249938627,-0.022689280275926284,-0.050789081233034994,0.03577924966588375,-0.0012217304763960308,-0.03617831516370672,11.969081080475089,-0.4332102093964171,-1.4702653618800232,-0.6489134158914918
-0.0012332746169686603,-10.22380224918959,-0.02303834612632515,-0.045553093477052,0.03612831551628262,0.012566370614359171,-0.034384357279729,11.975274341684054,-0.41192446152078677,-1.4779448105887985,-0.6520550085450815
0.10264453289063605,-7.185297898243587,-0.023212879051524585,-0.0466002910282486,0.03612831551628262,-0.017453292519943295,-0.037526248277222354,11.97846753109535,-0.4497180669288472,-1.4831807983447813,-0.6448991586119048
0.2157313579924792,-8.326965850576055,-0.023387411976724018,-0.045029494701453704,0.03595378259108319,-0.03159045946109736,-0.03467459789028103,11.9766058423749,-0.41545050757877217,-1.4910347799787558,-0.6452482244623036
0.5242358488267229,-3.3183430820184103,-0.023736477827122883,-0.04468042885105484,0.03595378259108319,-0.033161255787892266,-0.03715015286328478,11.981783919569091,-0.44532999470719686,-1.4960962348095392,-0.6349507818755371
0.08804778733825736,-6.3404864949938995,-0.023911010752322315,-0.059341194567807204,0.03577924966588375,-0.027052603405912107,-0.035991352243246864,11.989769660440867,-0.4317144503171074,-1.503950216443514,-0.6459463561631014
0.10032297565090086,-6.1521512246799395,-0.02408554367752175,-0.06544984694978735,0.03577924966588375,-0.020943951023931952,-0.03928170990606411,11.995834901703352,-0.47145942722489714,-1.5090116712742974,-0.6496115475922895
0.2836565294982719,-21.382817981277068,-0.024609142453120045,-0.05131268000863329,0.03577924966588375,-0.006283185307179586,-0.038940113618827175,12.003528578055262,-0.46765516412120084,-1.5168656529082718,-0.6644468462342412
0.5336220418723074,-4.893289846761426,-0.02495820830351891,-0.062482787221396996,0.03577924966588375,0.0010471975511965976,-0.03720736779013142,12.004252855262967,-0.44685287601751333,-1.5219271077390555,-0.6346017160251383
0.5570804314950093,-9.169911139006489,-0.02530727415391778,-0.04886921905584123,0.03612831551628262,0.017453292519943295,-0.036198636711079445,12.023478338867916,-0.43542372557156656,-1.5296065564478305,-0.6366961111275314
0.17121545382095457,-10.743922001555525,-0.02548180707911721,-0.05061454830783556,0.03630284844148206,0.019024088846738195,-0.03612626396080166,12.022833058009851,-0.4345290927057753,-1.5346680112786142,-0.6372197099031297
0.6319869823437113,-16.75332951789197,-0.02600540585471551,-0.0614355896702004,0.03682644721708035,0.031939525311496235,-0.03841087358918494,12.033107048311805,-0.46242959822819246,-1.5423474599873892,-0.6480407512654947
-0.09288395944352489,-3.75558098385081,-0.02600540585471551,-0.05480333851262195,0.03717551306747922,0.03368485456349056,-0.037492467147272134,12.043337691788363,-0.45174613352692194,-1.5474089148181724,-0.6187192198319899
0.576284796035246,-4.721278754142279,-0.02652900463031381,-0.05585053606381855,0.03787364476827695,0.049567350756638956,-0.03745259713075811,12.045418019902137,-0.4513432407159573,-1.5549138306017483,-0.6230825429619757
0.4038513719205829,-10.123278335912575,-0.026703537555513242,-0.062482787221396996,0.038397243543875255,0.03665191429188092,-0.03817579215712115,12.056231030434319,-0.46047989151990637,-1.5599752854325317,-0.6305874587455513
0.8629843013093857,-5.129755230008209,-0.027052603405912107,-0.04276056667386108,0.03892084231947355,0.046949356878647465,-0.03812563021658268,12.05926807516095,-0.4599900918802297,-1.5674802012161073,-0.6206390820091836
0.43457628175169966,-10.954021744250765,-0.027227136331111543,-0.052708943410228755,0.03944444109507185,0.03543018381548489,-0.038825791333148785,12.071807700139294,-0.46893314031111777,-1.572541656046891,-0.6332054526235428
0.4154452582781187,-12.649437666044753,-0.02757620218151041,-0.058643062867009474,0.039793506945470715,0.006981317007977318,-0.039588474416284984,12.076140556888403,-0.4783258925854526,-1.5800465718304666,-0.6263986685407649
0.7913585185564546,-13.134493639788957,-0.02775073510670984,-0.03665191429188092,0.04014257279586959,0.017278759594743863,-0.04209369635877616,12.088745951417456,-0.5091607607659977,-1.5849334937360506,-0.6220353454107791
0.8560619029295723,-9.060403033156655,-0.028099800957108706,-0.04904375198104066,0.040491638646268445,0.00890117918517108,-0.04036160257912859,12.094246458834798,-0.4884084132411162,-1.5924384095196262,-0.6257005368399672
0.7683346206923247,-8.149313601504863,-0.028274333882308142,-0.056548667764616284,0.04066617157146788,-0.008028514559173916,-0.04266003301887726,12.109215296769246,-0.5168931233220158,-1.59749986435041,-0.6169738905799955
0.7895322217560401,-12.754504915449413,-0.028448866807507574,-0.044331363000655974,0.04084070449666731,0.007330382858376184,-0.04173841330621836,12.115179376950957,-0.5059622096793791,-1.6050047801339855,-0.6305874587455513
0.7025459028985557,-4.519969800131419,-0.028623399732707007,-0.03700098014227979,0.041015237421866746,0.012391837689159739,-0.04171834868448206,12.129527153658943,-0.5063176124652289,-1.6098917020395695,-0.6092944418712205
0.7379903551847999,-6.972249570344448,-0.02879793265790644,-0.04293509959906051,0.04136430327226561,-0.011868238913561441,-0.041597547678350576,12.137435066995575,-0.5051789473134394,-1.6173966178231451,-0.6262241356155654
0.9378272218378553,-10.473136071951947,-0.028972465583105872,-0.04153883619746504,0.04136430327226561,-0.01832595714594046,-0.04318821689996276,12.154119312893359,-0.5252413456463291,-1.6222835397287294,-0.6157521601035995
0.9077313859359836,-8.183524716128382,-0.0291469985083053,-0.02548180707911721,0.04153883619746504,0.0,-0.04051094611336822,12.170915299863173,-0.49332519476389464,-1.6297884555123048,-0.6171484235051949
0.8546961162498292,-11.177938683273437,-0.0291469985083053,-0.017453292519943295,0.04153883619746504,-0.002617993877991494,-0.043787470370377765,12.179269266446957,-0.5336404929501408,-1.634675377417889,-0.6246533392887705
0.8081456173452508,-5.314176274564619,-0.028972465583105872,-0.011344640137963142,0.041887902047863905,0.005759586531581287,-0.03971912586852028,12.18543601009819,-0.48424954557530053,-1.6420057602762652,-0.6094689747964199
0.8798801244090886,-12.064065924278822,-0.028972465583105872,-0.002617993877991494,0.04206243497306335,0.007853981633974483,-0.04442635303267735,12.196869758224429,-0.5422192148933229,-1.647067215107049,-0.6237806746627734
0.6099876142551557,-13.138854864964115,-0.02879793265790644,-0.011868238913561441,0.04241150082346221,0.006457718232379019,-0.04197071205958844,12.205841367600717,-0.5125888708844739,-1.654397597965425,-0.6262241356155654
0.953182037075315,-15.056179806456301,-0.028623399732707007,-0.007155849933176752,0.04258603374866164,-0.009948376736367679,-0.044386019018276046,12.216177923465615,-0.5425838706567739,-1.6592845198710093,-0.6234316088123745
0.9563544885308677,-12.354960811745128,-0.028623399732707007,-0.02181661564992912,0.04276056667386108,-0.00767944870877505,-0.04180208701284469,12.23608594999412,-0.511792068601772,-1.6666149027293853,-0.619591884457987
1.1105021931850778,-4.289178427920444,-0.028448866807507574,-0.004014257279586958,0.04293509959906051,0.014311699866353503,-0.04159059965634179,12.244583032905512,-0.5095533895113549,-1.671676357560169,-0.6092944418712205
0.7761538421113097,-12.651164643510736,-0.028274333882308142,-0.01710422666954443,0.04310963252425994,0.016929693744344994,-0.04232838038504376,12.25880748960812,-0.5192055889950018,-1.6790067404185451,-0.6253514709895682
0.9350523366315561,-10.588760190145967,-0.028099800957108706,-0.009250245035569947,0.04345869837465881,0.01064650843716541,-0.04388275531618062,12.269965126197071,-0.538785767683083,-1.6838936623241292,-0.618370153981591
1.0978201207039826,-11.772027568252845,-0.027925268031909273,-0.0066322511575784525,0.04363323129985824,-0.0008726646259971648,-0.04200258619683274,12.282105175027414,-0.5161837704377823,-1.6913985781077048,-0.6227334771115768
0.6715050990762484,-5.780506884424887,-0.02775073510670984,-0.012740903539558606,0.04363323129985824,-0.012042771838760876,-0.043530033282101546,12.294791341446238,-0.5355309717771815,-1.6962855000132888,-0.618370153981591
0.8988205761181995,1.9240676271497743,-0.02757620218151041,-0.024783675378319478,0.04380776422505767,0.004014257279586958,-0.040826851393794536,12.306714365968817,-0.50272374825121,-1.7037904157968646,-0.6150540284028018
0.9684847844912996,-7.562977337206196,-0.02757620218151041,-0.008552113334772215,0.0439822971502571,0.0010471975511965976,-0.04375309271720606,12.322305396257363,-0.5394832646616557,-1.708851870627648,-0.6181956210563916
1.0570434276680916,-1.013539759402224,-0.027401669256310976,-0.028274333882308142,0.044156830075456545,0.006283185307179586,-0.04022998151811018,12.33410153890033,-0.4964685425937077,-1.7163567864112237,-0.6155776271784
0.8968425792724072,-7.00810853007604,-0.027227136331111543,-0.016755160819145562,0.044156830075456545,-0.02181661564992912,-0.04345004166239419,12.34122516129474,-0.5365644510327602,-1.721243708316808,-0.6243042734383717
0.8940492812900588,-10.298473188605286,-0.027052603405912107,-0.00890117918517108,0.0439822971502571,-0.02879793265790644,-0.04211919932092656,12.357322856872807,-0.5207885452153578,-1.728923157025583,-0.6347762489503376
1.0187642820364882,-7.921019479804003,-0.027052603405912107,-0.0054105206811824215,0.0439822971502571,-0.05061454830783556,-0.043388911769870614,12.372792055587345,-0.5371791225495292,-1.7339846118563667,-0.630063859969953
1.0282872140302795,-7.9303458637481015,-0.026703537555513242,0.0005235987755982988,0.04363323129985824,-0.03560471674068432,-0.041581881765782605,12.378017744352501,-0.5149981242257354,-1.741489527639942,-0.6415830330331155
0.44751410587648316,-11.867831439638826,-0.026703537555513242,-0.032637657012293965,0.04363323129985824,-0.027052603405912107,-0.04439558413095659,12.389265636658354,-0.5503903329733079,-1.746725515395925,-0.6431538293599105
0.9886832256021146,-9.394854925396304,-0.026703537555513242,-0.03420845333908886,0.04363323129985824,-0.008028514559173916,-0.040036946142542426,12.40033971197495,-0.49673717768666464,-1.7542304311795007,-0.6354743806511355
0.8522901397108219,-3.6686443360728935,-0.026703537555513242,-0.04223696789826278,0.04380776422505767,-0.012740903539558606,-0.041861062836404825,12.419910519485049,-0.5202145559296322,-1.7594664189354836,-0.6384414403795258
0.7077104673055314,-7.386497758596155,-0.026703537555513242,-0.02181661564992912,0.04380776422505767,-0.014486232791552936,-0.04045648245694312,12.428355235328892,-0.5030820348121322,-1.7673204005694583,-0.6539748707222752
0.9577336502410929,-12.715543469658405,-0.026703537555513242,-0.0307177948351002,0.04380776422505767,-0.02652900463031381,-0.04338998203287343,12.440962667137132,-0.540152168945654,-1.7723818554002415,-0.6560692658246685
0.6603641411864732,-14.848510122528499,-0.026703537555513242,-0.03769911184307752,0.04380776422505767,-0.006981317007977318,-0.04040292307849205,12.447779181287615,-0.5032005020897664,-1.7802358370342162,-0.6592108584782583
0.5188688781530648,0.4298638052143611,-0.026703537555513242,-0.05131268000863329,0.0439822971502571,-0.009948376736367679,-0.040003898492303444,12.462665849977359,-0.4988213379055484,-1.7852972918649999,-0.6372197099031297
1.1674012066840291,-1.729527358354369,-0.026878070480712675,-0.033510321638291124,0.0439822971502571,-0.016755160819145562,-0.03778108360616402,12.47158684301233,-0.4714143871454242,-1.7931512734989743,-0.6440264939859076
1.0848769392016617,-11.645921274455413,-0.027052603405912107,-0.03700098014227979,0.0439822971502571,-0.021642082724729686,-0.04223895573615564,12.481717033790868,-0.5275284569629929,-1.7983872612549572,-0.6592108584782583
0.868768757223261,-9.917218179881289,-0.027052603405912107,-0.0322885911618951,0.04380776422505767,-0.04206243497306335,-0.03823885868716582,12.49713339004827,-0.4781091724703592,-1.8062412428889318,-0.6541494036474748
1.2861625306849747,-5.547225287478171,-0.027227136331111543,-0.02181661564992912,0.04363323129985824,-0.059341194567807204,-0.04031574763068141,12.51054461657615,-0.5046453991805715,-1.8113026977197153,-0.6487388829662923
0.955278086172403,-5.20138841112748,-0.027227136331111543,-0.03961897402027128,0.04310963252425994,-0.04590215932745086,-0.03728327091614046,12.519719210040591,-0.466992482923232,-1.8191566793536897,-0.6473426195646969
1.0563143128369064,-15.23481305436233,-0.027227136331111543,-0.021642082724729686,0.04293509959906051,-0.03490658503988659,-0.040914909169564674,12.529681618280371,-0.5129370412466447,-1.8243926671096726,-0.6553711341238708
0.8846258133396483,-9.160217846121965,-0.027227136331111543,-0.0301941960595019,0.04258603374866164,-0.04206243497306335,-0.03628363589327188,12.544123053255246,-0.45534623244863437,-1.8320721158184476,-0.6429792964347111
1.0256045435870091,-8.0844503545279,-0.027227136331111543,-0.02303834612632515,0.04241150082346221,-0.059864793343405505,-0.03660821332360899,12.555120015048496,-0.4598259438114779,-1.8373081035744308,-0.6501351463678877
0.7521622080130568,-10.010735693640859,-0.027227136331111543,-0.03560471674068432,0.041887902047863905,-0.06579891280018622,-0.03581870202377198,12.573368120344057,-0.4505544266386419,-1.8451620852084052,-0.6489134158914918
1.0538375526208683,-8.02682711578515,-0.027227136331111543,-0.013613568165555772,0.041713369122664476,-0.05550147021341968,-0.036294827076483176,12.584632899960225,-0.45695774489899865,-1.8502235400391889,-0.6490879488166911
0.7663873658255856,-0.6672332728362699,-0.027052603405912107,-0.021642082724729686,0.041189770347066175,-0.0471238898038469,-0.034140701220770606,12.598024366695473,-0.4302725723081993,-1.857902988747964,-0.6295402611943547
0.6216317299297507,-17.561027377075124,-0.026878070480712675,-0.005934119456780721,0.041015237421866746,-0.034033920413889425,-0.038683098145374156,12.605446754690172,-0.4878611004600537,-1.8631389765039468,-0.6473426195646969
0.9343526313724745,-8.131659958457618,-0.026703537555513242,-0.01064650843716541,0.04066617157146788,-0.05375614096142535,-0.03500669847426535,12.614338506941817,-0.4417668164800133,-1.8708184252127218,-0.640535835481919
1.3430846999024288,-10.193080483863989,-0.02652900463031381,-0.0013962634015954637,0.040491638646268445,-0.06527531402458793,-0.03469044834599534,12.625185788403575,-0.43814912974820486,-1.8758798800435055,-0.641757565958315
1.06789864997261,-6.352119646179301,-0.026179938779914945,-0.015707963267948967,0.039793506945470715,-0.07243116395776468,-0.034992192579743335,12.640223923408838,-0.44248976724422856,-1.8835593287522805,-0.6358234465015342
1.3405360377130788,-3.875132755694012,-0.02600540585471551,-0.0013962634015954637,0.039269908169872414,-0.07208209810736581,-0.036880788346958154,12.6601631302107,-0.46712861100326497,-1.8886207835830642,-0.6344271830999388
0.94472009860558,-5.4907139388650945,-0.025830872929516076,-0.0015707963267948964,0.038571776469074684,-0.07714355293814937,-0.03391244269613037,12.673112649840805,-0.4299410375943862,-1.8963002322918392,-0.6337290513991412
0.7119859899114411,-11.200118611327895,-0.02548180707911721,-0.014660765716752368,0.03822271061867582,-0.06771877497737998,-0.03383405680317268,12.675737255154731,-0.42903533859893406,-1.9013616871226227,-0.6408849013323178
0.9594000431917267,-10.710869133877612,-0.02530727415391778,-0.0022689280275926286,0.03769911184307752,-0.04939281783143953,-0.03480531521717495,12.696565927743151,-0.4420865097109122,-1.9090411358313977,-0.6461208890883009
1.2962434919719874,-7.084891678226555,-0.025132741228718343,-0.02129301687433082,0.03735004599267865,-0.06736970912698112,-0.0374597563203467,12.714324550553119,-0.4764983997753452,-1.9142771235873808,-0.6445500927615059
1.0101033511123796,-8.664555376043486,-0.025132741228718343,-0.019547687622336492,0.03682644721708035,-0.045727626402251434,-0.03546946039345988,12.722905819758282,-0.4514639462596219,-1.9219565722961558,-0.6515314097694832
0.9268615325173585,-11.805463061165922,-0.02495820830351891,-0.019896753472735357,0.03647738136668149,-0.050265482457436686,-0.03754039044086918,12.7374345140563,-0.4783930160383986,-1.9270180271269393,-0.6517059426946827
1.0127154976868014,-11.284072566462957,-0.024783675378319478,-0.012217304763960308,0.03612831551628262,-0.033335788713091695,-0.03433058111672459,12.752587402996237,-0.43797581427084614,-1.9348720087609137,-0.6464699549386996
1.4844069838794305,-8.692849410895638,-0.024783675378319478,-0.00767944870877505,0.03595378259108319,-0.019896753472735357,-0.03691350723468966,12.772145660899152,-0.4716789484016094,-1.9401079965168966,-0.649786080517489
1.118534717510813,-7.390525768506939,-0.024783675378319478,-0.019198621771937627,0.03595378259108319,-0.026703537555513242,-0.03416193007652464,12.779376769906376,-0.43673808542453885,-1.9477874452256718,-0.641757565958315
0.717471069797794,-6.331073611440165,-0.024609142453120045,-0.026878070480712675,0.03577924966588375,-0.041887902047863905,-0.03670630910849279,12.800488592795366,-0.47006982667640596,-1.953023432981655,-0.6476916854150957
0.6974906898341356,-4.223899488514345,-0.024609142453120045,-0.029845130209103034,0.03560471674068432,-0.029845130209103034,-0.03322814349018367,12.804226109656938,-0.4256173166940819,-1.96070288169043,-0.6401867696315201
1.3713961006739375,-5.1530921265112255,-0.024609142453120045,-0.017453292519943295,0.03543018381548489,-0.022863813201125717,-0.035738451199932374,12.82581545025806,-0.4585700303815506,-1.9659388694464128,-0.6401867696315201
1.1557221898924122,-10.315253447867155,-0.024609142453120045,-0.029845130209103034,0.035255650890285456,-0.028448866807507574,-0.0341914597258324,12.842238960767201,-0.43926608509780507,-1.9737928510803873,-0.6543239365726742
1.6857322831847095,0.8401802022642187,-0.024609142453120045,-0.004014257279586958,0.03508111796508603,-0.021467549799530253,-0.0347223066980152,12.852730114763979,-0.4464558728496908,-1.9788543059111707,-0.6372197099031297
0.8893831769751941,-4.05330867030276,-0.024434609527920616,-0.024434609527920616,0.03490658503988659,-0.05183627878423159,-0.032782768788475455,12.857436516043922,-0.42165343105123954,-1.9867082875451454,-0.6461208890883009
0.7860755460963254,-6.444347941433282,-0.024434609527920616,-0.02234021442552742,0.034557519189487726,-0.03630284844148206,-0.033992391115753154,12.873350560353368,-0.43776459000426854,-1.9917697423759289,-0.6382669074543263
0.9834099926702012,-5.628472437282752,-0.024434609527920616,-0.0317649923862968,0.03420845333908886,-0.046251225177849735,-0.0318710410686847,12.887477601194547,-0.41087645505670045,-1.9994491910847039,-0.640535835481919
0.8865480818476235,-7.742397462448498,-0.024609142453120045,-0.0460766922526503,0.034033920413889425,-0.04206243497306335,-0.03529542642878053,12.908940206631097,-0.4558158451904072,-2.004685178840687,-0.6499606134426884
1.0523106561828095,-0.3205105606198612,-0.024783675378319478,-0.05009094953223726,0.03385938748868999,-0.03298672286269283,-0.03055215584842413,12.920160139715351,-0.3948616129360665,-2.0125391604746614,-0.6340781172495399
1.0208475143340392,-6.500899838676782,-0.02495820830351891,-0.03508111796508603,0.03368485456349056,-0.032114058236695664,-0.03378312346384988,12.928607161457029,-0.436934969143842,-2.017600615305445,-0.6382669074543263
1.0512394819348954,-9.574597288409832,-0.02495820830351891,-0.031415926535897934,0.033335788713091695,-0.039095375244672985,-0.03092791135998511,12.939947967905582,-0.400333216232589,-2.02528006401422,-0.6410594342575173
1.2859567233862195,-4.9266498773711564,-0.02495820830351891,-0.035255650890285456,0.033161255787892266,-0.04782202150464463,-0.03359234127736397,12.959594631697778,-0.4355069532809927,-2.0305160517702032,-0.6380923745291269
0.9937254557798447,-6.632575930953274,-0.025132741228718343,-0.00890117918517108,0.032637657012293965,-0.06998770300497262,-0.030717120241311204,12.97095655530078,-0.3985557913461846,-2.0381955004789782,-0.6391395720803235
1.1221370031378985,-9.368913564026473,-0.025132741228718343,-0.027401669256310976,0.0322885911618951,-0.061784655520599266,-0.03371387293435239,12.983272991588523,-0.4378823311846062,-2.043431488234961,-0.6429792964347111
1.202351560632467,-11.13068100867528,-0.025132741228718343,-0.015707963267948967,0.0317649923862968,-0.04729842272904633,-0.02994476005375286,13.000162770737449,-0.389403152917604,-2.050936404018537,-0.6291911953439558
1.3589020291106106,-8.902871419305844,-0.02495820830351891,-0.013788101090755204,0.03159045946109736,-0.059864793343405505,-0.03308607842629474,13.013243964220454,-0.43071438789312316,-2.05599785884932,-0.6330309196983434
1.4466388824352399,-14.460523178314892,-0.02495820830351891,-0.00820304748437335,0.031066860685499065,-0.04590215932745086,-0.031005248151043687,13.031593961431353,-0.40417732819130947,-2.0635027746328958,-0.6361725123519332
1.0899854624302794,-11.141405871121098,-0.02495820830351891,-0.027227136331111543,0.0307177948351002,-0.07487462491055674,-0.03306068366262979,13.050578493228057,-0.4316183128441443,-2.0685642294636795,-0.6326818538479445
1.0609687773944523,-11.327275062893921,-0.024783675378319478,-0.015009831567151233,0.0301941960595019,-0.07260569688296412,-0.030506838921558702,13.055835815016142,-0.3984158853991929,-2.0762436781724545,-0.6349507818755371
1.5371192756582253,-11.397336567371225,-0.024783675378319478,-0.018500490071139894,0.029845130209103034,-0.0466002910282486,-0.03270602715843338,13.07540569646391,-0.42779712063690856,-2.0811306000780387,-0.6305874587455513
1.431413001411512,-5.747349707147543,-0.024783675378319478,-0.022689280275926284,0.02949606435870417,-0.034033920413889425,-0.02821072591756197,13.089602803465478,-0.3693651880771727,-2.0886355158616143,-0.6157521601035995
1.756799458382944,-11.728878535435603,-0.02495820830351891,-0.019722220547535925,0.02949606435870417,-0.026179938779914945,-0.03189971605399624,13.111303112099115,-0.4183887723420426,-2.093696970692398,-0.6251769380643688
1.5348629239835039,-4.838313580900729,-0.02495820830351891,-0.028274333882308142,0.029321531433504737,-0.020071286397934793,-0.028434044772320206,13.122611695670125,-0.37322951862739984,-2.101201886475973,-0.6178465552059926
1.7178133137590696,-4.185828103275977,-0.02495820830351891,-0.021642082724729686,0.029321531433504737,-0.02076941809873252,-0.03056033939375485,13.144127361576833,-0.4018140903198339,-2.1060888083815574,-0.6138322979264057
1.0855885418354472,-4.218620623557703,-0.025132741228718343,-0.025656340004316644,0.029321531433504737,-0.013089969389957472,-0.02812773904888843,13.152049950811548,-0.37003502095461044,-2.113593724165133,-0.6075491126192262
1.8285420708006155,-3.679942005257986,-0.025132741228718343,-0.0158824961931484,0.029321531433504737,-0.029845130209103034,-0.03021678602063282,13.174694771412453,-0.39821813841521186,-2.1184806460707173,-0.6070255138436278
1.8765010151065327,-3.9984804263566662,-0.02530727415391778,-0.021642082724729686,0.0291469985083053,-0.026878070480712675,-0.02857211679442821,13.188872004447031,-0.376936569596081,-2.1258110289290935,-0.6112143040484143
1.3654747484017697,-12.098173384466039,-0.02530727415391778,-0.027925268031909273,0.028972465583105872,-0.02652900463031381,-0.03061688632463681,13.21318195082351,-0.4046729436375699,-2.1306979508346773,-0.610341639422417
1.5078190243794227,-2.577359986016936,-0.02548180707911721,-0.0291469985083053,0.02879793265790644,-0.04991641660703782,-0.02726780331196605,13.225762754083185,-0.36072690599229246,-2.138028333693054,-0.5991715322096534
1.588570188254924,-6.416280606113546,-0.02548180707911721,-0.030019663134302467,0.028623399732707007,-0.029321531433504737,-0.029874626500434556,13.242390509379451,-0.3957292060021194,-2.1427407226734383,-0.5956808737056647
1.4907950839833821,-5.5679286011592195,-0.02548180707911721,-0.027052603405912107,0.028448866807507574,-0.027401669256310976,-0.027126472792923635,13.261037343714062,-0.35981342874061145,-2.1500711055318145,-0.6005677956112488
1.9614898561973981,-4.697659155602702,-0.025656340004316644,-0.02408554367752175,0.028448866807507574,-0.03961897402027128,-0.026983430713711225,13.279207904000707,-0.35840557632758385,-2.1547834945121993,-0.5907939518000805
1.8113615349056933,3.0308350315676402,-0.025656340004316644,-0.02775073510670984,0.027925268031909273,-0.061086523819801536,-0.024999198278304692,13.30357362268973,-0.3326479749076742,-2.161939344445376,-0.5789257128865192
1.6202374267496835,-8.162206930493713,-0.025830872929516076,-0.018675022996339326,0.02775073510670984,-0.049567350756638956,-0.029629173879210133,13.316521288562148,-0.3946730243816407,-2.166651733425761,-0.594982742004867
1.3126695554702426,-5.868110387144353,-0.025656340004316644,-0.02111848394913139,0.027227136331111543,-0.05044001538263613,-0.024471049031276046,13.335983559509913,-0.3264106652430217,-2.1736330504337382,-0.5722934617289407
1.826837235406437,-14.331323142807005,-0.025830872929516076,-0.02600540585471551,0.027052603405912107,-0.02303834612632515,-0.024716150028402835,13.346961402341183,-0.3299526912345092,-2.1783454394141226,-0.59096848472528
1.8735764058051827,-4.7789478993563295,-0.025830872929516076,-0.026179938779914945,0.026878070480712675,-0.02949606435870417,-0.024931577358664553,13.368400820540995,-0.3333643933556696,-2.1853267564221,-0.5750859885321317
1.7541792091241364,-7.989885755318938,-0.025830872929516076,-0.022514747350726852,0.026878070480712675,-0.039269908169872414,-0.025751091280291762,13.386017217131531,-0.3447807647983078,-2.190039145402485,-0.5825909043157073
1.6452429777885356,-5.212524293603197,-0.02600540585471551,-0.019024088846738195,0.02652900463031381,-0.04136430327226561,-0.02487958697136595,13.410902094012108,-0.33372656608456214,-2.197020462410462,-0.57246799465414
1.7161553560275806,-7.508791760223884,-0.02600540585471551,-0.022863813201125717,0.026179938779914945,-0.052185344634630454,-0.025840635562875587,13.42906803267337,-0.3470929121813365,-2.201558318465647,-0.5766567848589265
2.0399372064747117,-8.933042617074127,-0.025830872929516076,0.006283185307179586,0.025830872929516076,-0.046774823953448036,-0.02597226914528246,13.452113995777333,-0.3494605060209744,-2.208539635473625,-0.5803219762881145
2.1936197750223276,-15.149363589458668,-0.025830872929516076,-0.005061454830783556,0.025656340004316644,-0.02879793265790644,-0.023771581312241934,13.47751375495004,-0.3204421757377413,-2.21307749152881,-0.5843362335677016
2.1070185804433788,-9.330623413031033,-0.025656340004316644,-0.01117010721276371,0.02530727415391778,-0.04380776422505767,-0.024899430374128097,13.500592361415517,-0.33622654714592015,-2.220058808536787,-0.5771803836345248
1.8246187834847951,-3.4324785081915907,-0.025656340004316644,-0.010122909661567111,0.025132741228718343,-0.04834562028024293,-0.02636497384164571,13.526557186774301,-0.35670998133836634,-2.2245966645919726,-0.5707226654021458
2.3195327782096347,-6.189067860594497,-0.02548180707911721,0.00034906585039886593,0.024783675378319478,-0.0481710873550435,-0.023356636669577834,13.543327924758328,-0.3163841243329893,-2.2314034486747505,-0.562345084992573
2.360384487487932,-2.2286617917718363,-0.02548180707911721,-0.018500490071139894,0.024609142453120045,-0.050789081233034994,-0.025349557834679824,13.577318532827007,-0.3442527634983373,-2.235941304729936,-0.5649630788705644
2.3364025228491108,-6.020354733556811,-0.02548180707911721,-0.008028514559173916,0.02408554367752175,-0.04991641660703782,-0.023915730311688373,13.598928267499812,-0.3252903212563043,-2.2427480888127134,-0.568802803224952
2.097893277424546,-3.4137495304029652,-0.02548180707911721,-0.012391837689159739,0.023736477827122883,-0.06736970912698112,-0.023523891677238735,13.622281002671306,-0.32050818512811957,-2.247460477793098,-0.5588544264885844
2.141336532618501,-9.456569395410572,-0.02530727415391778,-0.018675022996339326,0.023212879051524585,-0.05951572749300664,-0.022787245251512336,13.65162313472622,-0.31113673978696205,-2.2540927289506767,-0.5670574739729577
2.3275741345325742,-11.748504750342876,-0.02530727415391778,-0.013089969389957472,0.022863813201125717,-0.052708943410228755,-0.025151554142253712,13.678865589541909,-0.3441172944847286,-2.2586305850058617,-0.5698500007761486
2.4808771035645454,-9.360842366251012,-0.02530727415391778,-0.020943951023931952,0.022514747350726852,-0.026703537555513242,-0.02291504397691623,13.696551556691228,-0.31391202816640185,-2.2656119020138394,-0.5749114556069321
2.8033668249841974,-3.398450911918612,-0.02548180707911721,-0.016580627893946133,0.02234021442552742,-0.028623399732707007,-0.023175546151453754,13.727552840999639,-0.31820050558026636,-2.2701497580690244,-0.5562364326105929
2.1786924960544334,-2.4318083044555014,-0.02548180707911721,-0.013439035240356337,0.022165681500327987,-0.04206243497306335,-0.021629068405315293,13.751736431542492,-0.29748363867801664,-2.2769565421518023,-0.5693264020005503
2.306167379145932,-3.619494428516156,-0.02548180707911721,-0.019198621771937627,0.02181661564992912,-0.03647738136668149,-0.022871260988297053,13.782641454663786,-0.31528136572605037,-2.2814943982069877,-0.5614724203665759
2.0545582262391022,-9.907770511425142,-0.02548180707911721,-0.007504915783575617,0.021642082724729686,-0.032637657012293965,-0.0209235383767352,13.80074933285861,-0.28880265492450274,-2.288126649364566,-0.5597270911145815
2.4965404615049147,-4.646359579118415,-0.02530727415391778,-0.021467549799530253,0.021467549799530253,-0.03246312408709453,-0.022079283195321465,13.81817596624666,-0.30514500754248963,-2.2926645054197516,-0.5658357434965616
2.4399847019750256,-7.365523857575433,-0.02548180707911721,-0.013089969389957472,0.02129301687433082,-0.032637657012293965,-0.020987518419440583,13.85103431743958,-0.2907415273339846,-2.299471289502529,-0.5674065398233565
2.1066229943815364,-7.6428691791135295,-0.02548180707911721,-0.02548180707911721,0.02111848394913139,-0.039095375244672985,-0.020069804055667426,13.870807079283932,-0.27842176366601445,-2.304009145557714,-0.5597270911145815
2.2579851977325096,-7.654557407596576,-0.025656340004316644,-0.018500490071139894,0.020943951023931952,-0.046251225177849735,-0.019109557511598128,13.904083801819356,-0.26573323623930717,-2.310641396715293,-0.5516985765554075
2.306467310379099,0.40197850450138883,-0.025656340004316644,-0.019722220547535925,0.02076941809873252,-0.01710422666954443,-0.019698623071547856,13.930498885714753,-0.27444714610146503,-2.3151792527704784,-0.5382595413150513
2.4836910614011143,-1.2877799677921684,-0.025656340004316644,-0.02757620218151041,0.02076941809873252,-0.013439035240356337,-0.01834749346002891,13.95830908043594,-0.2561287254597316,-2.3216369710028575,-0.5482079180514189
2.522710116462536,-10.276609088264834,-0.025656340004316644,-0.015533430342749533,0.020594885173533087,-0.033335788713091695,-0.02091979019398882,13.984106088536187,-0.2925872490639513,-2.3261748270580425,-0.5510004448546099
2.5601856741074354,-5.550929042381095,-0.025656340004316644,0.0017453292519943296,0.020245819323134222,-0.030892327760299633,-0.017508482500027595,14.012201694903277,-0.24535745986888657,-2.3326325452904215,-0.5398303376418461
2.0297201695898157,-6.767168355270676,-0.025656340004316644,-0.00820304748437335,0.020071286397934793,-0.030892327760299633,-0.019703121396155085,14.032833290228075,-0.276526402489613,-2.3369958684204075,-0.5400048705670456
2.436137775678869,-4.161211484917152,-0.025656340004316644,-0.00942477796076938,0.020071286397934793,-0.012740903539558606,-0.016765648219371754,14.054899989750758,-0.23566158986703786,-2.3434535866527866,-0.5380850083898518
2.5426128618479247,-1.0518665863711933,-0.025656340004316644,-0.009250245035569947,0.019896753472735357,-0.02408554367752175,-0.017911335593697855,14.090485224681597,-0.25240640211391185,-2.347816909782772,-0.5237733085234983
2.28810199541732,-2.1202666099245313,-0.025656340004316644,-0.016580627893946133,0.019896753472735357,-0.032637657012293965,-0.01645520827471571,14.10633574719005,-0.23214364590317813,-2.354274628015151,-0.522027979271504
2.539514900214446,-6.796256044024333,-0.025656340004316644,0.005061454830783556,0.019722220547535925,-0.03577924966588375,-0.017729095139415906,14.142191076299428,-0.2507545240774724,-2.3584634182199373,-0.5169665244407204
2.7987539617754043,-9.924046481399028,-0.02548180707911721,0.011693705988362009,0.01937315469713706,-0.039793506945470715,-0.016593460054268972,14.157713399065845,-0.23494701580854918,-2.3645720706019175,-0.5234242426730995
2.799096009969803,-5.493779752793534,-0.02548180707911721,0.016231562043547264,0.01937315469713706,-0.045029494701453704,-0.017819524860810072,14.19463641785237,-0.25296845259008977,-2.368760860806704,-0.5176646561415181
2.860410723965229,-1.002706670350343,-0.02530727415391778,0.0006981317007977319,0.019024088846738195,-0.031241393610698498,-0.01397546455228364,14.21810731928655,-0.19871759242645995,-2.3750440461138838,-0.503527489200364
2.965909168823338,-13.26043840567671,-0.025132741228718343,-0.010821041362364843,0.019024088846738195,-0.02548180707911721,-0.017829306320387803,14.250184648372988,-0.25409783234753175,-2.3790583033934705,-0.5166174585903216
2.7859768878513496,-13.827980329498425,-0.025132741228718343,-0.005934119456780721,0.01884955592153876,-0.015707963267948967,-0.016114019948405542,14.274511102924986,-0.23003966783667062,-2.3851669557754507,-0.5202826500195097
2.667366332107876,-8.460338739874054,-0.025132741228718343,-0.013089969389957472,0.019024088846738195,-0.0010471975511965976,-0.016947285652695005,14.306161879814185,-0.24247382609094828,-2.389181213055038,-0.5061454830783556
2.8202498601601707,-8.817135941472117,-0.025132741228718343,-0.006108652381980154,0.019198621771937627,0.0027925268031909274,-0.015199572351575779,14.330801343750856,-0.2178388276890375,-2.395289865437018,-0.511556003759538
3.057543001776808,2.510101101610391,-0.02495820830351891,-0.00034906585039886593,0.019198621771937627,0.0033161255787892262,-0.015011004465099882,14.362031590580823,-0.21560471466583603,-2.3993041227166048,-0.48939032225921
2.6222383423935245,-1.0046273318084928,-0.02495820830351891,0.0020943951023931952,0.019198621771937627,-0.011693705988362009,-0.013231856642358342,14.387391242023222,-0.19038300938292943,-2.405412775098585,-0.4874704600820162
2.653692341318208,-10.91494686088976,-0.024783675378319478,-0.008377580409572781,0.01937315469713706,0.0013962634015954637,-0.016119419567725963,14.42178428325937,-0.2324909286059816,-2.4092524994529723,-0.4921828490624009
2.7810439200643784,-3.888795423636282,-0.024783675378319478,0.00017453292519943296,0.01937315469713706,-0.014660765716752368,-0.013501503070563591,14.446748987930272,-0.19506467878239506,-2.415186618909753,-0.48502699912922415
3.6719597998117477,-4.9940595669258725,-0.024783675378319478,0.00471238898038469,0.019547687622336492,0.0013962634015954637,-0.0158120926878357,14.488436193412026,-0.22911159064401937,-2.419026343264141,-0.48816859178281397
2.9887389754503415,-5.200167284557849,-0.024783675378319478,-0.01064650843716541,0.019547687622336492,-0.010297442586766544,-0.014132799062535211,14.515563952725449,-0.20515920803229828,-2.4249604627209216,-0.4923573819876004
2.8702326101670805,-11.841199101694256,-0.024609142453120045,-0.016231562043547264,0.01937315469713706,-0.030892327760299633,-0.015768607678358002,14.550426317234933,-0.22945898271255352,-2.4289747200005087,-0.4913101844364038
2.865860163974628,-15.139079936555076,-0.024609142453120045,-0.011344640137963142,0.019198621771937627,-0.016755160819145562,-0.013262480908168976,14.576283916638832,-0.19332902238907174,-2.4347343065320897,-0.49026298688520714
3.0627743844131574,-6.252823844914162,-0.024609142453120045,-0.005759586531581287,0.019198621771937627,-0.035255650890285456,-0.01406434055328897,14.610423043163161,-0.2054995151421325,-2.4385740308864774,-0.4846779332788253
3.7572654372910597,-0.6318053848811681,-0.024609142453120045,-0.0041887902047863905,0.019024088846738195,-0.014835298641951801,-0.010827622556175422,14.64304521488182,-0.15855556292270434,-2.444508150343258,-0.4750786223928565
3.2427048694213103,-3.477702901615148,-0.024609142453120045,-0.014835298641951801,0.01884955592153876,-0.034557519189487726,-0.013506088674641181,14.681054767006943,-0.19829568499862596,-2.4483478746976455,-0.4852015320544236
3.0727962152254547,-1.3578657571253834,-0.024783675378319478,-0.013089969389957472,0.018500490071139894,-0.05235987755982989,-0.010765804874959347,14.707882650486004,-0.15834831244417946,-2.4542819941544263,-0.47891834674724404
2.836801848844458,-14.9956392976265,-0.02495820830351891,-0.010297442586766544,0.01832595714594046,-0.04014257279586959,-0.009685010996728586,14.726970403434905,-0.14263533003825074,-2.458121718508814,-0.49480084294039245
3.2262803671718023,-3.462130034815347,-0.02495820830351891,-0.020594885173533087,0.017976891295541596,-0.033335788713091695,-0.010373930136154863,14.766046116750667,-0.15318742610508954,-2.4638813050403954,-0.4797910113732412
3.41334788860562,-15.38548469327207,-0.025132741228718343,-0.005759586531581287,0.01780235837034216,-0.0471238898038469,-0.014668829065060212,14.808531068068802,-0.2172393926282258,-2.467895562319982,-0.5042256209011619
3.2345855357706603,-13.920887053258737,-0.025132741228718343,-0.007853981633974483,0.017453292519943295,-0.059341194567807204,-0.011092333388967136,14.834989995297057,-0.16456140410923067,-2.473655148851563,-0.48572513083002195
3.1290388749713514,-10.729595635835327,-0.025132741228718343,-0.007853981633974483,0.01710422666954443,-0.04084070449666731,-0.013200630426751014,14.867682575725738,-0.19627418381034925,-2.477494873205951,-0.4967207051175862
2.8150218375577083,-8.78789575104549,-0.025132741228718343,-0.009599310885968814,0.016755160819145562,-0.05480333851262195,-0.010367700491978972,14.89589910840621,-0.15444175416190786,-2.4834289926627315,-0.482932604026831
2.6788983564526085,-9.137793886686822,-0.025132741228718343,-0.013089969389957472,0.0164060949687467,-0.04537856055185257,-0.012967991152750626,14.92333302383155,-0.19353649967751413,-2.487268717017119,-0.4927064478379992
2.9944771352224215,-4.775238583863895,-0.02530727415391778,-0.030019663134302467,0.016057029118347832,-0.04974188368183839,-0.008807475986931455,14.956783878559204,-0.13173492116741342,-2.4930283035487,-0.47263516144006446
2.9280477659301356,-7.480456587650733,-0.02530727415391778,-0.011519173063162575,0.0158824961931484,-0.04520402762665313,-0.011761662404606289,14.992536908811141,-0.17634528946031405,-2.496868027903088,-0.48171087355043496
2.7849804002363836,-11.765417185613984,-0.02530727415391778,-0.013788101090755204,0.0153588974175501,-0.05305800926062762,-0.009043789065823536,15.021756024371323,-0.13585729683110845,-2.5026276144346693,-0.4771730174952497
2.5920437759723476,-9.273811362174131,-0.025132741228718343,-0.011693705988362009,0.015184364492350668,-0.024783675378319478,-0.010089788526118738,15.054563828246213,-0.15190252016785263,-2.506467338789057,-0.4719370297392667
2.833250023000466,-5.973944856088495,-0.025132741228718343,-0.0066322511575784525,0.015184364492350668,-0.030543261909900768,-0.00805814900802859,15.077670429097298,-0.12150074485661906,-2.5120523923954385,-0.46844637123527805
2.69070398346862,-2.1769192672717343,-0.025132741228718343,-0.007155849933176752,0.015184364492350668,-0.0019198621771937625,-0.008318782339694297,15.109308700775195,-0.12569394982846288,-2.515717583824627,-0.45029494701453704
2.9159010664013763,-15.127627297310042,-0.025132741228718343,0.009773843811168246,0.0153588974175501,-0.0012217304763960308,-0.009565166702826975,15.133672388045957,-0.14476051407418836,-2.521302637431009,-0.4778711491960474
3.17162190531643,-10.961836980137916,-0.02495820830351891,0.008028514559173916,0.0153588974175501,-0.026179938779914945,-0.010164501656660465,15.173893897955915,-0.1542403815896814,-2.5249678288601967,-0.46390851518009285
2.9492536635838613,-13.598998843767886,-0.02495820830351891,-0.0,0.0153588974175501,0.003141592653589793,-0.007335063866041269,15.195780297515576,-0.11146401802264863,-2.5303783495413787,-0.4579743957233121
3.2682503064418706,-15.37591934712031,-0.024783675378319478,-0.005235987755982988,0.015533430342749533,0.007155849933176752,-0.008615257527770889,15.230985391953395,-0.13122210812086402,-2.5338690080453676,-0.44767695313654554
3.059018275991389,-3.144824103252081,-0.024783675378319478,-0.009773843811168246,0.015707963267948967,0.005235987755982988,-0.005398218061194557,15.258745334184738,-0.08237083477191257,-2.5391049958013503,-0.42586033748661645
3.5855684723604817,-0.45853305783508486,-0.024783675378319478,0.02652900463031381,0.0158824961931484,0.019547687622336492,-0.006643834469901293,15.292950478935902,-0.10160532651405373,-2.5425956543053396,-0.4181808887778414
3.0083920687668533,-3.7302819775370497,-0.024609142453120045,0.0033161255787892262,0.016231562043547264,0.016580627893946133,-0.005028434113058279,15.31869985374594,-0.07702972214938818,-2.547657109136123,-0.42010075095503513
3.016946392544085,-2.2246937160245728,-0.024434609527920616,-0.00820304748437335,0.016231562043547264,-0.0010471975511965976,-0.005867119595750376,15.3605847726617,-0.09012342203320131,-2.550973234714912,-0.4038691889114879
2.880489403885664,-2.485731182095193,-0.024434609527920616,-0.007155849933176752,0.016231562043547264,-0.007853981633974483,-0.004224787732454464,15.385926840331825,-0.06500266170845209,-2.556034689545696,-0.4028219913602913
3.889223894130063,-9.545666689929236,-0.024434609527920616,0.01815142422074103,0.0164060949687467,-0.017278759594743863,-0.006640012459878641,15.424619080974331,-0.10242116813273643,-2.559176282199285,-0.4066617157146788
3.6578256386646757,-1.8747542071235508,-0.02408554367752175,0.027227136331111543,0.016231562043547264,-0.026179938779914945,-0.00370454173181509,15.452838554390219,-0.057245947174034695,-2.5640632041048694,-0.38885935734433663
3.5436805341681406,-3.7180317020546467,-0.02408554367752175,0.012566370614359171,0.016057029118347832,-0.032637657012293965,-0.006075613739691918,15.49340811685853,-0.0941331214801775,-2.5672047967584595,-0.3944444109507185
3.2675302567963582,-1.797574657910569,-0.023911010752322315,0.003665191429188092,0.0158824961931484,-0.016231562043547264,-0.0032924664101443187,15.522247481860036,-0.051106663115222224,-2.5719171857388443,-0.37960911230876665
3.763099100134342,1.1718489406466697,-0.023736477827122883,0.017627825445142728,0.0158824961931484,-0.0008726646259971648,-0.005076096080398669,15.567684642093798,-0.07902374172215049,-2.5750587783924335,-0.37384952577718544
3.569827014508773,-4.397330783614912,-0.02356194490192345,0.009075712110370514,0.015707963267948967,-0.020071286397934793,-0.003872989640074733,15.594484836196632,-0.06039758020207658,-2.5795966344476193,-0.3775147172063735
3.5544896801099437,-11.139861094113789,-0.023387411976724018,0.003141592653589793,0.015707963267948967,-0.029321531433504737,-0.005783425293689139,15.641237914707938,-0.09046093956219436,-2.5825636941760095,-0.3818780403363593
3.9435172108668484,-9.895760488469133,-0.023212879051524585,0.018675022996339326,0.015533430342749533,-0.019547687622336492,-0.0036730244696528387,15.664541170728002,-0.05753650176993524,-2.5871015502311945,-0.3752457891787809
3.9621180533781137,-7.443321553147718,-0.023212879051524585,0.005759586531581287,0.015533430342749533,-0.007330382858376184,-0.005539494102303037,15.71227311908953,-0.08703893457089336,-2.590068609959585,-0.37350045992678654
3.423746878054111,-6.044112305621295,-0.02303834612632515,-0.005934119456780721,0.015707963267948967,0.006457718232379019,-0.003037895117876028,15.741731201122038,-0.04782187547584491,-2.594431933089571,-0.36250488563922223
4.053209619590086,-12.01157069442212,-0.02303834612632515,0.010122909661567111,0.015707963267948967,0.0033161255787892262,-0.005904052309306813,15.792195724633745,-0.09323903300980141,-2.597224459892762,-0.3726277953007894
3.854637074159562,-2.784695378722106,-0.022863813201125717,0.0010471975511965976,0.0158824961931484,0.006108652381980154,-0.0019697015074181885,15.823596319444412,-0.031167801830686875,-2.601587783022748,-0.34121186876489146
3.8325308178639226,-9.280871650419893,-0.022863813201125717,-0.016929693744344994,0.0158824961931484,0.014486232791552936,-0.005329187985236718,15.870684587264176,-0.08457866230634442,-2.6043803098259386,-0.36145768808802564
3.9352354745872167,-8.496846254513747,-0.02303834612632515,-0.006283185307179586,0.016057029118347832,0.017627825445142728,-0.003643742148174903,15.903295267272554,-0.05794776371517952,-2.608743632955924,-0.35622170033204265
3.8384350642687437,-8.941378665672062,-0.02303834612632515,-0.014835298641951801,0.016231562043547264,-0.016057029118347832,-0.005232866365462902,15.943785958578633,-0.08343246282283778,-2.6115361597591153,-0.3536037064540512
4.07640502799322,-10.784840754381074,-0.023212879051524585,-0.01064650843716541,0.016231562043547264,-0.007504915783575617,-0.0028400563293927376,15.973282673649729,-0.04536514452908534,-2.615724949963902,-0.3438298626428829
4.176868018699521,-9.50134071590923,-0.023212879051524585,-0.00767944870877505,0.016231562043547264,0.00890117918517108,-0.004336450506245452,16.027404996536514,-0.06950248417175195,-2.6183429438418933,-0.33859387488689996
4.052018753077993,-5.244975642785924,-0.023387411976724018,-0.03438298626428829,0.0164060949687467,0.005061454830783556,-0.0029466295513325058,16.061679842076327,-0.047327957443763086,-2.62235720112148,-0.33562681515850956
4.0842978566333645,-10.38361084648602,-0.023387411976724018,-0.018675022996339326,0.0164060949687467,0.0020943951023931952,-0.004093388403843627,16.107314768910868,-0.06593386375137082,-2.6249751949994717,-0.3310889591033243
3.91192558469291,-0.451678242362543,-0.02356194490192345,-0.024434609527920616,0.016580627893946133,0.003839724354387525,-0.0018340689119874846,16.137343607889736,-0.029597033419551527,-2.6289894522790584,-0.31904618726456346
4.091063458869532,0.9391021522715397,-0.023736477827122883,-0.0153588974175501,0.016580627893946133,-0.005235987755982988,-0.0017415213042582974,16.184303850056285,-0.0281853384438727,-2.631432913231851,-0.30054569719342356
4.204018575193436,4.374224073827875,-0.023911010752322315,-0.030019663134302467,0.016755160819145562,0.006283185307179586,-0.00047900112932559055,16.218731871366476,-0.007768791476776063,-2.6352726375862385,-0.30089476304382246
4.299914632949168,-6.583864778206118,-0.024260076602721184,-0.03647738136668149,0.016755160819145562,-0.014835298641951801,-0.0019769464199383556,16.252542029852595,-0.03213044663948417,-2.63771609853903,-0.3164281933865719
3.99118828587659,-12.168042919075974,-0.024434609527920616,-0.02652900463031381,0.016755160819145562,0.006457718232379019,-0.002648428521511213,16.302530061289826,-0.04317618653558419,-2.6415558228934177,-0.31485739705977706
4.2696070475512435,-4.644848820960245,-0.024609142453120045,-0.04136430327226561,0.016929693744344994,0.00034906585039886593,-0.003321321326067746,16.354970824406358,-0.05432031312542992,-2.64399928384621,-0.3043854215478111
4.393310826946905,-5.06612900191607,-0.025132741228718343,-0.029321531433504737,0.01710422666954443,0.002617993877991494,-0.0021770709885097096,16.388922726112597,-0.03567990456990991,-2.6476644752753984,-0.30054569719342356
4.487565018464,-9.171863170248642,-0.02548180707911721,-0.03490658503988659,0.017278759594743863,0.012566370614359171,-0.0029902149773088933,16.44160048928582,-0.04916406656570481,-2.649933403302991,-0.291469985083053
4.432683721867961,-4.617607023297631,-0.025830872929516076,-0.039968039870670144,0.017627825445142728,0.031415926535897934,-0.0023575080339959757,16.47164241820584,-0.038832101274977875,-2.6535985947321783,-0.29688050576423547
4.408873778322946,-4.701287221283372,-0.026179938779914945,-0.0291469985083053,0.017627825445142728,0.022689280275926284,-0.0026000276236148897,16.52852365956576,-0.042974714930902214,-2.6558675227597717,-0.2844886680750757
4.41645101552549,-4.407991407922072,-0.02652900463031381,-0.027227136331111543,0.017976891295541596,0.00942477796076938,-0.0009401221942962202,16.558971054226987,-0.015567460789116016,-2.6591836483385607,-0.2736676267127109
4.042863852605154,-7.0475465815342995,-0.026878070480712675,-0.041887902047863905,0.01815142422074103,0.015009831567151233,-0.002932925724347954,16.603225031087593,-0.04869616542989832,-2.6612780434409533,-0.2790781473938933
4.381706435411313,-6.217046197665773,-0.027401669256310976,-0.041887902047863905,0.01832595714594046,0.022165681500327987,-0.0007206859635467119,16.638633301238027,-0.011991231548838164,-2.664594169019743,-0.2630211182755455
4.511837600265913,7.199032321910195,-0.02775073510670984,-0.02303834612632515,0.018675022996339326,0.023736477827122883,-0.0006323265190491598,16.686712667845924,-0.010551452341918977,-2.6668630970473357,-0.24452062820440557
4.120781431285932,1.8486799091005084,-0.028099800957108706,-0.03717551306747922,0.019024088846738195,0.02303834612632515,-0.000626536539378951,16.71799020633484,-0.010474433099820973,-2.669830156775726,-0.25202554398798116
3.842606550023658,0.2930894531226531,-0.028448866807507574,-0.0328121899374934,0.019198621771937627,0.012217304763960308,-0.001488748941235889,16.77119224863707,-0.024968113149645407,-2.671924551878119,-0.2424262331020124
4.024314719720254,-4.614815451043476,-0.02879793265790644,-0.03682644721708035,0.019547687622336492,0.028448866807507574,-0.0006580580182562564,16.79806010511245,-0.011054099738943588,-2.674891611606509,-0.23561944901923448
3.9292181009768856,-1.6171947217386022,-0.028972465583105872,-0.04450589592585541,0.019722220547535925,0.03630284844148206,-0.0013993325469615933,16.842926437081392,-0.023568870533139743,-2.676811473783703,-0.22846359908605773
4.145937012430372,-6.183293435114363,-0.02949606435870417,-0.028274333882308142,0.020245819323134222,0.030019663134302467,-0.0011648602028657587,16.878261666992103,-0.01966082420202073,-2.679429467661695,-0.2281145332356589
3.9137048995163877,-3.5459727008967277,-0.029670597283903602,-0.03735004599267865,0.020420352248333655,0.01815142422074103,-0.0018800805749782199,16.923647250571044,-0.03181785794248332,-2.681349329838888,-0.22252947962927702
3.904534143261485,-10.40039573069495,-0.030019663134302467,-0.030019663134302467,0.020594885173533087,0.01884955592153876,-0.0008343374589921005,16.954993367833303,-0.01414618936622315,-2.68396732371688,-0.21537362969610027
3.897951000420991,-11.399100785218788,-0.0301941960595019,-0.03630284844148206,0.02076941809873252,0.02199114857512855,-0.0026621315029653433,17.00514293258192,-0.045270033655371876,-2.6855381200436748,-0.21485003092050198
3.702978461113117,-4.84593745296194,-0.030368728984701335,-0.028274333882308142,0.020943951023931952,0.0020943951023931952,-0.0012463542378538912,17.04107727991427,-0.021239229883083296,-2.6879815809964667,-0.1965240737745615
3.7643835597238455,-3.4959135583605616,-0.030368728984701335,-0.016057029118347832,0.02111848394913139,0.015009831567151233,-0.0017360740238025266,17.090064903892436,-0.02966964755239411,-2.689552377323262,-0.18675022996339327
3.880458044868113,8.364252369757615,-0.030543261909900768,-0.013264502315156905,0.02129301687433082,0.02303834612632515,0.0005508035820668387,17.11267352334819,0.00942572282860689,-2.6918213053508544,-0.16179202165987433
4.110296805509067,-1.4199044668762753,-0.030543261909900768,-0.0066322511575784525,0.021467549799530253,0.005934119456780721,-0.0014015868561444247,17.162695970481213,-0.024055024839828236,-2.6932175687524498,-0.1726130630222392
3.93255938452438,-1.651953002963033,-0.030543261909900768,0.008552113334772215,0.021642082724729686,0.013962634015954637,-0.0008367434102532549,17.19384931952478,-0.014386843472599223,-2.6953119638548433,-0.16790067404185452
3.940777992635331,-2.2728489269821233,-0.030543261909900768,0.004363323129985824,0.02181661564992912,0.028099800957108706,-0.0016371944707679082,17.243986199641725,-0.028231784084268043,-2.6965336943312392,-0.1589994948566834
3.6936155377642885,-4.07239461599101,-0.030543261909900768,-0.0033161255787892262,0.022165681500327987,0.015707963267948967,-0.0009854147483804923,17.267117877084264,-0.0170152781256215,-2.6984535565084333,-0.15446163880149816
4.121316108983105,-1.8799689243154851,-0.030543261909900768,-0.0010471975511965976,0.02234021442552742,0.030543261909900768,-0.0012455899500357095,17.321336474936487,-0.021575293792350958,-2.6996752869848293,-0.143116998663535
3.9943784664117135,-1.7020430432203897,-0.030543261909900768,0.012391837689159739,0.022689280275926284,0.0301941960595019,-0.001526052392274854,17.348389297074263,-0.02647457154056309,-2.7014206162368235,-0.14503686084072878
3.675698852807061,-5.680950759753068,-0.030368728984701335,0.009773843811168246,0.022863813201125717,0.024783675378319478,-0.0020457354189919097,17.39007836404422,-0.035575548876670804,-2.702642346713219,-0.13718287920675432
3.9319721179373053,-2.4521573848185265,-0.0301941960595019,0.023212879051524585,0.023212879051524585,0.022863813201125717,-0.0014459020049979985,17.4257945432146,-0.025196008827252172,-2.7042131430400143,-0.1308996938995747
3.82838433738756,-4.478306205976255,-0.030019663134302467,0.017976891295541596,0.023387411976724018,0.0066322511575784525,-0.00212610181078249,17.467252849852123,-0.03713721387070932,-2.705260340591211,-0.12723450247038662
4.083359497222765,-0.32375151161099297,-0.029845130209103034,0.03595378259108319,0.02356194490192345,0.012740903539558606,-0.001276420049837399,17.49365997178531,-0.022329270459666848,-2.7068311369180056,-0.12252211349000194
3.4630805645873264,-7.012135164537142,-0.02949606435870417,0.0012217304763960308,0.023911010752322315,0.012915436464758038,-0.0023570943858324603,17.54550807984214,-0.041356495182369384,-2.707703801544003,-0.12025318546240932
3.800499268695848,-2.042339189271746,-0.029321531433504737,0.013439035240356337,0.02408554367752175,0.00820304748437335,-0.0016746497419477002,17.572545427256088,-0.0294278861748195,-2.7091000649455985,-0.1111774733520388
3.9958771767267343,2.2374579639348684,-0.0291469985083053,0.032114058236695664,0.024260076602721184,0.005759586531581287,-0.0014711799838645647,17.62133218669229,-0.02592416990526271,-2.7099727295715956,-0.10157816246606999
4.0385201847204755,-5.259710149235647,-0.02879793265790644,0.018675022996339326,0.024260076602721184,0.007504915783575617,-0.0017088352710983232,17.653944801123004,-0.03016771291461458,-2.7111944600479916,-0.10855947947404729
3.982360851477879,-0.8792263052553972,-0.028623399732707007,0.0164060949687467,0.024434609527920616,0.008552113334772215,-0.0020102454653665677,17.699471482217344,-0.03558033021425983,-2.712067124673989,-0.10227629416686772
4.021659607942716,0.7207202524915378,-0.028623399732707007,-0.003141592653589793,0.024609142453120045,0.025656340004316644,-0.0014898724222542738,17.727353084554288,-0.026411514022298407,-2.7132888551503846,-0.09704030641088474
4.277879533727466,-3.053997135351508,-0.028623399732707007,0.012740903539558606,0.024783675378319478,0.0066322511575784525,-0.0020139412088899665,17.78137663704304,-0.03581069557572066,-2.7141615197763818,-0.09407324668249435
4.0002312478001905,-1.5671632611884407,-0.028448866807507574,0.00767944870877505,0.02495820830351891,-0.0029670597283903604,-0.0018930000790583295,17.817875959506175,-0.03372928088906231,-2.7152087173275783,-0.09494591130849153
3.9743649075788796,-3.063503179176878,-0.028448866807507574,-0.007853981633974483,0.025132741228718343,0.01710422666954443,-0.002347438087617986,17.863983417644395,-0.041934672097705204,-2.7159068490283764,-0.09093165402890457
3.899940887991051,-7.411512148123125,-0.028448866807507574,0.0013962634015954637,0.02530727415391778,0.022165681500327987,-0.001814378457991955,17.89077912528977,-0.03246067986147838,-2.7171285795047724,-0.0926769832808989
4.354182115290184,-1.105758313540404,-0.028448866807507574,0.0012217304763960308,0.02548180707911721,0.003665191429188092,-0.001468397492477765,17.922238739073283,-0.026316989338866024,-2.7176521782803706,-0.08011061266653972
4.133889780062556,-2.5357358968431885,-0.028448866807507574,-0.012217304763960308,0.025656340004316644,0.014311699866353503,-0.0010541713716066127,17.972220075228215,-0.018945806905534674,-2.718699375831567,-0.07609635538695278
3.7762384998117806,0.45579643347299026,-0.028623399732707007,-0.016755160819145562,0.025656340004316644,0.0066322511575784525,-0.0023997534845896728,18.022767930248452,-0.043250283166082176,-2.7192229746071654,-0.07766715171374766
3.9007650208745615,-2.7665448318737336,-0.02879793265790644,-0.016755160819145562,0.025830872929516076,0.013264502315156905,-0.0009669429648461477,18.048864347983653,-0.017452227843899337,-2.7200956392331626,-0.06771877497737998
3.7523232064963254,0.3266281302385112,-0.028972465583105872,-0.022165681500327987,0.025830872929516076,0.005061454830783556,-0.0013967285453985534,18.09471074082687,-0.02527341544733098,-2.7207937709339607,-0.06265732014659643
4.037576744442449,1.5400310292314874,-0.029321531433504737,-0.03368485456349056,0.02600540585471551,0.0024434609527920616,-0.001596806831655334,18.13138460426409,-0.028952343410948517,-2.7214919026347584,-0.0656243798749868
3.5531367069008537,-0.26117951900418346,-0.02949606435870417,-0.030368728984701335,0.02600540585471551,-0.008028514559173916,-0.00146485261821077,18.171915158382898,-0.02661919653742747,-2.7220155014103566,-0.05305800926062762
3.298414311708126,-0.45851064094226585,-0.029845130209103034,-0.04345869837465881,0.02600540585471551,0.007330382858376184,-0.001986124718177041,18.20485332523839,-0.036157156722997644,-2.7228881660363533,-0.06283185307179587
3.9681405770139526,-4.34287931083999,-0.030019663134302467,-0.01117010721276371,0.026179938779914945,0.004363323129985824,-0.0025247368481665588,18.24013089373702,-0.04605162843174664,-2.7232372318867526,-0.06056292504420324
3.8096751481529747,-2.7593270735998927,-0.0301941960595019,-0.012391837689159739,0.026179938779914945,0.0029670597283903604,-0.0011626177861813547,18.28025583960567,-0.021252960150806542,-2.723760830662351,-0.04328416544945937
3.6796880261152114,-5.078566295416689,-0.030368728984701335,0.0017453292519943296,0.026179938779914945,-0.008552113334772215,-0.002022332054807227,18.312084304890583,-0.037033165566539045,-2.724284429437949,-0.04974188368183839
3.4255710056302173,2.5235452429279475,-0.0301941960595019,-0.0012217304763960308,0.026179938779914945,-0.017453292519943295,-0.00116084744135997,18.347991044619146,-0.02129922802562003,-2.7248080282135474,-0.03508111796508603
3.9397841724826863,2.235833422500209,-0.0301941960595019,0.011868238913561441,0.026179938779914945,0.005061454830783556,-0.0016902022942992152,18.384260251179104,-0.031073148445298075,-2.7251570940639462,-0.034033920413889425
3.616788385842391,-0.7136384704987082,-0.0301941960595019,0.009250245035569947,0.026354471705114377,0.00017453292519943296,-0.0018230153246429032,18.4120058289836,-0.03356540596724729,-2.725680692839545,-0.03769911184307752
3.8540563129090177,4.975805272380004,-0.030019663134302467,0.02600540585471551,0.026354471705114377,-0.019547687622336492,-0.001032554902007942,18.460171923188682,-0.019061147785337268,-2.725855225764744,-0.018500490071139894
4.114781933992817,3.0436259006101976,-0.029670597283903602,0.02076941809873252,0.02600540585471551,-0.0291469985083053,-0.001554686771298587,18.497210350223295,-0.02875739140678333,-2.726204291615143,-0.022863813201125717
3.6272728230009452,3.4572739762070963,-0.02949606435870417,0.015533430342749533,0.02600540585471551,-0.017453292519943295,-0.0010429550823021002,18.533087749074284,-0.019329185067122848,-2.726378824540342,-0.011693705988362009
3.873188643382418,-1.051356868939795,-0.029321531433504737,0.025656340004316644,0.025830872929516076,-0.0041887902047863905,-0.00173525878797339,18.56945840588089,-0.03222284822903811,-2.7265533574655416,-0.019547687622336492
4.073752244270942,-2.896097825404161,-0.0291469985083053,0.034033920413889425,0.025656340004316644,-0.00942477796076938,-0.0026395014628695654,18.614985244215326,-0.04913439488937325,-2.726727890390741,-0.019722220547535925
3.9980973355722664,-0.8362658867981855,-0.02879793265790644,0.025132741228718343,0.02548180707911721,-0.015184364492350668,-0.001911692468951646,18.642071332036156,-0.03563795078489612,-2.7269024233159405,-0.010821041362364843
3.7326347066697867,-0.4257747956352977,-0.028448866807507574,0.027227136331111543,0.02530727415391778,-0.029321531433504737,-0.0016154484019723424,18.68658304979428,-0.030187236985729393,-2.72707695624114,-0.004886921905584123
4.1241754737808645,-6.591455865858742,-0.028099800957108706,0.02949606435870417,0.025132741228718343,-0.03385938748868999,-0.002472728981061329,18.72304266870066,-0.046297104580078796,-2.72707695624114,-0.011693705988362009
3.6778710091640394,4.638406436925594,-0.027925268031909273,0.0164060949687467,0.02495820830351891,-0.0005235987755982988,-0.000985290483542431,18.766949978853386,-0.018490903202921318,-2.7272514891663393,0.007853981633974483
3.789090327812992,-1.5481499781341035,-0.02775073510670984,0.008377580409572781,0.024783675378319478,-0.013439035240356337,-0.0018397430059144014,18.803898876695957,-0.03459438047233839,-2.7272514891663393,-0.0012217304763960308
4.08176444413524,0.7709349455528225,-0.02757620218151041,0.030019663134302467,0.024783675378319478,-0.023736477827122883,-0.0014071756317903775,18.851534106691084,-0.02652743692617832,-2.72707695624114,0.010122909661567111
3.726194832843294,5.638581158849826,-0.027227136331111543,0.018500490071139894,0.024260076602721184,-0.03420845333908886,-0.0013472958760773575,18.874280696045776,-0.0254292559321583,-2.72707695624114,0.012042771838760876
3.49944203380389,0.9847477348132723,-0.027052603405912107,-0.009075712110370514,0.02408554367752175,-0.038397243543875255,-0.0012279656028670585,18.91981519046675,-0.023232893944119228,-2.72707695624114,0.013788101090755204
3.6219770718853947,-2.1229838039772706,-0.027227136331111543,-0.005759586531581287,0.023736477827122883,-0.030019663134302467,-0.0022500343964948002,18.956067745686788,-0.042651876427347316,-2.7269024233159405,0.003665191429188092
3.5155983467452203,4.0665505272401115,-0.027227136331111543,-0.006457718232379019,0.023387411976724018,-0.03385938748868999,-0.0009542123478622356,18.99935285068264,-0.018129422593921175,-2.7269024233159405,0.027052603405912107
3.818221368292192,4.0264759510169075,-0.027227136331111543,-0.005585053606381855,0.02303834612632515,-0.026354471705114377,-0.001762702175183845,19.026522109919583,-0.03353812664499567,-2.726727890390741,0.019896753472735357
3.6618782437744417,2.9704217878322354,-0.027227136331111543,-0.004363323129985824,0.022863813201125717,-0.028274333882308142,-0.0018187991710906053,19.07116794993516,-0.034686662707258745,-2.7265533574655416,0.017453292519943295
3.5724359273962727,-2.208361998799948,-0.027227136331111543,0.0022689280275926286,0.022514747350726852,-0.015707963267948967,-0.0019343694454084677,19.09321554982923,-0.036933378839788505,-2.726378824540342,0.015533430342749533
3.7472831251681047,-4.78265515106433,-0.027227136331111543,0.004886921905584123,0.02234021442552742,-0.027401669256310976,-0.002504987909803717,19.14271022016767,-0.04795235796221818,-2.726378824540342,0.008377580409572781
3.2951659047930177,-3.2420108033466657,-0.027227136331111543,-0.012217304763960308,0.02199114857512855,-0.02129301687433082,-0.0026200485400697912,19.16584464395731,-0.05021555818280738,-2.726204291615143,0.007504915783575617
3.6212190203293138,0.20473604346283963,-0.027227136331111543,-0.004014257279586958,0.02181661564992912,-0.013439035240356337,-0.001513701339118957,19.209142071424726,-0.029076926284752343,-2.7260297586899433,0.022165681500327987
3.7374997746437266,-1.0812218878351232,-0.027227136331111543,0.012566370614359171,0.021642082724729686,-0.012217304763960308,-0.0028259168405575857,19.24114404770085,-0.054374017736188086,-2.7260297586899433,0.0027925268031909274
3.4680105536961787,1.114104780589219,-0.027227136331111543,-0.014486232791552936,0.02181661564992912,-0.011344640137963142,-0.0021991967424724477,19.281769058539638,-0.04240447206526865,-2.725855225764744,0.01117010721276371
3.2864677956315647,2.867850045512239,-0.027227136331111543,-0.0041887902047863905,0.021642082724729686,-0.005061454830783556,-0.0018415268722809237,19.30785480446034,-0.035555973661245285,-2.725680692839545,0.017976891295541596
3.690546409326734,4.4137485214528835,-0.027227136331111543,0.009948376736367679,0.021467549799530253,-0.0013962634015954637,-0.001727057144407624,19.351964188685606,-0.03342198123993828,-2.725680692839545,0.019024088846738195
3.7545076184975756,4.718653690359224,-0.027052603405912107,0.004014257279586958,0.021467549799530253,0.0012217304763960308,-0.0020521825892583024,19.383775183065723,-0.0397791017874112,-2.725506159914345,0.017627825445142728
3.6250974532678795,-3.1212621304091335,-0.027052603405912107,0.010821041362364843,0.021467549799530253,0.009773843811168246,-0.002409354731604796,19.42411877221003,-0.04679968302834696,-2.725506159914345,0.005759586531581287
3.595900865629434,-2.765937021650132,-0.027052603405912107,0.0033161255787892262,0.021642082724729686,0.013089969389957472,-0.0027330981548753727,19.455850935975576,-0.05317488269707641,-2.7253316269891457,0.007155849933176752
3.659165419881545,2.114288552421802,-0.026878070480712675,0.008726646259971648,0.021467549799530253,-0.013962634015954637,-0.0016475193132306253,19.498978466224777,-0.032124972677196065,-2.7251570940639462,0.019547687622336492
3.90915311544122,1.3777551243361978,-0.026878070480712675,0.005759586531581287,0.021467549799530253,-0.009599310885968814,-0.001972521455914173,19.530441800973634,-0.03852426545984564,-2.724982561138747,0.018675022996339326
3.5855939920425937,4.676151206516972,-0.026703537555513242,-0.002617993877991494,0.021467549799530253,0.0010471975511965976,-0.0018605414025481383,19.575709153290706,-0.0364214593896293,-2.724982561138747,0.019722220547535925
3.7463279328541166,4.469117219246256,-0.026703537555513242,-0.0066322511575784525,0.02129301687433082,-0.0054105206811824215,-0.0021848877430792066,19.60717136136504,-0.0428395365521123,-2.7248080282135474,0.015533430342749533
3.944805607912296,-0.1575841041854027,-0.026703537555513242,-0.0041887902047863905,0.02129301687433082,-0.010122909661567111,-0.0022478884699458075,19.651820288257966,-0.04417517464520429,-2.724633495288348,0.013962634015954637
3.3986580151869488,1.0555985887609831,-0.026878070480712675,-0.008028514559173916,0.02111848394913139,-0.019547687622336492,-0.0021922714097755893,19.67434283027599,-0.04313156839050753,-2.724633495288348,0.015009831567151233
3.70240351412679,4.020632822176346,-0.026878070480712675,0.0029670597283903604,0.02111848394913139,-0.013439035240356337,-0.0017920705864694112,19.722504315686756,-0.03534415771178732,-2.724458962363148,0.022514747350726852
3.610017835852298,-8.800107914977758,-0.026878070480712675,-0.00017453292519943296,0.020943951023931952,-0.004886921905584123,-0.00324677215359785,19.75526917097209,-0.06414108321300584,-2.724284429437949,0.0029670597283903604
3.6114574246805033,6.5721844380373415,-0.026703537555513242,0.005235987755982988,0.020943951023931952,0.005759586531581287,-0.0015152855152952955,19.793874154074363,-0.029993393753096065,-2.7241098965127497,0.025132741228718343
3.5236195432395716,-2.493012326352581,-0.026703537555513242,0.010297442586766544,0.020943951023931952,0.009250245035569947,-0.002301465026592703,19.821013090799624,-0.04561744896141473,-2.72393536358755,0.016231562043547264
3.5169091598234763,-6.636844496624598,-0.02652900463031381,0.005934119456780721,0.02111848394913139,0.009075712110370514,-0.002828008681955671,19.861683556515526,-0.05616916327628184,-2.723760830662351,0.010995574287564275
3.5395315505114975,-7.225475088359851,-0.02652900463031381,0.013439035240356337,0.02111848394913139,0.007504915783575617,-0.002865230393238163,19.897187093409386,-0.05701018120928801,-2.7234117648119516,0.013439035240356337
3.752197407583141,7.466040596190766,-0.02652900463031381,0.018500490071139894,0.02111848394913139,0.007504915783575617,-0.001608440228271872,19.931424932435156,-0.0320585333141109,-2.7232372318867526,0.03420845333908886
3.362214249342638,0.6834383460146688,-0.026354471705114377,0.0027925268031909274,0.02111848394913139,-0.004537856055185257,-0.002565947867089331,19.959416571883175,-0.05121493478224073,-2.7228881660363533,0.02775073510670984
3.264873134553071,-1.0583525360408539,-0.026179938779914945,-0.012391837689159739,0.020943951023931952,-0.012217304763960308,-0.002177164061353362,20.00873215122865,-0.043562361382082776,-2.722713633111154,0.030368728984701335
3.384364363342455,-1.4488337127250186,-0.026179938779914945,0.011519173063162575,0.020943951023931952,-0.0017453292519943296,-0.0024740064448723494,20.030261391699565,-0.04955509687967458,-2.722364567260755,0.0291469985083053
3.675053738016043,-10.004152910060943,-0.026179938779914945,0.02775073510670984,0.020943951023931952,-0.0054105206811824215,-0.003174375245069298,20.070309620817575,-0.0637109080190244,-2.7220155014103566,0.024434609527920616
3.4770224768814533,3.1447981363941198,-0.02600540585471551,0.006806784082777886,0.02076941809873252,-0.009773843811168246,-0.0019043368138067047,20.09657575298284,-0.03827069530074719,-2.7216664355599574,0.045727626402251434
3.435004187935852,1.0068981199436147,-0.025830872929516076,0.013788101090755204,0.020594885173533087,-0.006981317007977318,-0.002152225310471549,20.14104076106675,-0.04334812463579829,-2.721317369709559,0.04345869837465881
3.6416852787369054,4.869085782679042,-0.025656340004316644,0.019722220547535925,0.020420352248333655,0.0015707963267948964,-0.0017194261671024751,20.171333488654785,-0.03468315280514578,-2.7207937709339607,0.05044001538263613
3.578995417797282,-3.618007362133778,-0.02548180707911721,0.013613568165555772,0.020420352248333655,0.0010471975511965976,-0.0022206690782605996,20.20285270288378,-0.0448639240368588,-2.7204447050835614,0.039793506945470715
3.81416646782311,4.332187585263869,-0.02530727415391778,0.008377580409572781,0.020420352248333655,-0.004014257279586958,-0.0019933177314616153,20.243046207300164,-0.04035087638607762,-2.719921106307963,0.05497787143782138
3.5175892037070065,-2.1604511349830977,-0.025132741228718343,0.004886921905584123,0.020245819323134222,-0.014311699866353503,-0.002896389666190864,20.292796062999685,-0.05877600917382865,-2.7195720404575643,0.04310963252425994
3.6997617216924987,-5.47966047250402,-0.025132741228718343,0.00034906585039886593,0.020245819323134222,-0.014835298641951801,-0.0033710999664147874,20.31509725391805,-0.06848448309700529,-2.719048441681966,0.038571776469074684
3.498948516970012,0.04742818094338324,-0.025132741228718343,0.0008726646259971648,0.020071286397934793,-0.005235987755982988,-0.002948031972151667,20.34560243902459,-0.05997966024195873,-2.7185248429063678,0.04468042885105484
3.5154236144982973,0.16081249327105135,-0.025132741228718343,-0.0005235987755982988,0.020071286397934793,-0.006806784082777886,-0.00228067625053545,20.38909316706804,-0.04650100118085501,-2.718001244130769,0.059166661642607775
3.8853638831250423,-7.472990155990867,-0.025132741228718343,0.0027925268031909274,0.020071286397934793,-0.004014257279586958,-0.0027117867539835604,20.43348703714177,-0.05541139531295597,-2.7174776453551712,0.05131268000863329
3.5006733272773958,7.134626769453084,-0.02495820830351891,-0.0010471975511965976,0.020071286397934793,0.003665191429188092,-0.002472094683695794,20.464096063048352,-0.05058928613877132,-2.7167795136543735,0.06422811647339133
3.473752436971429,1.561433891079876,-0.025132741228718343,0.0008726646259971648,0.020071286397934793,0.005759586531581287,-0.002531237289816329,20.499317646814593,-0.051888748063329715,-2.7164304478039747,0.06021385919380437
3.4589290747885855,5.054609565291369,-0.025132741228718343,-0.013788101090755204,0.020245819323134222,0.02111848394913139,-0.0022963410816313518,20.530376180009732,-0.047144829111291676,-2.7157323161031766,0.06771877497737998
3.1593858594815285,5.632313980156294,-0.025132741228718343,-0.012915436464758038,0.020245819323134222,0.018675022996339326,-0.0016469871231644,20.574192103579193,-0.03388546010296674,-2.7152087173275783,0.07609635538695278
3.42665117552685,-0.03735924806354924,-0.02530727415391778,-0.0015707963267948964,0.020594885173533087,0.02652900463031381,-0.0031199933180627586,20.600868186143433,-0.0642747796451062,-2.7143360527015816,0.061086523819801536
3.706721617634388,0.9401475166859646,-0.02548180707911721,-0.0015707963267948964,0.020594885173533087,0.011344640137963142,-0.002917173562256464,20.640736730618283,-0.060212782297769794,-2.7138124539259834,0.06283185307179587
3.24402350103642,1.88545901248549,-0.02548180707911721,-0.003839724354387525,0.02076941809873252,0.013264502315156905,-0.003132673033270074,20.667182798913267,-0.06474373801854354,-2.7131143222251857,0.06998770300497262
2.9200325477567604,5.146946651982196,-0.02548180707911721,-0.014311699866353503,0.02076941809873252,0.012915436464758038,-0.002494791469647902,20.711561376329563,-0.051671133844912086,-2.7125907234495874,0.07435102613495843
3.4952399752157657,-5.1084780334352295,-0.025656340004316644,-0.002617993877991494,0.020943951023931952,0.015009831567151233,-0.003966175896016408,20.73818192010836,-0.08225170854742793,-2.71171805882359,0.06161012259539984
3.4972292432338787,1.6683050522242917,-0.025656340004316644,0.011693705988362009,0.020943951023931952,0.013788101090755204,-0.0031341632363492476,20.77273331749141,-0.06510535025847529,-2.7111944600479916,0.07243116395776468
3.0760771495762067,2.4362989076614205,-0.025656340004316644,-0.007330382858376184,0.020943951023931952,0.0066322511575784525,-0.0030677749912936835,20.7950454082374,-0.06379472037554644,-2.710147262496795,0.08377580409572781
3.406828809646623,4.231395333442157,-0.025656340004316644,0.00942477796076938,0.020943951023931952,0.022514747350726852,-0.002443517713293823,20.838472302823604,-0.050919277532553736,-2.709623663721197,0.0853466004225227
3.4522474373378773,5.72683634724354,-0.02548180707911721,0.016755160819145562,0.02111848394913139,0.009599310885968814,-0.0030186871148273923,20.86476950747291,-0.06298440218069978,-2.70857646617,0.09005898940290741
3.2342374571048094,5.307380041377767,-0.02548180707911721,0.006806784082777886,0.020943951023931952,0.0,-0.002201609107175733,20.90018503108081,-0.04601411205084436,-2.7080528673944015,0.0937241808320955
3.212410130194861,-1.2872000921554896,-0.02548180707911721,0.012566370614359171,0.02111848394913139,0.015707963267948967,-0.0038484162297170495,20.927073098267396,-0.08053648534227688,-2.707005669843205,0.08272860654453122
3.2719294149184686,5.450922035045774,-0.02530727415391778,0.012217304763960308,0.02129301687433082,0.016929693744344994,-0.0025196410452112124,20.970755968868254,-0.052838889305814776,-2.7061330052172083,0.102799892942466
3.183149053327081,-1.3133311504583143,-0.025132741228718343,0.016929693744344994,0.02129301687433082,0.004014257279586958,-0.004166496598076915,20.997692903975615,-0.08748732230350924,-2.7050858076660114,0.08499753457212385
3.3327855369342156,-7.182478253007916,-0.02495820830351891,0.025830872929516076,0.021467549799530253,0.004886921905584123,-0.004342084282054955,21.0373074026394,-0.0913463358824936,-2.7042131430400143,0.08499753457212385
3.3081565776631408,3.075726035528204,-0.024783675378319478,0.025132741228718343,0.021642082724729686,0.029321531433504737,-0.0038649893785751032,21.06330618833699,-0.08140986006670904,-2.7031659454888177,0.09948376736367678
3.075208809974892,-2.6374344729390917,-0.024609142453120045,0.014486232791552936,0.02181661564992912,0.04014257279586959,-0.0040468436004137895,21.103450376239515,-0.08540282931467003,-2.7022932808628206,0.09791297103688189
3.1513660123454064,0.8395810074762015,-0.024260076602721184,0.038397243543875255,0.022165681500327987,0.03298672286269283,-0.004180843979678417,21.1245858848011,-0.08831911231029378,-2.701071550386424,0.10297442586766545
3.3756766779895178,7.077648462922864,-0.023911010752322315,0.04380776422505767,0.022514747350726852,0.02181661564992912,-0.0033119308242078455,21.164092841710584,-0.07009426773438428,-2.7001988857604275,0.11798425743481668
3.315766306516468,2.1609215036856604,-0.02356194490192345,0.028274333882308142,0.022689280275926284,0.023387411976724018,-0.004079507735537248,21.191251946728137,-0.08645035582291616,-2.6989771552840316,0.11239920382843482
3.298689233008157,1.1611175880876972,-0.023212879051524585,0.04258603374866164,0.022863813201125717,0.030019663134302467,-0.0042731422341630194,21.23058055125681,-0.09072184259593807,-2.698104490658034,0.1069886831472524
3.4040212185182486,-0.7000744667464943,-0.022863813201125717,0.03420845333908886,0.023212879051524585,0.025830872929516076,-0.004792563208101325,21.261774357510195,-0.10189917768854383,-2.696708227256438,0.11047934165124106
3.4384050193995206,2.0434769468396734,-0.022514747350726852,0.0460766922526503,0.023387411976724018,0.013962634015954637,-0.004366329592060043,21.296660460302924,-0.09298882971949758,-2.6958355626304416,0.1207767842380076
3.447683566645594,1.9180544028620876,-0.02199114857512855,0.04363323129985824,0.02356194490192345,0.006806784082777886,-0.0050662178169693685,21.327721989088985,-0.10805180957759863,-2.6942647663036468,0.12112585008840648
3.4711152985616893,9.929348896514437,-0.021467549799530253,0.05113814708343386,0.02356194490192345,0.0019198621771937625,-0.0038022925715619437,21.371432356088476,-0.08126083009912635,-2.693392101677649,0.14172073526193957
3.4566335179280325,3.8499606556193777,-0.02111848394913139,0.03368485456349056,0.02356194490192345,-0.01064650843716541,-0.005105869839139249,21.398326352788775,-0.10925801858320064,-2.691646772425655,0.13072516097437528
3.516822864861777,3.9647056584329317,-0.020943951023931952,0.03508111796508603,0.023387411976724018,0.008726646259971648,-0.004870254388163684,21.433492776090652,-0.1043873875823633,-2.6905995748744584,0.1329940890019679
3.6192359250806194,2.423954248141096,-0.020594885173533087,0.03508111796508603,0.02356194490192345,0.014835298641951801,-0.005582573611160996,21.46434654963675,-0.11982753944494288,-2.689028778547663,0.13648474750595657
3.628110320945295,1.3853420688287623,-0.020594885173533087,0.03822271061867582,0.02356194490192345,0.0029670597283903604,-0.0049353665480799955,21.50388305517075,-0.10613040678830735,-2.6879815809964667,0.13945180723434694
3.616252783014492,3.9534809563205684,-0.020245819323134222,0.028972465583105872,0.023387411976724018,0.0,-0.0058287052628336455,21.53497107659991,-0.12552242074378467,-2.6862362517444724,0.14416419621473162
3.261211630404097,2.065635254563276,-0.020071286397934793,0.014486232791552936,0.023387411976724018,0.0019198621771937625,-0.005608817150161758,21.570680677462992,-0.12098727243308288,-2.685189054193276,0.14433872913993104
3.3381353840515278,0.14836473817686965,-0.019896753472735357,0.01117010721276371,0.02356194490192345,0.015707963267948967,-0.006507826847034547,21.601711887265754,-0.14058218520413535,-2.6834437249412817,0.14119713648634125
3.333145987450421,8.564001276290035,-0.019896753472735357,0.019722220547535925,0.02356194490192345,0.008377580409572781,-0.005262100637289848,21.63670565764246,-0.11385557350754935,-2.682396527390085,0.15393804002589986
3.2793919829121627,-1.0954606764625647,-0.019722220547535925,0.004886921905584123,0.023736477827122883,0.0019198621771937625,-0.006757413630207827,21.663527627294187,-0.1463916450834572,-2.6804766652128915,0.14503686084072878
3.0973631374962847,5.411720353146427,-0.019722220547535925,-0.003141592653589793,0.023736477827122883,0.02303834612632515,-0.006313826757243851,21.703527149684994,-0.13703413137727788,-2.679254934736495,0.1518436449235067
2.890640955991582,-1.2562993696668625,-0.019722220547535925,0.0022689280275926286,0.023911010752322315,0.010821041362364843,-0.007638584779392922,21.72988924932458,-0.16598882966117162,-2.677509605484501,0.1488765851951163
3.109403867765385,2.9112686539093535,-0.019722220547535925,0.0066322511575784525,0.023911010752322315,0.006457718232379019,-0.006588686433584199,21.765521864404757,-0.1434082737893238,-2.676287875008105,0.15289084247470328
3.0636961549080803,6.710299528183064,-0.019722220547535925,0.005061454830783556,0.023911010752322315,0.00942477796076938,-0.0070664146387804175,21.792145863363903,-0.15399490175273345,-2.674368012830911,0.16336281798666924
2.949202338533674,8.163143209278356,-0.019722220547535925,0.0153588974175501,0.023911010752322315,-0.009250245035569947,-0.006849457392574526,21.818721769974644,-0.14944874226375354,-2.673146282354515,0.16074482410867777
2.9041353050930088,12.64609840072528,-0.019547687622336492,-0.003490658503988659,0.023911010752322315,-0.014311699866353503,-0.006924571819732306,21.850629734057023,-0.15130867330915984,-2.6712264201773217,0.17191493132144145
3.088855401494303,6.652637202036558,-0.019547687622336492,0.009773843811168246,0.023736477827122883,-0.014486232791552936,-0.006920350455924128,21.88601981867452,-0.15146134512931864,-2.6700046897009253,0.16004669240788003
3.187428579424062,1.6800680697107602,-0.019547687622336492,0.00767944870877505,0.023387411976724018,-0.02303834612632515,-0.007821037242916946,21.908264510721054,-0.1713488464046329,-2.6680848275237317,0.1583013631558857
2.9350700659284095,8.745109745253203,-0.01937315469713706,-0.0005235987755982988,0.023212879051524585,-0.021642082724729686,-0.006397966899028763,21.949193833815237,-0.1404321317630568,-2.6668630970473357,0.17278759594743864
3.299288836554695,11.420184260227026,-0.019198621771937627,0.019198621771937627,0.02303834612632515,-0.007330382858376184,-0.0074800384041768956,21.97100052790673,-0.1643469928631702,-2.6647687019449426,0.17296212887263807
3.123543223275352,0.9797827173731767,-0.019024088846738195,0.030019663134302467,0.02303834612632515,0.013439035240356337,-0.008102999205338766,22.011104324635784,-0.1783598644876752,-2.6635469714685467,0.15079644737231007
3.2370850220731984,5.585701209187995,-0.01884955592153876,0.0322885911618951,0.02303834612632515,0.0013962634015954637,-0.008000085279146765,22.033886207558858,-0.1762767293579337,-2.6616271092913526,0.16982053621904827
3.4491530238885244,4.570627642527201,-0.018500490071139894,0.028972465583105872,0.022863813201125717,-0.006981317007977318,-0.007616558381096702,22.074679069647054,-0.1681363331966814,-2.6604053788149566,0.16493361431346415
3.0534528736607953,-1.8655020794874735,-0.01832595714594046,0.019547687622336492,0.022863813201125717,-0.0029670597283903604,-0.008916199430876242,22.10618630060243,-0.19710838902109143,-2.6583109837125636,0.15638150097869194
3.0495391727809027,5.370809665296472,-0.01815142422074103,0.020420352248333655,0.022689280275926284,0.0013962634015954637,-0.007726822437168403,22.133766418697967,-0.1710270866513896,-2.6570892532361676,0.16912240451825053
3.4266101543337566,4.618384317444822,-0.01815142422074103,0.013264502315156905,0.022863813201125717,0.013613568165555772,-0.008858664791047754,22.165096329749304,-0.19635829494078527,-2.6551693910589735,0.16144295580947549
3.5576375592980196,4.1656716905340865,-0.017976891295541596,0.022689280275926284,0.022689280275926284,-0.012217304763960308,-0.008062215798197877,22.201649107966677,-0.17899836445863748,-2.653773127657378,0.1706932008450454
3.442600652686969,5.373778002298745,-0.01780235837034216,0.020245819323134222,0.022514747350726852,-0.013962634015954637,-0.008768330217312837,22.22912474480508,-0.19491730154547157,-2.651678732554985,0.170518667919846
3.0131429815927913,3.677480725417624,-0.017627825445142728,0.02408554367752175,0.02234021442552742,0.0041887902047863905,-0.008415757805806784,22.26998218359224,-0.18742320116576014,-2.650457002078589,0.1694714703686494
2.9920403475482296,-0.3166614629815051,-0.017453292519943295,0.014311699866353503,0.02234021442552742,-0.0054105206811824215,-0.009526770936715305,22.292802820042564,-0.21238485134749513,-2.6483626069761956,0.16406094968746698
3.2721161992761476,1.8045380884413196,-0.017453292519943295,0.022165681500327987,0.022165681500327987,-0.006457718232379019,-0.008752982153451836,22.32958801482371,-0.1954554770005344,-2.6469663435746003,0.17435839227423353
3.2354934036731873,1.3516791418637963,-0.01710422666954443,0.031241393610698498,0.02199114857512855,-0.024260076602721184,-0.009870026102350998,22.352027785953197,-0.22062226188452808,-2.6448719484722067,0.1689478715930511
3.3813226877537508,12.620615221853384,-0.01710422666954443,0.020245819323134222,0.02181661564992912,-0.02495820830351891,-0.007714754479602447,22.39486223466999,-0.17277429145291776,-2.643475685070612,0.19303341527057286
3.050156278643603,11.361175159272587,-0.016929693744344994,0.0041887902047863905,0.021467549799530253,-0.03159045946109736,-0.008620391753093367,22.422790481071964,-0.19329802623455747,-2.6412067570430193,0.19250981649497453
3.089375363889892,2.309430208430834,-0.016929693744344994,0.013962634015954637,0.02129301687433082,-0.007330382858376184,-0.009259933143128478,22.454119806751716,-0.20792959130094713,-2.6398104936414235,0.17697638615222502
3.237426506678163,0.6649865179854071,-0.016929693744344994,-0.005585053606381855,0.02111848394913139,-0.00942477796076938,-0.00999723231318408,22.482039819451302,-0.22476566304133835,-2.63771609853903,0.17627825445142728
3.4260117560670134,1.5081487464121373,-0.016929693744344994,0.020943951023931952,0.02111848394913139,-0.005759586531581287,-0.009258584718579141,22.51898402989372,-0.20849987908436726,-2.636319835137435,0.17924531417981765
3.159741130644761,6.312614548660504,-0.016929693744344994,0.00890117918517108,0.020943951023931952,-0.008028514559173916,-0.009577284007942246,22.54292038284718,-0.2159065522127439,-2.6340509071098426,0.1895427567665842
3.132087823795369,1.444989350993222,-0.016755160819145562,0.012391837689159739,0.02076941809873252,0.012042771838760876,-0.009239633112536118,22.575765964434094,-0.20859773083275002,-2.6326546437082468,0.18517943363659836
2.930830280974426,4.55847518605344,-0.016755160819145562,0.007853981633974483,0.02076941809873252,-0.007330382858376184,-0.010555809165048285,22.598797338000004,-0.2385574525552507,-2.6303857156806543,0.17837264955382048
2.971392402931366,3.609803188562897,-0.016755160819145562,0.008377580409572781,0.02076941809873252,0.014311699866353503,-0.009839206089389879,22.636578470842668,-0.2227331483766073,-2.6289894522790584,0.1806415775814131
3.07361683410316,10.688027225350373,-0.016580627893946133,0.023736477827122883,0.020594885173533087,-0.012915436464758038,-0.009189488311416577,22.66152219040658,-0.20825365543165514,-2.626720524251466,0.2028072590817411
3.293918948998299,5.486877816228128,-0.0164060949687467,0.007504915783575617,0.020420352248333655,-0.033335788713091695,-0.009645602677591094,22.69871269125755,-0.21894955413885056,-2.625149727924671,0.19198621771937624
3.356497151031433,1.3291773552931658,-0.0164060949687467,0.007853981633974483,0.020071286397934793,-0.031066860685499065,-0.010589843937975997,22.726504716365426,-0.2406791352399814,-2.6228807998970787,0.18867009214058703
2.8781805154087152,2.995838499993837,-0.0164060949687467,-0.00034906585039886593,0.019896753472735357,-0.010995574287564275,-0.010280764959945761,22.759996503760558,-0.2339984186887251,-2.6214845364954833,0.1837831702350029
3.221599077376977,-0.4084894209060041,-0.016580627893946133,-0.0,0.019722220547535925,-0.010995574287564275,-0.011232277209628936,22.787952898498816,-0.2559713688814218,-2.6192156084678904,0.17819811662862106
3.213869688171521,2.9960364666981176,-0.0164060949687467,0.02111848394913139,0.019547687622336492,0.004363323129985824,-0.01012855152301975,22.82212137640902,-0.2311629370932133,-2.617644812141095,0.187448361664191
3.1341657734812647,5.2819352648164655,-0.0164060949687467,-0.0006981317007977319,0.019547687622336492,-0.005759586531581287,-0.010707644159772451,22.855786235949708,-0.24474097955953883,-2.6153758841135026,0.19285888234537343
2.9908683711931325,-3.996740291180012,-0.0164060949687467,-0.004537856055185257,0.01937315469713706,-0.010471975511965976,-0.01059362800200198,22.88918949421834,-0.24248862992874806,-2.613805087786708,0.18360863730980345
3.152104622022591,3.8810530645246217,-0.0164060949687467,-0.0013962634015954637,0.019198621771937627,-0.013613568165555772,-0.01114100858886059,22.91364790703693,-0.25529171066722534,-2.611361626833916,0.19547687622336493
3.283745162512027,8.502291210005787,-0.016580627893946133,-0.01832595714594046,0.01937315469713706,0.002617993877991494,-0.009889073283193332,22.949005015112366,-0.22695179057615072,-2.60996536343232,0.2001892652037496
3.661715146887514,2.9878570189759026,-0.016755160819145562,0.008028514559173916,0.01937315469713706,-0.0006981317007977319,-0.011418064664722472,22.971680965876356,-0.2623035378546524,-2.6075219024795286,0.1949532774477666
3.264431368575776,10.18082094886421,-0.016929693744344994,-0.010297442586766544,0.019198621771937627,0.008377580409572781,-0.009601020511130895,23.017597545448933,-0.2209992167319622,-2.6059511061527334,0.21467549799530256
3.0438596873203845,8.487531342542823,-0.01710422666954443,-0.019547687622336492,0.019198621771937627,0.0006981317007977319,-0.01151203034770925,23.03591860164283,-0.2652019095902355,-2.6035076451999415,0.20176006153054452
2.387493445847214,-0.9581825841967302,-0.017278759594743863,-0.0307177948351002,0.019024088846738195,-0.014660765716752368,-0.01142717531036195,23.070010638810736,-0.2636365313304131,-2.6019368488731467,0.19565140914856435
2.7075720859590984,-1.4867199286479755,-0.017627825445142728,-0.019547687622336492,0.01884955592153876,-0.02111848394913139,-0.012375067868558798,23.08961156972421,-0.2857500971924125,-2.5994933879203543,0.19303341527057286
2.8268572607326736,3.6350837288635307,-0.01780235837034216,-0.011693705988362009,0.018675022996339326,-0.020420352248333655,-0.011334212668769593,23.12526329918803,-0.26211787662030983,-2.5979225915935595,0.1970476725501598
2.733359419906064,2.3913023327812937,-0.017976891295541596,0.00017453292519943296,0.01832595714594046,-0.027227136331111543,-0.012114714688586464,23.14511915784995,-0.28041023342351673,-2.595653663565967,0.19582594207376378
2.6420411566851976,-0.6497933122085127,-0.017976891295541596,0.003490658503988659,0.01815142422074103,-0.02879793265790644,-0.012223025393477999,23.179161898712895,-0.28333359486299464,-2.593908334313973,0.18517943363659836
2.703959476007364,-1.9958559226781183,-0.01815142422074103,0.0041887902047863905,0.01780235837034216,-0.020943951023931952,-0.012418675318979456,23.19616663598296,-0.2880804718420484,-2.59163940628638,0.18657569703819382
2.8914790157948107,2.6982012036354517,-0.01815142422074103,-0.0041887902047863905,0.017627825445142728,-0.023911010752322315,-0.01140162435931717,23.23272155714008,-0.2649022429742552,-2.590068609959585,0.19565140914856435
3.121539571822883,7.672225387789205,-0.01815142422074103,0.005759586531581287,0.017278759594743863,-0.031939525311496235,-0.011780126987617342,23.24961942885973,-0.2738961390524359,-2.5876251490067927,0.20210912738094336
2.954063627427796,6.578771106956771,-0.01815142422074103,0.0158824961931484,0.016929693744344994,-0.027227136331111543,-0.010776466476744084,23.28589104651535,-0.2509493387545184,-2.5860543526799984,0.20263272615654165
2.8908568779832815,3.9621144631920804,-0.01815142422074103,-0.003665191429188092,0.016755160819145562,-0.015533430342749533,-0.011577705971746583,23.307157428258044,-0.26985547328651993,-2.5837854246524055,0.19966566642815128
2.7982126647854173,11.452447936259817,-0.017976891295541596,0.00767944870877505,0.016580627893946133,-0.010821041362364843,-0.010586616737104357,23.343735232077538,-0.24714041105706333,-2.5822146283256107,0.20263272615654165
3.079168651896807,11.973909702807434,-0.01780235837034216,0.023911010752322315,0.016580627893946133,-0.0019198621771937625,-0.011205359594825203,23.369409092823375,-0.2618735927854817,-2.5797711673728188,0.21170843826691219
2.9281987207815936,6.11716504528046,-0.017627825445142728,0.004014257279586958,0.0164060949687467,-0.019024088846738195,-0.011179161727308769,23.404723675461312,-0.2616560912812982,-2.5782003710460235,0.19669860669976094
2.9849825209856484,7.397738726430143,-0.017627825445142728,0.006806784082777886,0.016231562043547264,-0.012391837689159739,-0.011581807808729246,23.422200104802055,-0.2712835500154395,-2.5757569100932316,0.21135937241651329
3.2878770635904444,4.922066009106777,-0.017627825445142728,-0.0017453292519943296,0.016057029118347832,-0.014311699866353503,-0.011789630655339535,23.46565291101629,-0.2766641993755777,-2.574186113766437,0.1980948701013564
3.3671740339916125,4.925995331533982,-0.017627825445142728,0.0020943951023931952,0.0158824961931484,-0.010471975511965976,-0.012250877942127586,23.491752358656846,-0.2878089894457779,-2.5719171857388443,0.20088739690454732
3.188628016137454,6.958280391979964,-0.01780235837034216,0.003490658503988659,0.0158824961931484,-0.005235987755982988,-0.011472070642380485,23.52881736633095,-0.2699360970151629,-2.5701718564868496,0.2092649773141201
2.6690818629565753,7.345536951265579,-0.017976891295541596,-0.03159045946109736,0.015707963267948967,-0.010995574287564275,-0.011531682014740856,23.553083859538365,-0.2716187135655782,-2.5677283955340577,0.21973695282608607
2.9226677057779384,0.10058789339387288,-0.01815142422074103,-0.02303834612632515,0.015707963267948967,-0.00034906585039886593,-0.012068645663190025,23.58230294309219,-0.2846202768002975,-2.5659830662820635,0.20420352248333656
3.0976622896126287,3.907049024805895,-0.01832595714594046,-0.015184364492350668,0.015707963267948967,0.008726646259971648,-0.012722272377280092,23.60878249498715,-0.30037356734823495,-2.563539605329271,0.205599785884932
2.6614103202456123,6.809033325326101,-0.018675022996339326,-0.02600540585471551,0.015707963267948967,0.010995574287564275,-0.011740834034306029,23.6382460216611,-0.27754547647372124,-2.561794276077277,0.2165953601724963
2.6809152328558907,10.977796787846039,-0.019024088846738195,-0.020071286397934793,0.015707963267948967,0.004014257279586958,-0.011994613470619166,23.66194374334814,-0.28382948088253296,-2.559176282199285,0.23038346126325152
2.4845586553766785,0.2453027968580153,-0.01937315469713706,-0.028448866807507574,0.015533430342749533,-0.009948376736367679,-0.012192181090100947,23.697565256952316,-0.28893932402326306,-2.557430952947291,0.21118483949131386
2.414860216953614,8.454601778976073,-0.019722220547535925,-0.024783675378319478,0.0153588974175501,0.009075712110370514,-0.01258081713110185,23.70761439460915,-0.29827689826617687,-2.5548129590692996,0.22741640153486117
2.13841221447106,3.1816010804305823,-0.019896753472735357,-0.02495820830351891,0.0153588974175501,0.027925268031909273,-0.012965845912017049,23.73775627672946,-0.3077973386355046,-2.5532421627425044,0.20786871391252465
2.3352658148706342,13.75190234833117,-0.020071286397934793,-0.00942477796076938,0.015707963267948967,0.032114058236695664,-0.012654693821347002,23.758987047039927,-0.300678757116912,-2.5506241688645135,0.22532200643246794
2.3247613559253284,7.243438388374957,-0.020245819323134222,-0.005759586531581287,0.0158824961931484,0.027925268031909273,-0.012235096735141893,23.77823903024427,-0.29094357272201266,-2.5490533725377187,0.2183406894244906
2.9322428534769616,7.10327383356956,-0.020420352248333655,0.00017453292519943296,0.016057029118347832,0.031241393610698498,-0.01344809084223854,23.799744728476462,-0.32008042500064915,-2.546435378659727,0.21031217486531673
2.5561402841852234,5.224284289834435,-0.020420352248333655,0.014835298641951801,0.016231562043547264,0.04153883619746504,-0.012915842995195482,23.83292200389495,-0.3078393967295578,-2.544864582332932,0.20769418098732523
2.3043936607767117,2.3646962342982354,-0.020245819323134222,0.015184364492350668,0.016580627893946133,0.02199114857512855,-0.013903618559114555,23.84641107552236,-0.33157276938458796,-2.5422465884549403,0.2075196480621258
2.0560435064976224,17.3039061468102,-0.020071286397934793,0.024609142453120045,0.016755160819145562,0.005759586531581287,-0.011638185213534318,23.872068734336537,-0.27784010170933987,-2.5406757921281455,0.23212879051524585
2.040407012583235,6.938680389374469,-0.019896753472735357,0.019896753472735357,0.016755160819145562,0.007155849933176752,-0.01379311758888736,23.89111029680876,-0.32955379313128164,-2.538057798250154,0.2139773662945048
2.581022853157185,14.693991440183044,-0.019722220547535925,0.03804817769347639,0.016755160819145562,-0.018500490071139894,-0.01229447575524709,23.919239963605555,-0.2940893335719918,-2.5363124689981595,0.2207841503772827
1.940783215928695,7.722251125591392,-0.019198621771937627,0.03508111796508603,0.0164060949687467,-0.023387411976724018,-0.013527230138797221,23.94163405148577,-0.32388374934673264,-2.5336944751201687,0.21851522234969006
1.7238840833427609,-1.4701858286983065,-0.019024088846738195,0.016231562043547264,0.016231562043547264,0.00820304748437335,-0.013075643492654164,23.953900248480693,-0.3132305113741434,-2.5319491458681735,0.21624629432209744
1.9854074418912844,6.796383215112276,-0.01884955592153876,0.029670597283903602,0.016231562043547264,0.006108652381980154,-0.013734546951397164,23.973231857991482,-0.3292821838107471,-2.5293311519901827,0.22043508452688385
1.8908842000286152,0.6533024946414646,-0.018500490071139894,0.04293509959906051,0.016057029118347832,-0.005759586531581287,-0.013523901174742376,23.993009476828856,-0.3244988724619444,-2.527585822738188,0.21310470166850765
1.5235511881895105,3.3297750058622335,-0.01815142422074103,0.02495820830351891,0.0158824961931484,-0.017976891295541596,-0.01354804874542847,24.00273739958943,-0.3252101539574192,-2.5247932959349972,0.22898719786165606
1.7180047844734647,-3.8094287802962072,-0.017976891295541596,0.041713369122664476,0.0158824961931484,-0.022863813201125717,-0.013518319750560554,24.02262113487314,-0.32476525706107506,-2.5228734337578036,0.22165681500327988
1.6156132509948722,6.436611423526072,-0.017627825445142728,0.017627825445142728,0.015533430342749533,-0.021467549799530253,-0.013952178275120013,24.03518800877658,-0.33536498933967496,-2.520255439879812,0.23596851486963336
1.8871707927261834,13.02464524013065,-0.017453292519943295,0.02199114857512855,0.0153588974175501,-0.003490658503988659,-0.012430228323508284,24.056540573996937,-0.29904369397166036,-2.518335577702618,0.2509783464367846
1.8127641126175462,2.7394094529184247,-0.017278759594743863,0.013613568165555772,0.015184364492350668,-0.013089969389957472,-0.01471678399061703,24.06750106497087,-0.3542217876284992,-2.515368517974228,0.23282692221604356
1.9580092663427069,1.4142425312599807,-0.01710422666954443,0.018500490071139894,0.014835298641951801,-0.033161255787892266,-0.013781533138398985,24.091613019806,-0.332040385005463,-2.513448655797034,0.2366666465704311
2.0437320589923305,5.327637406913646,-0.016755160819145562,0.027227136331111543,0.014486232791552936,-0.029845130209103034,-0.014575803978243792,24.10382512408365,-0.35135751293051,-2.5104815960686437,0.24609142453120045
2.703188710226782,6.184857258537695,-0.016580627893946133,0.02600540585471551,0.014311699866353503,-0.016929693744344994,-0.014467928991782437,24.138822279177834,-0.3492631363865599,-2.5085617338914497,0.2426007660272118
2.5855726232271974,9.984085136293924,-0.016580627893946133,0.008552113334772215,0.013962634015954637,-0.028623399732707007,-0.014757078740692485,24.157786438335354,-0.35652423730463795,-2.505769207088259,0.2515019452123829
2.3265349668600432,1.079350971719811,-0.0164060949687467,0.03420845333908886,0.013613568165555772,-0.026179938779914945,-0.014593995103360477,24.18407707529486,-0.3529673616536926,-2.503674811985866,0.24347343065320898
2.2957480938341863,9.352105923429914,-0.0158824961931484,0.0460766922526503,0.013264502315156905,-0.026354471705114377,-0.014824306765039385,24.194763494760547,-0.3586968722889204,-2.500707752257475,0.2593559268463574
2.3095660587648776,13.304135867642465,-0.015707963267948967,0.040491638646268445,0.013264502315156905,-0.0005235987755982988,-0.014161464004293266,24.228040950452613,-0.34312746785633197,-2.498787890080282,0.25987952562195565
2.197446369223396,10.952183773760993,-0.015184364492350668,0.03630284844148206,0.013089969389957472,-0.013089969389957472,-0.015726328075495854,24.243104348198273,-0.38128644599000927,-2.495646297426692,0.2581341963699614
2.025777972977611,4.358202329974829,-0.015009831567151233,0.03700098014227979,0.013089969389957472,-0.006283185307179586,-0.014830672454088575,24.268676509541407,-0.3599471825832898,-2.493726435249498,0.25987952562195565
2.218549544775624,9.573805626500548,-0.014660765716752368,0.02408554367752175,0.012915436464758038,-0.005061454830783556,-0.015825186881167082,24.28206930345654,-0.3843003660755903,-2.4905848425959087,0.26651177677953414
2.5610766073542215,6.5662577906860715,-0.014660765716752368,0.027052603405912107,0.012915436464758038,-0.007504915783575617,-0.015113891301697893,24.307713458808365,-0.36741211538298374,-2.4884904474935152,0.2722713633111154
2.1081631409695496,3.7262272020014984,-0.014311699866353503,0.014660765716752368,0.012740903539558606,-0.007853981633974483,-0.017439529539289324,24.324916761905715,-0.4242581161726219,-2.485174321914726,0.255167136641571
2.1064181307476337,13.586219345308153,-0.014311699866353503,0.02495820830351891,0.012566370614359171,0.0033161255787892262,-0.015587749048789422,24.347124898650023,-0.37954761404097104,-2.4830799268123327,0.2776818839922978
2.3327704113374,2.197376186855826,-0.013962634015954637,0.012042771838760876,0.012391837689159739,-0.02600540585471551,-0.01734393970769015,24.362810066766986,-0.4225894831213511,-2.4797638012335437,0.2712241657599188
1.9468929674779187,-4.8276225677330435,-0.013788101090755204,0.0033161255787892262,0.012042771838760876,-0.013439035240356337,-0.017727734260671122,24.38477768864755,-0.43233214986293544,-2.477494873205951,0.2605776573227534
1.9997514783081405,8.615454912586683,-0.013788101090755204,-0.003839724354387525,0.011868238913561441,-0.008377580409572781,-0.017513380838781085,24.409374282691388,-0.4275343796453509,-2.474353280552361,0.28431413514987625
1.8455169506140499,10.740820974389791,-0.013788101090755204,0.008377580409572781,0.011868238913561441,-0.015184364492350668,-0.016758506783166986,24.42784420837652,-0.4094125210829632,-2.4720843525247687,0.2907718533822553
2.167597300409342,16.652138643621313,-0.013788101090755204,0.016580627893946133,0.011693705988362009,-0.009599310885968814,-0.01755411844633575,24.44006856203739,-0.4290679312892275,-2.4685936940207798,0.30264009229581673
2.113180029369552,5.277435168516893,-0.013788101090755204,-0.01815142422074103,0.011519173063162575,-0.024609142453120045,-0.0179534641781207,24.463169303874928,-0.43924582837312,-2.4663247659931873,0.2806489437206882
1.7168163728139065,6.566688565905291,-0.013788101090755204,-0.014486232791552936,0.01117010721276371,-0.019722220547535925,-0.01843263097854123,24.48208252962582,-0.45132030782540017,-2.462834107489199,0.29391344603584507
1.218625916080976,7.251872326644114,-0.013788101090755204,-0.003141592653589793,0.010995574287564275,-0.019198621771937627,-0.018267602508630756,24.503092582618848,-0.4476625524282994,-2.4605651794616055,0.28483773392547457
1.4471095375473604,9.296883058604953,-0.013788101090755204,0.016580627893946133,0.010821041362364843,-0.010821041362364843,-0.01907707708380019,24.515662066614578,-0.4677439191561086,-2.457074520957617,0.2998475654926258
2.436138736986494,5.914694330833956,-0.013788101090755204,0.008028514559173916,0.01064650843716541,-0.030019663134302467,-0.018919691711318912,24.53725113170833,-0.46429262675849636,-2.4548055929300245,0.2897246558310587
2.45734833330229,4.992864616746911,-0.013788101090755204,0.012217304763960308,0.010122909661567111,-0.03717551306747922,-0.020307575912582396,24.551895739725946,-0.498658036882749,-2.451314934426036,0.28832839242946323
1.9685065802416946,7.978820104285921,-0.013788101090755204,-0.009599310885968814,0.009599310885968814,-0.029321531433504737,-0.01869614462079583,24.57765448054438,-0.4595609297239362,-2.449046006398443,0.29670597283903605
1.9591233889691533,6.982874761648405,-0.013788101090755204,0.00767944870877505,0.009250245035569947,-0.024434609527920616,-0.020980268489000385,24.587185448062343,-0.5159214523123329,-2.4455553478944547,0.28082347664588764
2.294861955254859,6.1947195513668625,-0.013788101090755204,0.014486232791552936,0.009075712110370514,-0.030543261909900768,-0.01995115213483179,24.61426684084681,-0.49114815108205934,-2.4432864198668622,0.28885199120506155
2.1824750248795524,9.915808593264835,-0.013613568165555772,0.013264502315156905,0.008726646259971648,-0.022689280275926284,-0.020781232750898035,24.628414121056405,-0.5118824953859106,-2.4397957613628733,0.29740410453983374
2.104906077749492,8.051708370358472,-0.013613568165555772,0.010122909661567111,0.008552113334772215,-0.03368485456349056,-0.01944981382371467,24.662714752695212,-0.47974570702832975,-2.4375268333352804,0.29914943379182807
2.257027887874015,6.075662193268381,-0.013439035240356337,0.017278759594743863,0.00820304748437335,-0.028448866807507574,-0.021172565178504382,24.67160252480829,-0.5224391807605482,-2.434036174831292,0.28832839242946323
2.3296645961421962,5.79870623348735,-0.013613568165555772,-0.005061454830783556,0.008028514559173916,0.00471238898038469,-0.02091128054556925,24.700933478322778,-0.5166034523019463,-2.4315927138784996,0.28466320100027515
2.4466215337093313,12.568714665052864,-0.013788101090755204,-0.019024088846738195,0.007853981633974483,-0.003141592653589793,-0.02118760946711008,24.714639538559712,-0.5237225019354181,-2.428102055374511,0.30054569719342356
2.872002096653987,5.769925816067109,-0.013788101090755204,0.013962634015954637,0.007853981633974483,-0.009599310885968814,-0.02045385113257053,24.750236046863208,-0.5063082519457004,-2.4258331273469187,0.3028146252210162
2.7354095369599767,4.563019889064231,-0.013788101090755204,0.0019198621771937625,0.00767944870877505,-0.017453292519943295,-0.022052134325996134,24.766254351075283,-0.5462373150272782,-2.4221679359177304,0.2944370448114434
2.211106599327328,1.005371422702566,-0.013962634015954637,-0.017453292519943295,0.007504915783575617,0.011519173063162575,-0.02181426642930907,24.796314497457253,-0.5409992273327131,-2.419724474964939,0.29059732045705583
1.8099896177746284,6.091148244588609,-0.014311699866353503,-0.033510321638291124,0.00767944870877505,0.013439035240356337,-0.022416695290401353,24.80433625019342,-0.5561244030847798,-2.4162338164609496,0.3043854215478111
1.6679288948316158,4.69796162472062,-0.014660765716752368,-0.038571776469074684,0.007853981633974483,0.0041887902047863905,-0.021360939380838516,24.826306464085512,-0.530393900980358,-2.413790355508158,0.30682888250060314
1.9303558100430152,6.805276695944534,-0.015009831567151233,-0.04066617157146788,0.007853981633974483,0.0008726646259971648,-0.022885963344084354,24.83507448584717,-0.5684738571389842,-2.4099506311537704,0.3120648702565861
2.1891612831600225,8.959164799972354,-0.0153588974175501,-0.0582939970166106,0.008028514559173916,0.013962634015954637,-0.02183925415059537,24.858021181601675,-0.5429669682562411,-2.407507170200978,0.30717794835100204
1.6351792111708503,8.767869236948943,-0.016057029118347832,-0.04782202150464463,0.008028514559173916,0.010995574287564275,-0.022891588404355005,24.873684648242495,-0.5694976315072429,-2.4038419787717897,0.317649923862968
1.8464368103179891,-1.2786757796238126,-0.0164060949687467,-0.03700098014227979,0.008377580409572781,0.03159045946109736,-0.022725580264650103,24.890272713208812,-0.5657432867901537,-2.4013985178189983,0.2965314399138366
2.0452408350468465,1.9714782447318757,-0.016929693744344994,-0.04834562028024293,0.008552113334772215,0.02111848394913139,-0.023784323162919226,24.90693524301918,-0.5925063267952068,-2.39773332638981,0.3052580861738083
1.7109584003314002,7.696510660322504,-0.017278759594743863,-0.029670597283903602,0.008552113334772215,-0.014137166941154071,-0.02266760188772303,24.9226474766817,-0.5650334294965901,-2.395115332511818,0.31171580440618724
1.1764164202148915,1.7082379892444552,-0.01780235837034216,-0.047647488579445195,0.008552113334772215,0.003490658503988659,-0.024865804323078937,24.940738552983976,-0.6202993752035462,-2.3914501410826303,0.29635690698863715
2.0167262322406487,7.344531632126676,-0.017976891295541596,-0.054279739737023644,0.008552113334772215,0.00767944870877505,-0.023016829197801,24.957179277020156,-0.5745365945265072,-2.3890066801298384,0.30647981665020424
2.149497549527665,7.248427207383581,-0.018500490071139894,-0.01815142422074103,0.008552113334772215,0.006283185307179586,-0.024389878000860146,24.9665128317438,-0.6090509747987493,-2.3853414887006505,0.3036872898470134
1.3983630484707463,8.392919264587967,-0.018675022996339326,-0.033161255787892266,0.008377580409572781,-0.015184364492350668,-0.023382565065202764,24.99183330523036,-0.5844796925640886,-2.382898027747858,0.30037116426822413
1.6094672742658738,8.320871097114303,-0.019024088846738195,-0.016755160819145562,0.00820304748437335,-0.006457718232379019,-0.02458646935461857,25.001989136457187,-0.6148345327270313,-2.3794073692438698,0.2960078411382383
1.0249228237148889,8.321513670326306,-0.019024088846738195,-0.0066322511575784525,0.008028514559173916,0.0027925268031909274,-0.023050596238167867,25.012683667435457,-0.5766594078141851,-2.3769639082910774,0.3012438288942213
0.7357335672262002,12.437768096785037,-0.019024088846738195,-0.006457718232379019,0.008028514559173916,0.003839724354387525,-0.02398826794461264,25.016488123995547,-0.6002173536594121,-2.373473249787089,0.3010692959690218
0.8950747383421375,3.9369726352584977,-0.019198621771937627,-0.0015707963267948964,0.008028514559173916,0.0020943951023931952,-0.023411771430896303,25.02828064719705,-0.5860634656855348,-2.3712043217594965,0.2857103985514718
0.7761984615346305,11.70351084965561,-0.019198621771937627,-0.004886921905584123,0.008028514559173916,-0.013264502315156905,-0.023787414499048767,25.03244829709537,-0.5955695603828539,-2.3677136632555076,0.29914943379182807
0.3936216804874236,2.4297342576146796,-0.019198621771937627,0.006283185307179586,0.007853981633974483,0.008028514559173916,-0.02350694250055162,25.037513716391878,-0.5886638265178674,-2.3654447352279147,0.28082347664588764
0.5473617421972087,7.762795620556848,-0.019198621771937627,0.014835298641951801,0.007853981633974483,0.006806784082777886,-0.02474000307882592,25.034981012739266,-0.619491902829968,-2.361954076723926,0.2780309498426967
0.6084843810800857,1.2203241765922275,-0.019198621771937627,0.0328121899374934,0.007853981633974483,0.009075712110370514,-0.023606951713882954,25.046970617767567,-0.591392488713539,-2.3596851486963333,0.2768092193663007
0.28987483215957105,5.9509608556754205,-0.01884955592153876,0.019896753472735357,0.007853981633974483,0.0005235987755982988,-0.024275774091478047,25.045231049049846,-0.6081118318204318,-2.356194490192345,0.28832839242946323
-0.02297122678839038,6.224826177122767,-0.018675022996339326,0.022863813201125717,0.007853981633974483,-0.013089969389957472,-0.023434686038895862,25.051078704245175,-0.5871716568314277,-2.3539255621647523,0.2811725424962865
-0.12334712220124179,10.504199790601309,-0.018500490071139894,0.01815142422074103,0.00767944870877505,-0.02181661564992912,-0.024216467499245255,25.042694418315868,-0.6065641707283618,-2.3506094365859633,0.28623399732707
-0.641876778283849,9.028054181071496,-0.01832595714594046,0.022689280275926284,0.007504915783575617,-0.013089969389957472,-0.02338505796970555,25.034835415552916,-0.58554781908918,-2.3483405085583704,0.27785641691749724
-0.8628945952937838,11.454532293650725,-0.01815142422074103,0.013962634015954637,0.007155849933176752,-0.020594885173533087,-0.023598283556271957,25.027139633592075,-0.5907071925545782,-2.3450243829795814,0.28989918875625814
-0.518409059549945,2.1396945149013566,-0.017976891295541596,0.03700098014227979,0.006981317007977318,-0.024260076602721184,-0.02304301071809754,25.026359281563412,-0.5767847558964575,-2.3427554549519884,0.278554548618295
-0.6159979350717264,-0.38268906084759674,-0.017453292519943295,0.05811946409141117,0.0066322511575784525,-0.022863813201125717,-0.024669041481322106,25.010639455255706,-0.6171136911751891,-2.339439329373199,0.27052603405912107
-0.8657088734929436,9.130428073870327,-0.016929693744344994,0.03612831551628262,0.006283185307179586,-0.024434609527920616,-0.023264341822311595,25.004472551303152,-0.5818175659372641,-2.3371704013456065,0.2792526803190927
-0.8774091216496958,3.9522806557437162,-0.0164060949687467,0.05235987755982989,0.005934119456780721,-0.027052603405912107,-0.024602251237336056,24.99620238160195,-0.615086954029882,-2.3338542757668175,0.2748893571891069
-1.240831815458994,3.072604710981982,-0.0158824961931484,0.05742133239061344,0.005759586531581287,-0.026179938779914945,-0.023193596200948637,24.97573224128942,-0.5793809434427312,-2.331585347739225,0.2775073510670984
-1.2594088971192263,5.405627402672911,-0.0153588974175501,0.054628805587422516,0.0054105206811824215,-0.032637657012293965,-0.02470172443015736,24.968123671802992,-0.6168811841143204,-2.3280946892352365,0.27838001569309556
-0.9910466849032058,5.190867190276115,-0.015009831567151233,0.03543018381548489,0.005235987755982988,-0.02530727415391778,-0.023283808740131376,24.9486019872271,-0.5810034750506551,-2.3258257612076436,0.2886774582798621
-1.0921824309503638,9.03937915456599,-0.014660765716752368,0.03961897402027128,0.004886921905584123,-0.028972465583105872,-0.024221683926301186,24.94140537819142,-0.6042410097508099,-2.3223351027036547,0.29635690698863715
-1.3371786529843175,9.430258418571318,-0.014311699866353503,0.031415926535897934,0.004537856055185257,-0.02757620218151041,-0.022969492045285284,24.922035958218455,-0.5725472017395572,-2.3198916417508633,0.3063052837250049
-1.3201091593962018,10.279685927546359,-0.014137166941154071,0.022514747350726852,0.0041887902047863905,-0.023387411976724018,-0.02464471015707454,24.91484453296635,-0.6141434629054243,-2.316226450321675,0.3103195410045918
-1.4065336378346847,8.100313802103903,-0.013788101090755204,0.024434609527920616,0.004014257279586958,0.0029670597283903604,-0.02395202622462408,24.895271388000758,-0.5964062501847205,-2.3137829893688826,0.3087487446777969
-1.7429326110977073,13.871324991755156,-0.013613568165555772,0.019896753472735357,0.003839724354387525,-0.008028514559173916,-0.02476608868458861,24.882066942838378,-0.6163574978854577,-2.3101177979396947,0.3282964323001334
-2.3661683855854116,-4.60080552983383,-0.013439035240356337,0.009599310885968814,0.003665191429188092,0.006108652381980154,-0.025084861423861515,24.855024508154276,-0.6236156544014552,-2.3074998040617034,0.31154127148098787
-2.5981947697107834,9.722274412535718,-0.013264502315156905,0.02234021442552742,0.003665191429188092,-0.017627825445142728,-0.026051513764738167,24.82766596016562,-0.6469446445557344,-2.3036600797073157,0.3279473664497345
-2.8060957822047468,8.21212930732086,-0.013264502315156905,0.007155849933176752,0.003490658503988659,0.004537856055185257,-0.02492658635107941,24.795920955746716,-0.6182057077159997,-2.3010420858293243,0.3295181627765294
-2.9354987011102374,5.765303614410714,-0.013089969389957472,-0.00017453292519943296,0.0033161255787892262,-0.0012217304763960308,-0.02662380850247643,24.768627339531164,-0.6595910438748853,-2.297027828549737,0.33510321638291124
-2.1021636522158085,7.6748021682902605,-0.013089969389957472,0.011519173063162575,0.003490658503988659,0.011344640137963142,-0.02605359135261967,24.736202313992223,-0.64461276545698,-2.294409834671746,0.3352777493081107
-2.1473983877189666,5.54872778347637,-0.013089969389957472,0.013613568165555772,0.003490658503988659,0.020594885173533087,-0.027364752506095262,24.723705612870162,-0.6767270113201086,-2.2902210444669593,0.3467969223712733
-3.706322688933781,7.2034767798838795,-0.013089969389957472,-0.003665191429188092,0.003665191429188092,0.03385938748868999,-0.02693090283719333,24.67808010493306,-0.664763697122849,-2.2874285176637685,0.3480186528476693
-3.948455284843803,7.86986964247903,-0.013089969389957472,-0.004014257279586958,0.004014257279586958,0.024783675378319478,-0.02848044419582259,24.64445935369299,-0.7020749856535282,-2.283239727458982,0.35168384427685745
-3.9467835749856826,8.028668525037927,-0.013264502315156905,-0.013613568165555772,0.004014257279586958,0.041189770347066175,-0.02829866897472661,24.59174218194445,-0.6960993969749812,-2.2804472006557908,0.3501130479500625
-4.475829215141735,1.0359884755782929,-0.013089969389957472,0.017453292519943295,0.004537856055185257,0.03630284844148206,-0.029832056606789056,24.558062508271714,-0.7328349196691442,-2.276258410451005,0.3485422516232676
-5.0304957579893985,7.258276421944346,-0.012915436464758038,0.03769911184307752,0.004886921905584123,0.06928957130417489,-0.029499619083590646,24.49855348540233,-0.7229077061465847,-2.2732913507226145,0.3520329101272563
-5.233337755400899,15.175483978599374,-0.012740903539558606,0.0022689280275926286,0.005585053606381855,0.05899212871740834,-0.03040447719782064,24.45341641561423,-0.743722529635404,-2.269102560517828,0.37384952577718544
-6.068275758168369,7.799463611478202,-0.012740903539558606,0.00942477796076938,0.006108652381980154,0.03577924966588375,-0.030138876079883296,24.38729900633169,-0.7352284115198552,-2.2663100337146367,0.36006142468643015
-5.502235272464261,4.574474742574233,-0.012566370614359171,0.017976891295541596,0.0066322511575784525,0.040317105721069016,-0.03262343006791064,24.3315364457311,-0.794059900529624,-2.261946710584651,0.3490658503988659
-4.827135972075224,2.977882663655595,-0.012391837689159739,0.04450589592585541,0.006981317007977318,0.05515240436302082,-0.03205781612157579,24.273297761058544,-0.7784155947229444,-2.25915418378146,0.3399901382884954
-5.160148892527909,-1.4639605822469859,-0.011868238913561441,0.04153883619746504,0.007504915783575617,0.05235987755982989,-0.03407564072751312,24.22581473423797,-0.8258298211981479,-2.2549653935766734,0.3302162944773272
-5.913238925770035,0.4392034664427072,-0.011344640137963142,0.04974188368183839,0.00767944870877505,0.030019663134302467,-0.033440797517268125,24.154108271763217,-0.8080338709587501,-2.2521728667734826,0.3255039054969425
-5.021213478345783,8.021309774713346,-0.01064650843716541,0.05951572749300664,0.008028514559173916,0.0291469985083053,-0.034407844765357576,24.11596613141037,-0.8301060323245537,-2.248158609493896,0.3405137370640937
-4.910456200912869,5.012855204551457,-0.010297442586766544,0.06318091892219473,0.008377580409572781,0.03700098014227979,-0.03513963837879908,24.07630995379154,-0.846381222823935,-2.245540615615904,0.3216641811425549
-5.101005643579406,3.7536560382649644,-0.00942477796076938,0.07853981633974483,0.008726646259971648,0.05201081170943102,-0.03582283633388952,24.010352522240073,-0.8604870408924029,-2.241700891261517,0.3218387140677544
-5.549582590276461,7.953961799779703,-0.008726646259971648,0.07661995416255106,0.009075712110370514,0.028448866807507574,-0.035266708565314366,23.946085693757873,-0.8448499125704466,-2.239082897383525,0.32009338481576005
-5.4702303704616195,8.18008913548929,-0.00767944870877505,0.08866272600131195,0.009599310885968814,0.040491638646268445,-0.03655520471345599,23.89298753799041,-0.8738023010628513,-2.2352431730291378,0.32637657012293964
-4.964511471851851,7.353946442115723,-0.007155849933176752,0.051487212933832724,0.009773843811168246,0.018675022996339326,-0.03628904295304627,23.835541497656298,-0.8653488803375607,-2.2326251791511464,0.32358404331974866
-5.5915636892232525,3.786663143694103,-0.006457718232379019,0.05393067388662478,0.010122909661567111,0.05305800926062762,-0.03787627030101981,23.789062465187467,-0.9014720888887667,-2.2287854547967587,0.3270747018237374
-5.757302124206794,8.070690885510867,-0.006108652381980154,0.0762708883121522,0.010297442586766544,0.030019663134302467,-0.03720661228730294,23.711414943963014,-0.8826287439335735,-2.2261674609187674,0.3279473664497345
-5.58375928462914,7.0583559305623,-0.005061454830783556,0.08639379797371932,0.01064650843716541,0.02530727415391778,-0.03894637211017472,23.664987020373086,-0.9221316735222156,-2.2221532036391807,0.3282964323001334
-5.703283491663866,9.03731624444459,-0.004537856055185257,0.07417649320975901,0.010821041362364843,0.031939525311496235,-0.038241047180414114,23.587987439941852,-0.9024693004662653,-2.219535209761189,0.33440508468211355
-5.642416565854478,15.534848848282882,-0.003839724354387525,0.06126105674500097,0.01117010721276371,0.024260076602721184,-0.038938454510803674,23.545838344962746,-0.9173022077085509,-2.2153464195564028,0.36198128686362396
-6.251853863470316,10.37257315426833,-0.003490658503988659,0.03543018381548489,0.011519173063162575,0.021642082724729686,-0.03846158662066606,23.461481717529953,-0.9028110294433069,-2.212728425678411,0.3609340893124273
-5.907690732602357,14.490259096816835,-0.0029670597283903604,0.05061454830783556,0.011868238913561441,0.032114058236695664,-0.04077093632640325,23.407445356593588,-0.9548726079631412,-2.208365102548425,0.36006142468643015
-4.701703763827238,6.710015214205522,-0.0027925268031909274,0.04834562028024293,0.012042771838760876,0.0460766922526503,-0.04023097974533584,23.345324808758086,-0.9397123289835012,-2.2055725757452342,0.3621558197888234
-4.9530671901367445,2.020636230344982,-0.0022689280275926286,0.04363323129985824,0.012740903539558606,0.06597344572538566,-0.04225098129053678,23.299633758965612,-0.9850185936042161,-2.2012092526152487,0.35883969421003414
-6.007024548951377,5.43932790164165,-0.0020943951023931952,0.0158824961931484,0.013264502315156905,0.06283185307179587,-0.04108820033176785,23.234093578549487,-0.9551846790504672,-2.1980676599616586,0.3729768611511882
-5.967838884086139,6.537742533412355,-0.0020943951023931952,0.011519173063162575,0.014137166941154071,0.08220500776893293,-0.042581056150881834,23.177026820639036,-0.9874991794568362,-2.1935298039064737,0.3787364476827695
-4.863900127655958,14.965465582272987,-0.0019198621771937625,0.019722220547535925,0.014660765716752368,0.07871434926494426,-0.04120007204617342,23.11237374688579,-0.9527706167489441,-2.190562744178083,0.3899065548955332
-4.622261671642864,8.630931197025461,-0.0019198621771937625,0.014660765716752368,0.015533430342749533,0.06841690667817772,-0.04368698463014158,23.073202823961473,-1.0086404199062573,-2.1860248881228976,0.3790855135331684
-4.47204444960969,5.537913556259783,-0.0017453292519943296,0.007504915783575617,0.016057029118347832,0.07435102613495843,-0.04217865186257987,23.017298627013886,-0.9714147554122595,-2.182883295469308,0.3923500158483253
-4.677606303083116,12.115836982345106,-0.0019198621771937625,-0.019722220547535925,0.01710422666954443,0.07522369076095561,-0.043519867547799185,22.96941185969872,-1.0002573302842444,-2.178170906488923,0.40578905108868163
-5.343918327992051,8.764221686892697,-0.0020943951023931952,-0.01117010721276371,0.017627825445142728,0.0619591884457987,-0.04336657028127415,22.909174159332615,-0.9941155870292384,-2.174854780910134,0.3953170755767157
-4.418193772713682,6.465522740415935,-0.0022689280275926286,0.0017453292519943296,0.01815142422074103,0.03612831551628262,-0.04502774311275954,22.867337923581367,-1.0303610633820999,-2.1701423919297493,0.39793506945470714
-3.7838574111907426,12.597637068648735,-0.0022689280275926286,-0.00471238898038469,0.018500490071139894,0.03595378259108319,-0.042828995899909225,22.815839358519654,-0.9777774166276649,-2.1670007992761593,0.4132939668722572
-3.7686012747680593,10.28790619337456,-0.002617993877991494,-0.029321531433504737,0.01884955592153876,0.02548180707911721,-0.04560329149842703,22.777494757413386,-1.0394494001292247,-2.1621138773705755,0.4082325120414737
-3.730584022263608,1.62565375550455,-0.003141592653589793,-0.04642575810304917,0.019024088846738195,0.01815142422074103,-0.044509429833303325,22.729701077119746,-1.0123546452007735,-2.158797751791786,0.40858157789187255
-4.2035255646009535,7.781414577747961,-0.004014257279586958,-0.07068583470577035,0.01937315469713706,0.041015237421866746,-0.045853930921904845,22.691759958786005,-1.0412362578377414,-2.1537362969610028,0.4223696789826277
-4.604943860292423,9.656670524057363,-0.004363323129985824,-0.044156830075456545,0.01937315469713706,0.010122909661567111,-0.04498425737739301,22.63629976921917,-1.018964547550073,-2.1504201713822138,0.41695915830144537
-4.205593274547402,12.479145982553092,-0.004886921905584123,-0.01884955592153876,0.019722220547535925,0.013264502315156905,-0.04674361825810233,22.595920745919194,-1.0569850310952822,-2.1455332494766295,0.41661009245104647
-4.486972531729282,0.9471643181735334,-0.005061454830783556,-0.015009831567151233,0.019722220547535925,0.015184364492350668,-0.04663063341042909,22.538057178212757,-1.0517262894008146,-2.1420425909726406,0.4019493267342941
-4.9310518670422585,7.627009964042107,-0.0054105206811824215,-0.025656340004316644,0.019896753472735357,0.02879793265790644,-0.047383167310949326,22.496038106107513,-1.0667319865443579,-2.137155669067057,0.41259583517145954
-4.7711036309880965,15.318796664747499,-0.005934119456780721,-0.03892084231947355,0.020245819323134222,0.02234021442552742,-0.045534700106211766,22.431897682150538,-1.022136266920184,-2.1340140764134667,0.41486476319905213
-4.6838116274154835,6.256419333161244,-0.006283185307179586,-0.011868238913561441,0.020420352248333655,0.0013962634015954637,-0.04822603478518783,22.394794408187934,-1.080850193353859,-2.129127154507883,0.39950586578150205
-4.583793942829849,11.979102297738578,-0.006457718232379019,0.006457718232379019,0.020594885173533087,0.014660765716752368,-0.04658797917470056,22.32266808087743,-1.040721045439523,-2.125985561854293,0.3953170755767157
-4.388055215544185,10.505559715498375,-0.006457718232379019,0.016231562043547264,0.02076941809873252,0.028274333882308142,-0.048538940259966704,22.281024954428677,-1.0823474866560434,-2.1214477057991075,0.3815289744859604
-4.010445276273677,1.0387635421324535,-0.006283185307179586,0.0013962634015954637,0.020943951023931952,0.020594885173533087,-0.04834068870845519,22.23082772827407,-1.0754913975358797,-2.118306113145518,0.3543018381548489
-3.726508948873372,7.543812545606354,-0.006457718232379019,-0.0066322511575784525,0.020943951023931952,0.0006981317007977319,-0.04867180124809439,22.196880301961393,-1.0812160614382142,-2.1141173229407313,0.3609340893124273
-3.797290620964765,3.690779228303526,-0.006457718232379019,0.003490658503988659,0.02111848394913139,0.012217304763960308,-0.047895172124587125,22.142131765450607,-1.0613128682509445,-2.111150263212341,0.34976398209966364
-3.5423234536684065,4.836051780321086,-0.006283185307179586,0.041887902047863905,0.02111848394913139,-0.0015707963267948964,-0.04882637573460778,22.104935901543243,-1.0801624168306316,-2.1069614730075545,0.3440043955680824
-4.911461637154798,7.159369492135491,-0.005934119456780721,0.056548667764616284,0.020943951023931952,0.012915436464758038,-0.04721533758689579,22.054340489049007,-1.042077610296391,-2.104168946204364,0.3361504139341079
-4.556093544777419,8.233837553827597,-0.005061454830783556,0.06963863715457375,0.02129301687433082,0.028099800957108706,-0.04857434482849248,22.014391816104638,-1.0701764737053896,-2.1001546889247766,0.3302162944773272
-4.476731670695544,10.459536849277232,-0.00471238898038469,0.04799655442984406,0.021467549799530253,0.02356194490192345,-0.046163703668889056,21.95467082352767,-1.0142294910343181,-2.097362162121586,0.34086280291449256
-4.621468401548216,8.10461762616099,-0.004363323129985824,0.018500490071139894,0.02181661564992912,0.034732052114687155,-0.0474960603755447,21.91564165140383,-1.0416900646579046,-2.0933479048419987,0.3389429407372988
-4.253755257204348,7.267051668519609,-0.0041887902047863905,0.02652900463031381,0.02199114857512855,0.030019663134302467,-0.04605636420437582,21.857930826094197,-1.00740922531229,-2.090555378038808,0.34016467121369487
-4.908173267896129,4.889138849014475,-0.003839724354387525,0.041189770347066175,0.02234021442552742,0.038571776469074684,-0.047152987752608434,21.81388083681236,-1.0293526580660066,-2.086366587834022,0.35273104182805404
-6.102911930705303,14.45980122541176,-0.003490658503988659,0.07347836150896127,0.022689280275926284,0.039793506945470715,-0.04513812326468886,21.73818209998824,-0.9818876828512765,-2.0835740610308306,0.3609340893124273
-5.772249562330971,3.2220426929083366,-0.0027925268031909274,0.07452555906015788,0.023387411976724018,0.05689773361501515,-0.04810468641421343,21.683208588928714,-1.0438692662049391,-2.079385270826044,0.3347541505325124
-5.046860167619264,0.04197484698803018,-0.0024434609527920616,0.047472955654245766,0.023736477827122883,0.045029494701453704,-0.046190235447148245,21.622078027635247,-0.9994397569224368,-2.0765927440228533,0.3440043955680824
-5.747508817370818,6.774415871175375,-0.0019198621771937625,0.031939525311496235,0.024260076602721184,0.0317649923862968,-0.04636904507881745,21.57813382275843,-1.0012751728522402,-2.0722294208928673,0.3707079331235956
-6.2794223616933165,6.16741160059319,-0.0019198621771937625,-0.019722220547535925,0.024434609527920616,0.024783675378319478,-0.044994281895597864,21.508862004843056,-0.9684294122561299,-2.0690878282392777,0.3810053757103622
-5.97933436016921,11.76610924968667,-0.0024434609527920616,-0.038397243543875255,0.024783675378319478,0.007330382858376184,-0.04578539985716362,21.44825466371688,-0.9827036935164346,-2.0645499721840928,0.391826417072727
-3.858980984449754,11.159101369654477,-0.002617993877991494,-0.0,0.024783675378319478,0.006457718232379019,-0.044985505511779496,21.38916496715094,-0.9628519926469793,-2.061582912455702,0.38903389026953605
-3.926873402638063,13.735740855609198,-0.0027925268031909274,-0.014137166941154071,0.024783675378319478,-0.016755160819145562,-0.046881577565497684,21.351787337962545,-1.0017394836363245,-2.0568705234753177,0.3961897402027128
-4.897156593255783,0.3490221970010557,-0.0029670597283903604,-0.04084070449666731,0.024609142453120045,-0.017278759594743863,-0.0457532875731752,21.297417806473135,-0.9751073944607997,-2.0535543978965283,0.3988077340807043
-5.493493294993221,12.495820364724052,-0.003665191429188092,-0.047647488579445195,0.024260076602721184,-0.0301941960595019,-0.04745414850094228,21.247135767106137,-1.0090222541060032,-2.0488420089161434,0.41015237421866746
-4.915157384903146,11.01226383350926,-0.004014257279586958,-0.010995574287564275,0.02408554367752175,-0.007853981633974483,-0.04546704764957183,21.184187304074914,-0.963846716610301,-2.0455258833373544,0.42463860701022044
-3.4873626095955963,6.296853644360246,-0.0041887902047863905,0.003141592653589793,0.023911010752322315,-0.0012217304763960308,-0.04765933974908615,21.147313430647444,-1.0086307834830595,-2.0404644285065707,0.4183554217030408
-3.3756897850530825,6.323941182372909,-0.0041887902047863905,-0.009075712110370514,0.023911010752322315,0.005759586531581287,-0.04662797971973479,21.10786371871307,-0.9849309468302619,-2.0371483029277813,0.4084070449666731
-3.8482484543657396,8.187546572932419,-0.00471238898038469,-0.030368728984701335,0.023911010752322315,-0.00767944870877505,-0.04815270699885856,21.07616238695695,-1.0156593909029272,-2.032086848096998,0.41905355340383854
-4.341231922134694,9.772500035008457,-0.005061454830783556,-0.03647738136668149,0.023911010752322315,0.0054105206811824215,-0.04648969397133578,21.019753182833632,-0.9779065080764985,-2.028770722518209,0.4225442119078272
-4.048027396574712,6.3755824648834265,-0.005759586531581287,-0.054105206811824215,0.02408554367752175,0.006457718232379019,-0.04886193710022624,20.975300617269344,-1.0257102399777767,-2.0237092676874253,0.4209734155810323
-3.5343409489226203,3.07918362871777,-0.005934119456780721,0.025132741228718343,0.02408554367752175,0.011868238913561441,-0.047994496938610104,20.92783535335747,-1.0051928594612614,-2.020393142108636,0.40317105721069013
-3.8733656574467825,8.34066871475693,-0.005585053606381855,0.03700098014227979,0.024260076602721184,0.017453292519943295,-0.0495200241526032,20.888143122045157,-1.0352276967137515,-2.015506220203052,0.40072759625789806
-3.5044227661828624,7.320957284201199,-0.0054105206811824215,0.0008726646259971648,0.024434609527920616,0.008377580409572781,-0.0484422250218926,20.8421861674667,-1.0104323727106321,-2.012364627549462,0.39566614142711454
-3.6359173271714873,3.6477111909826774,-0.005585053606381855,0.011693705988362009,0.024434609527920616,0.0041887902047863905,-0.04929142891646895,20.807919851196274,-1.0264835671418673,-2.0074777056438777,0.40631264986427995
-3.7651165911737214,10.802157720963008,-0.005759586531581287,-0.05585053606381855,0.024434609527920616,-0.017627825445142728,-0.04792572977027868,20.758816295297862,-0.995643826865976,-2.0041615800650887,0.4043927876870862
-3.6955451062581037,6.187627536229213,-0.006283185307179586,0.012915436464758038,0.024260076602721184,-0.0005235987755982988,-0.05050365638639329,20.732748299411707,-1.047970739068451,-1.9994491910847039,0.38344883666315416
-4.095047081577922,12.470211272308987,-0.005759586531581287,0.08063421144213803,0.024434609527920616,0.015533430342749533,-0.047898837928061586,20.675250378600808,-0.9910785263451559,-1.9964821313563135,0.3824016391119576
-3.551268954537653,7.361595841053606,-0.005061454830783556,0.06544984694978735,0.024609142453120045,0.032637657012293965,-0.05050421644300567,20.640949096260613,-1.0433421875430737,-1.9919442753011283,0.36233035271402286
-4.143416071969331,-2.866606852459051,-0.00471238898038469,0.06213372137099813,0.024783675378319478,-0.0022689280275926286,-0.049544580855304894,20.58779207791027,-1.0208489468513764,-1.9888026826475387,0.3530801076784529
-4.113876633452212,8.473153064732115,-0.004363323129985824,0.01117010721276371,0.024609142453120045,-0.010821041362364843,-0.049784587457846155,20.556381210066167,-1.024237290487737,-1.9844393595175527,0.37158059774959273
-5.15871184197044,7.153035795753514,-0.004363323129985824,0.010297442586766544,0.024609142453120045,-0.025656340004316644,-0.04839078276115541,20.49104378456624,-0.9923523558147599,-1.9814722997891623,0.3621558197888234
-5.715880632042564,-2.7159063351639094,-0.004014257279586958,0.0736528944341607,0.024260076602721184,-0.006108652381980154,-0.05056019441141218,20.444034600459368,-1.03453605386407,-1.9771089766591765,0.3480186528476693
-4.58218607299121,5.512479889911896,-0.0033161255787892262,0.10821041362364843,0.024260076602721184,0.010297442586766544,-0.04846717951068156,20.38427094149771,-0.9887424477673801,-1.9741419169307861,0.3546509040052478
-4.621434420372618,8.232413886473323,-0.0020943951023931952,0.10297442586766545,0.024434609527920616,0.0012217304763960308,-0.04912354031843996,20.348718921808437,-1.0004059444722246,-1.9699531267259998,0.3558726344816438
-4.644217307016628,11.976898865129497,-0.0015707963267948964,0.06492624817418906,0.024434609527920616,-0.016057029118347832,-0.046979956157887075,20.29012040570843,-0.9539308825126607,-1.9669860669976094,0.36826447217080355
-4.3826319433187795,12.741137836995986,-0.0010471975511965976,0.03961897402027128,0.024260076602721184,-0.0153588974175501,-0.047989338070858346,20.24590806137638,-0.9723342621408677,-1.9626227438676236,0.37158059774959273
-5.072025571013497,10.736854065645817,-0.0008726646259971648,0.030019663134302467,0.024260076602721184,-0.01117010721276371,-0.04645168738315185,20.182692738972,-0.9381950304229971,-1.9596556841392332,0.3680899392456041
-4.763428450488078,5.971804192181673,-0.0005235987755982988,0.061086523819801536,0.024434609527920616,0.025656340004316644,-0.048084735905476024,20.13350750320044,-0.9688612211197093,-1.9552923610092474,0.36407568196601714
-4.438190438989987,7.568946076494844,0.00017453292519943296,0.08028514559173917,0.024434609527920616,0.022863813201125717,-0.04629254319386515,20.080168686810275,-0.9302266630024129,-1.952325301280857,0.36320301734002
-4.562232116754162,12.453239070473424,0.0008726646259971648,0.058643062867009474,0.024783675378319478,0.035255650890285456,-0.046574960167287266,20.042620668823957,-0.9341598252134231,-1.9479619781508712,0.3762929867299774
-4.538018812808359,-1.6880513606861343,0.0010471975511965976,0.04293509959906051,0.025132741228718343,0.04066617157146788,-0.0463092572051921,19.991853880687646,-0.9264702845256644,-1.9449949184224808,0.3680899392456041
-4.98145260467577,9.014283662355002,0.0015707963267948964,0.057246799465414014,0.02548180707911721,0.020943951023931952,-0.04599316148208871,19.94744884400148,-0.9180936967154989,-1.9402825294420962,0.3951425426515162
-4.637577204954057,11.247706115466752,0.0019198621771937625,0.07347836150896127,0.025656340004316644,0.03385938748868999,-0.044484507214221106,19.886389156211877,-0.885220211245622,-1.9371409367885066,0.3998549316319009
-4.361013125402394,6.1534987633398845,0.002617993877991494,0.06544984694978735,0.02600540585471551,0.006283185307179586,-0.046342909359414874,19.847581126333115,-0.9204536896402442,-1.9322540148829224,0.40229839258469297
-4.755182810329855,16.448460677461618,0.0029670597283903604,0.03490658503988659,0.026179938779914945,0.026354471705114377,-0.04385799408197254,19.780140258167812,-0.8680739326819373,-1.9291124222293325,0.42219514605742836
-4.372509379742255,15.160796019010451,0.003141592653589793,0.013439035240356337,0.026354471705114377,0.0164060949687467,-0.04539214408303431,19.738331562930444,-0.896581060708666,-1.924050967398549,0.43074725939220054
-3.497017520749015,9.040108781420019,0.0029670597283903604,-0.03438298626428829,0.02652900463031381,0.002617993877991494,-0.04423007282320712,19.691437784310462,-0.871522120711452,-1.9207348418197596,0.43196898986859655
-3.4212974861103116,13.160324258332418,0.0024434609527920616,-0.028972465583105872,0.026703537555513242,0.0008726646259971648,-0.0457125533015605,19.659754574272718,-0.899324086609665,-1.9154988540637767,0.44244096538056255
-3.251754782063055,4.696560325271473,0.0020943951023931952,-0.0029670597283903604,0.026703537555513242,0.017627825445142728,-0.0446865499075661,19.61381330459756,-0.8770575199836721,-1.912008195559788,0.44401176170735746
-3.497237892086125,7.409978037743301,0.0019198621771937625,-0.0054105206811824215,0.027227136331111543,0.056025068989017976,-0.046316280339515535,19.58245892023087,-0.90763576934971,-1.9065976748786058,0.4495968153137393
-4.569582268040276,11.588388911964527,0.0019198621771937625,0.019722220547535925,0.027401669256310976,0.016755160819145562,-0.04496604005617008,19.524457356153405,-0.878529724238772,-1.903107016374617,0.4590215932745087
-4.133935425368047,10.006203218727629,0.0019198621771937625,0.013962634015954637,0.02775073510670984,0.019198621771937627,-0.046927141973015826,19.484080634249246,-0.9150039774636545,-1.8975219627682351,0.4642575810304917
-3.633718660577249,13.153474576868543,0.0015707963267948964,0.0005235987755982988,0.027925268031909273,0.011868238913561441,-0.04551631966485945,19.436228067331232,-0.8852770074712599,-1.893856771339047,0.4691445029360758
-3.9174592785197597,9.602962159865205,0.0013962634015954637,-0.013089969389957472,0.027925268031909273,0.012217304763960308,-0.047924819694668296,19.399637089623937,-0.9304365573717108,-1.8882717177326651,0.46338491640449453
-3.080956795643824,2.22974854028869,0.0010471975511965976,-0.02548180707911721,0.027925268031909273,-0.006457718232379019,-0.047437024657868525,19.35887090772928,-0.9190166856614866,-1.884606526303477,0.4468042885105484
-3.224288627061685,8.51489459398756,0.0006981317007977319,-0.008726646259971648,0.027925268031909273,-0.0008726646259971648,-0.04849616905327065,19.326397291489528,-0.9379916930325255,-1.8791960056222947,0.45989425790050587
-3.149932129866638,11.014094225641509,0.0006981317007977319,-0.0041887902047863905,0.02775073510670984,-0.005061454830783556,-0.047314227327589206,19.283445974085605,-0.9130627866243276,-1.875705347118306,0.4544837372193234
-2.6579064963319543,6.039119134347817,0.0006981317007977319,0.0322885911618951,0.02775073510670984,0.006283185307179586,-0.04998193964725336,19.251001207340952,-0.9630044381469396,-1.8702948264371235,0.4454080251089529
-2.9202610822255615,11.264885904417884,0.0006981317007977319,0.015533430342749533,0.027925268031909273,0.027052603405912107,-0.04778545148749815,19.212336931985178,-0.9187696222118452,-1.8666296350079354,0.4511676116405342
-3.584422520625655,12.955471796321893,0.0010471975511965976,0.04276056667386108,0.028099800957108706,0.011693705988362009,-0.04993907765147753,19.17742821459605,-0.9585000140016242,-1.8612191143267531,0.44558255803415237
-3.3399867868394053,5.431789834720467,0.0010471975511965976,0.04450589592585541,0.028099800957108706,-0.0019198621771937625,-0.048509284364782766,19.13625671266721,-0.9290149369348759,-1.857902988747964,0.42917646306540563
-3.071817956388761,12.326734207373327,0.0012217304763960308,0.012217304763960308,0.028099800957108706,0.00767944870877505,-0.05046204893032998,19.101969981795712,-0.9647435631827203,-1.852667000991981,0.42917646306540563
-2.980114737583672,6.37656659696291,0.0012217304763960308,0.026878070480712675,0.027925268031909273,-0.034732052114687155,-0.048995919106306636,19.061579052278937,-0.9346876420901078,-1.8493508754131918,0.4220206131322289
-4.100404056379029,6.269476216078129,0.0015707963267948964,0.0466002910282486,0.02757620218151041,-0.01117010721276371,-0.050083094416940505,19.034985317931447,-0.9541288526684929,-1.844289420582408,0.42673300211261356
-3.8259329354506093,9.769462863216773,0.0017453292519943296,0.05777039824101231,0.02757620218151041,0.008552113334772215,-0.04842081805107488,18.98293297545848,-0.9198881718695407,-1.8407987620784194,0.42743113381341136
-3.9650769536705286,4.520369101043863,0.0022689280275926286,0.0460766922526503,0.02757620218151041,-0.008552113334772215,-0.051134922389536305,18.94571894507016,-0.9696331411026377,-1.8359118401728352,0.4042182547618867
-3.917060204237539,7.386792018723159,0.0024434609527920616,0.05515240436302082,0.02757620218151041,-0.016755160819145562,-0.04842125567067711,18.889274248041637,-0.915357877829559,-1.8324211816688467,0.41661009245104647
-4.329230698898571,12.176459046773786,0.0027925268031909274,0.028274333882308142,0.027401669256310976,-0.01064650843716541,-0.04993946679610239,18.856995987497125,-0.9424919646781688,-1.8275342597632627,0.41695915830144537
-3.7929573921785407,2.6026133994940026,0.0029670597283903604,0.03368485456349056,0.02757620218151041,-0.0010471975511965976,-0.04867177587972734,18.7996527890511,-0.915735709581311,-1.8242181341844732,0.41259583517145954
-4.13295747852002,9.114582088667767,0.0033161255787892262,0.046774823953448036,0.02775073510670984,0.017278759594743863,-0.05049203909322382,18.758158034816415,-0.9479433625707493,-1.8191566793536897,0.4084070449666731
-4.162182099932326,6.444772581012444,0.003665191429188092,0.029845130209103034,0.02775073510670984,-0.0013962634015954637,-0.04799935543241677,18.706302893345736,-0.8985806788498176,-1.8158405537749005,0.4157374278250493
-4.95538314217067,11.172629256865797,0.003839724354387525,0.0460766922526503,0.027925268031909273,0.016929693744344994,-0.04809281884211209,18.668117182466982,-0.8984952002233982,-1.8107790989441168,0.4323180557189954
-3.991262707591657,8.237572216665207,0.0041887902047863905,0.045029494701453704,0.028099800957108706,0.01117010721276371,-0.04689548072764702,18.612177273998718,-0.8734674003410324,-1.8072884404401282,0.4230678106834255
-3.8423564791382834,12.235847582156874,0.0041887902047863905,0.009075712110370514,0.028274333882308142,0.005585053606381855,-0.048643876590518456,18.571786073882507,-0.9041168975515579,-1.8022269856093447,0.42062434973063345
-4.605833430888098,3.755924601524154,0.0041887902047863905,0.0033161255787892262,0.028274333882308142,-0.003490658503988659,-0.047223200258640775,18.51684931244683,-0.8750754616656231,-1.7989108600305557,0.41538836197465046
-4.512386478206723,14.489424410588974,0.0041887902047863905,0.007330382858376184,0.028274333882308142,-0.01064650843716541,-0.04670917919339324,18.47814005325638,-0.8637269910023639,-1.793849405199772,0.4429645641561608
-3.541481171804985,7.841863284406119,0.004014257279586958,-0.009250245035569947,0.028274333882308142,0.004363323129985824,-0.04575621217582079,18.426234072078206,-0.8437035592974567,-1.7905332796209827,0.4293509959906051
-2.9573255897329345,9.17947127014347,0.003839724354387525,0.005235987755982988,0.028274333882308142,-0.009599310885968814,-0.04694242981104287,18.394918495089417,-0.8641369986456862,-1.7852972918649999,0.43493604959698695
-3.142720154909835,15.391672663842584,0.003839724354387525,-0.0008726646259971648,0.028274333882308142,-0.0008726646259971648,-0.04461707303755827,18.35911615839284,-0.8196740024975645,-1.7819811662862106,0.4370304446993801
-2.827406743645759,7.654525993867932,0.003665191429188092,-0.009773843811168246,0.028274333882308142,-0.0153588974175501,-0.04682819609564321,18.332510762473426,-0.8591064731875193,-1.7767451785302275,0.42970006184100396
-3.771196113669226,6.098912684809458,0.0033161255787892262,-0.03647738136668149,0.028099800957108706,-0.033161255787892266,-0.044774261448464255,18.287658632778133,-0.8193640178641853,-1.773254520026239,0.4300491276914028
-3.890510290168436,10.931393314247147,0.0029670597283903604,-0.030019663134302467,0.02775073510670984,-0.026878070480712675,-0.045900029350105426,18.257741651226016,-0.8386198987428362,-1.7680185322702557,0.43598324714818354
-3.4095443797472065,6.721156299773463,0.002617993877991494,-0.04206243497306335,0.02757620218151041,-0.016580627893946133,-0.04379869220263315,18.213917764072285,-0.7982562816876504,-1.7645278737662673,0.4310963252425994
-3.36126217768161,1.215333591752946,0.0020943951023931952,-0.019198621771937627,0.027401669256310976,-0.012042771838760876,-0.045913943873349274,18.17892026796928,-0.835252936886843,-1.7594664189354836,0.4220206131322289
-3.9918801505129005,17.081966455708393,0.0017453292519943296,-0.04223696789826278,0.027401669256310976,-0.022689280275926284,-0.042157113588274835,18.13046743204282,-0.764781290732367,-1.755975760431495,0.44348816293175913
-3.840425820232742,10.326475611965002,0.0010471975511965976,-0.04799655442984406,0.027052603405912107,-0.012042771838760876,-0.04375376920339563,18.10397371734992,-0.7926229493534805,-1.750739772675512,0.4419173666049642
-3.4310166614068796,2.950848130200143,0.0008726646259971648,-0.02495820830351891,0.027227136331111543,0.022514747350726852,-0.04275663554145987,18.055824651108278,-0.7724771008788821,-1.7472491141715234,0.4288273972150068
-2.8779545524407757,5.021337481905076,0.00034906585039886593,-0.020245819323134222,0.027401669256310976,0.016057029118347832,-0.04432709987284337,18.029836313287756,-0.7997342206428818,-1.7420131264155403,0.42586033748661645
-3.18,7.703012712260138,-0.0,-0.03246312408709453,0.02775073510670984,0.03490658503988659,-0.04208708108648367,17.988905504027787,-0.7575478645991334,-1.7385224679115516,0.42271874483302657
-3.5258389831863552,6.77768747531833,-0.0006981317007977319,-0.044331363000655974,0.028099800957108706,0.03804817769347639,-0.04291192229148156,17.96213823467034,-0.7712633481882986,-1.7334610130807682,0.4272566008882119
-3.512291756050051,2.2875676349738385,-0.0012217304763960308,-0.03577924966588375,0.028448866807507574,0.034732052114687155,-0.04128383417300205,17.913950818959517,-0.7399770172686392,-1.7299703545767795,0.4202752838802346
-4.11985664650017,7.4704851979585625,-0.0017453292519943296,-0.031939525311496235,0.02879793265790644,0.04066617157146788,-0.042734356779330275,17.87954821000518,-0.7645364541906718,-1.7249088997459958,0.41922808632903796
-3.3038823865875955,10.14113801967486,-0.0020943951023931952,-0.009599310885968814,0.0291469985083053,0.03752457891787808,-0.04022770599055649,17.84062580713896,-0.7180748373746593,-1.7215927741672066,0.4214970143566306
-2.630991996408437,8.560848392141635,-0.0022689280275926286,-0.0019198621771937625,0.02949606435870417,0.013962634015954637,-0.042092311465994826,17.818176815476047,-0.7504515079586895,-1.7165313193364233,0.4141666314982544
-2.761564971296081,4.774417115358771,-0.002617993877991494,-0.032114058236695664,0.029670597283903602,-0.005934119456780721,-0.04019954337025525,17.77181955458643,-0.7148041143741067,-1.7132151937576339,0.40753438034067596
-3.2345144650975235,-3.6194558804434545,-0.003141592653589793,-0.04328416544945937,0.02949606435870417,-0.014137166941154071,-0.04290111705690065,17.743087936773644,-0.761665633222201,-1.7085028047772493,0.38798669271833947
-2.9705371484757817,14.479748192459724,-0.003490658503988659,-0.028972465583105872,0.029321531433504737,-0.02530727415391778,-0.03799255526566919,17.71047490629779,-0.6731901297297226,-1.70518667919846,0.41922808632903796
-3.36604086443143,12.277801095527925,-0.003839724354387525,-0.007330382858376184,0.028972465583105872,-0.019547687622336492,-0.0402894818138398,17.680654588357115,-0.7127300977922117,-1.700299757292876,0.4028219913602913
-4.1147702054013795,8.34751473176574,-0.003839724354387525,0.02199114857512855,0.028972465583105872,-0.0041887902047863905,-0.038692801790633426,17.637071834775586,-0.6827684904087574,-1.6971581646392861,0.3895574890451344
-3.722873143940495,7.573447010244537,-0.003665191429188092,0.02495820830351891,0.02879793265790644,-0.02652900463031381,-0.039498213931854646,17.605384255556867,-0.6957430829746258,-1.692620308584101,0.38048177693476387
-3.556256524755096,3.0781526561834722,-0.003665191429188092,-0.0013962634015954637,0.028623399732707007,-0.018675022996339326,-0.03785915996931376,17.562849864242754,-0.6652326024110571,-1.689478715930511,0.3726277953007894
-2.9713031428485923,10.721663500216243,-0.004014257279586958,-0.022165681500327987,0.028448866807507574,0.0019198621771937625,-0.03768085591927089,17.529614815663972,-0.6608436854186349,-1.6847663269501263,0.3913028182971287
-2.9678895989474334,7.351490506569069,-0.0041887902047863905,0.021642082724729686,0.028448866807507574,0.0017453292519943296,-0.03612980732403353,17.4988072048716,-0.6325037723349518,-1.6819738001469355,0.37315139407638764
-3.577194498039288,8.421947986569387,-0.003839724354387525,0.05585053606381855,0.028448866807507574,0.0010471975511965976,-0.03808948354832331,17.460375362668994,-0.6653784902309927,-1.6774359440917501,0.36163222101322506
-3.7765175822475405,1.6630941450882122,-0.003490658503988659,0.05166174585903215,0.028448866807507574,-0.0012217304763960308,-0.03602077889101766,17.419293485677226,-0.6277280342171329,-1.6746434172885591,0.3490658503988659
-2.969650262241207,17.788190491913586,-0.003141592653589793,0.039968039870670144,0.028448866807507574,-0.003665191429188092,-0.034852235384585796,17.386589899777537,-0.6062069924293209,-1.6702800941585734,0.37384952577718544
-3.7105422378201873,10.38742565489064,-0.0027925268031909274,0.04852015320544237,0.028274333882308142,-0.011868238913561441,-0.03387988408281566,17.34817385188112,-0.5879791062962013,-1.6674875673553826,0.35552356863124496
-3.426549178335655,8.568502595463155,-0.0024434609527920616,0.0466002910282486,0.027925268031909273,-0.02408554367752175,-0.0348595865843317,17.310104886592544,-0.6036676436741534,-1.663298777150596,0.3501130479500625
-3.36130478820448,18.03869672358313,-0.0022689280275926286,0.06056292504420324,0.02775073510670984,-0.045553093477052,-0.031557497362316306,17.26855133600847,-0.5451332368896192,-1.660506250347405,0.3642502148912166
-3.1463906210018426,4.067438403380372,-0.0015707963267948964,0.0619591884457987,0.027227136331111543,-0.04258603374866164,-0.034910570199909466,17.244286033773232,-0.6022525426868724,-1.6561429272174193,0.34016467121369487
-3.6323006592171083,9.377708187532384,-0.0010471975511965976,0.05044001538263613,0.026878070480712675,-0.056548667764616284,-0.03163374667106141,17.193546361232464,-0.5440777871896831,-1.6533504004142285,0.3511602455012591
-3.8235367789431653,7.00482910305527,-0.0006981317007977319,0.02757620218151041,0.026179938779914945,-0.056548667764616284,-0.03306323640457763,17.167244436855217,-0.5678115826128433,-1.649161610209442,0.34976398209966364
-3.676906480687058,6.083621704661491,-0.0005235987755982988,0.02111848394913139,0.025656340004316644,-0.05497787143782138,-0.029731943742338424,17.117380099230566,-0.5090829988028516,-1.646369083406251,0.3642502148912166
-3.091884474863441,8.11122579544911,-0.00017453292519943296,0.029670597283903602,0.025132741228718343,-0.0307177948351002,-0.03131048765935758,17.091428345631154,-0.5353158994446616,-1.6420057602762652,0.3635520831904189
-2.85,8.713510227374384,-0.0,0.01937315469713706,0.02495820830351891,-0.0017453292519943296,-0.028626636008994906,17.05298976893028,-0.4883031238474612,-1.6390387005478748,0.37507125625358145
-4.279168956382041,14.126342082285927,0.00017453292519943296,0.0301941960595019,0.024783675378319478,-0.0020943951023931952,-0.0292422740473359,17.01617995307193,-0.49773367796153056,-1.6345008444926896,0.37611845380477804
-4.648759067609484,5.965637686061345,0.00017453292519943296,0.02775073510670984,0.024783675378319478,0.0054105206811824215,-0.028375059414171695,16.960471439148886,-0.481383586081572,-1.6315337847642992,0.36617007706841037
-3.339314051471929,0.36271667203465263,0.00017453292519943296,0.01117010721276371,0.024783675378319478,-0.0019198621771937625,-0.029490565129033978,16.93477025509163,-0.49956077512533625,-1.626995928709114,0.3675663404700058
-3.367717196022616,6.677925807506073,0.00017453292519943296,0.005061454830783556,0.024783675378319478,0.016755160819145562,-0.026762699399275794,16.887947663986584,-0.4520750036695266,-1.6240288689807236,0.3869394951671429
-3.8886307094335826,9.337119730306885,0.00017453292519943296,0.0022689280275926286,0.02495820830351891,-0.0008726646259971648,-0.027478388942314694,16.852270035061995,-0.46318981544074533,-1.619316480000339,0.3989822670059037
-4.460520753231458,3.316572928651154,-0.00017453292519943296,-0.022689280275926284,0.02495820830351891,0.01064650843716541,-0.026649226999949413,16.807655085629037,-0.4480170785191751,-1.6161748873467494,0.3907792195215304
-3.9550989667642154,4.24997876105858,-0.0005235987755982988,-0.02600540585471551,0.024783675378319478,-0.03385938748868999,-0.02754411143781878,16.762521416534423,-0.461825556091404,-1.6112879654411651,0.39933133285630257
-3.0370048661044913,12.057482512699485,-0.0008726646259971648,-0.025656340004316644,0.024434609527920616,-0.04799655442984406,-0.025441334712748166,16.72770330179731,-0.42566694191588705,-1.6081463727875753,0.4077089132658754
-2.3496704465652485,6.855135151110017,-0.0013962634015954637,-0.04241150082346221,0.023911010752322315,-0.03682644721708035,-0.027416832801094134,16.70391805605533,-0.45808331198833196,-1.603259450881991,0.411199571769864
-3.2200702160601318,6.664935324017528,-0.0017453292519943296,-0.03822271061867582,0.023736477827122883,-0.02303834612632515,-0.0260516743790694,16.67002822919854,-0.4343804216084161,-1.5999433253032018,0.4094542425178697
-3.42708268068831,4.3081786424370305,-0.0022689280275926286,-0.0291469985083053,0.023387411976724018,-0.032114058236695664,-0.027438172385102648,16.636291204727943,-0.45658401193593456,-1.5950564033976178,0.4080579791162742
-3.2716515685017455,7.7315345287722925,-0.002617993877991494,-0.0153588974175501,0.02303834612632515,-0.03490658503988659,-0.025435871934134945,16.602744465270202,-0.4223963804107397,-1.5917402778188285,0.40962877544306914
-2.356541622890146,10.253226686608812,-0.0029670597283903604,-0.03787364476827695,0.022689280275926284,-0.023212879051524585,-0.025559828573757923,16.57934456641392,-0.4238575117240055,-1.5868533559132445,0.4157374278250493
-2.3829280804445303,4.478766491280342,-0.003490658503988659,-0.0291469985083053,0.022514747350726852,-0.0017453292519943296,-0.025329472010027977,16.547141792139143,-0.4192200233998781,-1.5835372303344553,0.39688787190351055
-2.737735611853464,7.564175420525663,-0.003839724354387525,-0.01710422666954443,0.02234021442552742,-0.015707963267948967,-0.02482135316836251,16.524185739480497,-0.4102369024466733,-1.5786503084288712,0.4185299546282402
-2.90873362532258,0.7446420789324824,-0.004014257279586958,-0.016929693744344994,0.02234021442552742,0.009948376736367679,-0.023955870728838338,16.492432262394082,-0.39516617132139165,-1.575334182850082,0.4021238596594935
-2.9983627204226244,6.660248874469344,-0.004363323129985824,-0.013613568165555772,0.022689280275926284,0.03368485456349056,-0.024630130137612786,16.470357085454808,-0.40574909006992466,-1.5704472609444977,0.4092797095926703
-3.317382177829888,6.403411813464189,-0.004363323129985824,0.009948376736367679,0.022863813201125717,0.039968039870670144,-0.022355845008341337,16.429185007488297,-0.36734951412604205,-1.567305668290908,0.4052654523130833
-3.3069258448048626,6.115521272737563,-0.0041887902047863905,0.02181661564992912,0.023387411976724018,0.044156830075456545,-0.024229380960561212,16.397605151162228,-0.3973815877546464,-1.5624187463853236,0.4036946559862884
-2.5220892659987455,6.4903837166833345,-0.0041887902047863905,0.0054105206811824215,0.023911010752322315,0.06946410422937431,-0.021466735986102034,16.367494552373568,-0.3514106650773552,-1.5591026208065346,0.4080579791162742
-2.421453634358812,4.967352789902257,-0.004014257279586958,0.029321531433504737,0.024783675378319478,0.06056292504420324,-0.022696218052972172,16.346484765984705,-0.3710670993227006,-1.5542156989009503,0.41259583517145954
-2.5894724577342005,10.233565415792496,-0.004014257279586958,0.04485496177625427,0.02530727415391778,0.06806784082777885,-0.01989637544101069,16.31707982019572,-0.32469359235909,-1.5508995733221613,0.4171336912266448
-2.582435171866329,16.227316054643627,-0.003665191429188092,0.041189770347066175,0.025830872929516076,0.04520402762665313,-0.021274600067814696,16.286717758235582,-0.34654569148917663,-1.5458381184913779,0.42603487041181587
-2.722302651163056,0.8441366447389411,-0.0033161255787892262,0.039269908169872414,0.026354471705114377,0.0322885911618951,-0.020894040227443456,16.257168857633015,-0.33972737876661363,-1.5425219929125884,0.40229839258469297
-2.691551229035814,5.250373595308801,-0.0029670597283903604,0.0307177948351002,0.02652900463031381,0.015184364492350668,-0.020838617109988116,16.228022327808695,-0.33821850205742643,-1.5376350710070046,0.42062434973063345
-2.4538120685863904,6.205973238420852,-0.0027925268031909274,0.05759586531581288,0.02652900463031381,0.0017453292519943296,-0.018752341453449832,16.199962742617203,-0.30382284685040134,-1.5341444125030157,0.42586033748661645
-2.813938865549764,4.620307081248786,-0.0024434609527920616,0.04363323129985824,0.02652900463031381,-0.0008726646259971648,-0.020689592528519478,16.170333039522397,-0.33460534663738534,-1.529082957672232,0.4223696789826277
-3.4362649346174186,4.411069343254441,-0.0020943951023931952,0.04136430327226561,0.026354471705114377,-0.025132741228718343,-0.019171240554575947,16.132696979043022,-0.30932171117724583,-1.5255922991682433,0.4220206131322289
-3.2038339756251815,11.233720982786213,-0.0015707963267948964,0.0471238898038469,0.02600540585471551,-0.03700098014227979,-0.019219396506504602,16.104924371534157,-0.30956504439128185,-1.5205308443374599,0.44104470197896706
-3.6036432108518945,4.847045871260654,-0.0012217304763960308,0.05497787143782138,0.02548180707911721,-0.06597344572538566,-0.01890090717861921,16.0669880215215,-0.30371681712927723,-1.5170401858334712,0.4248131399354198
-3.3364049045536595,6.566238064146199,-0.0006981317007977319,0.059341194567807204,0.024609142453120045,-0.06702064327658225,-0.019237761723813394,16.029871120957072,-0.30841688951448204,-1.511629665152289,0.44279003123096145
-2.924288363440669,15.018487523443723,-0.00034906585039886593,0.04066617157146788,0.02408554367752175,-0.06998770300497262,-0.01638245563135919,15.99501550941197,-0.26206107673313894,-1.5081390066483,0.45710173109731495
-2.8935675382638455,11.755208179839878,-0.00017453292519943296,0.010821041362364843,0.023387411976724018,-0.05672320068981571,-0.017984415918242416,15.977479259336576,-0.28737661594887365,-1.502728485967118,0.46041785667610413
-2.98,6.944932818527481,-0.0,0.026878070480712675,0.022863813201125717,-0.05497787143782138,-0.01651284595758455,15.942129308130054,-0.2632738552549492,-1.4990632945379296,0.45413467136892455
-2.8249353169242055,14.129412985151554,0.00034906585039886593,0.034732052114687155,0.02234021442552742,-0.041015237421866746,-0.0174286433374424,15.915919564835097,-0.2774209756291531,-1.493652773856747,0.4665265090580843
-2.575464088005369,4.549112928276036,0.0005235987755982988,0.0322885911618951,0.022165681500327987,-0.0054105206811824215,-0.016718638807271903,15.880512087991677,-0.26552528538071535,-1.4898130495023596,0.4584979944989104
-2.5794535907024985,16.051696091313346,0.0006981317007977319,0.032114058236695664,0.02199114857512855,-0.0005235987755982988,-0.015889870663412884,15.857520668320713,-0.2519951614029211,-1.4842279958959779,0.4904375198104066
-2.282538138394549,7.9052249639191805,0.0010471975511965976,0.031939525311496235,0.02199114857512855,0.00767944870877505,-0.01581596786742977,15.831946547192475,-0.2504184385108534,-1.4803882715415904,0.47542768824325543
-2.5702300453655798,9.567143866137345,0.0010471975511965976,0.018500490071139894,0.02199114857512855,0.006457718232379019,-0.017018736407172337,15.8070911738615,-0.2690426934947392,-1.474628685010009,0.4876449930072157
-2.664543388115364,9.983865920679483,0.0008726646259971648,0.0054105206811824215,0.022165681500327987,0.014835298641951801,-0.014917428832113581,15.765188486710066,-0.2351935233809047,-1.4707889606556215,0.49741883681838395
-2.2903452591650697,13.016107106665709,0.0008726646259971648,0.010122909661567111,0.02234021442552742,0.013264502315156905,-0.016490711335837176,15.750993055979949,-0.25976862763434744,-1.4646803082736415,0.508763476956347
-2.1159742743676415,13.916981409305874,0.0010471975511965976,0.024609142453120045,0.022514747350726852,0.030543261909900768,-0.015034268962595848,15.718911153682416,-0.2363401449466389,-1.460840583919254,0.5105088062083414
-2.4161092892922342,5.738245639101927,0.0010471975511965976,-0.0013962634015954637,0.022863813201125717,0.0158824961931484,-0.017853042372821953,15.70306751211645,-0.2803773186358633,-1.4547319315372738,0.503876555050763
-1.9380115099051767,1.496319977451355,0.0008726646259971648,-0.02408554367752175,0.022863813201125717,-0.02495820830351891,-0.016077598998274142,15.672843542024852,-0.2520034073910671,-1.4505431413324872,0.5136503988619312
-2.1261688966911496,14.65477164969381,0.00034906585039886593,-0.02600540585471551,0.022689280275926284,-0.023911010752322315,-0.01714822752646991,15.661277952350662,-0.2685894854925559,-1.4442599560253078,0.5298819609054785
-1.8585250777723052,14.593449761668513,0.00017453292519943296,-0.01710422666954443,0.022514747350726852,-0.02076941809873252,-0.014700018163341655,15.633413764317744,-0.22982802108226483,-1.4400711658205214,0.5405284693426439
-1.6214409171975135,10.01807777120445,-0.00017453292519943296,-0.01117010721276371,0.02234021442552742,-0.0153588974175501,-0.017655674611841084,15.618710717682367,-0.27578753130813344,-1.4337879805133418,0.5318018230826722
-2.2060982954807398,8.84496268874506,-0.00034906585039886593,-0.022689280275926284,0.022165681500327987,-0.03246312408709453,-0.015346264382548708,15.591866356148396,-0.23929568894994996,-1.429424657383356,0.5366887449882564
-2.0091523578790658,4.007237443737671,-0.0006981317007977319,-0.028099800957108706,0.021642082724729686,-0.05585053606381855,-0.018838361039029562,15.566305293960953,-0.2932783732446372,-1.4231414720761764,0.5215043804959056
-2.45980625038051,5.381965559229716,-0.0008726646259971648,-0.025132741228718343,0.02129301687433082,-0.05009094953223726,-0.015852940022740823,15.542004766664743,-0.24640711173746888,-1.4187781489461906,0.5298819609054785
-2.1554079523137504,7.969790286365346,-0.0012217304763960308,0.004363323129985824,0.02076941809873252,-0.039095375244672985,-0.01758086653686119,15.521492725320389,-0.2729094102077548,-1.4123204307138115,0.5365142120630569
-2.314250418057455,1.8587493135359507,-0.0012217304763960308,0.013613568165555772,0.020594885173533087,-0.019722220547535925,-0.01629559524856483,15.493672878782869,-0.2525009727854928,-1.4081316405090252,0.524471440224296
-2.4864181136041372,8.703737268233029,-0.0013962634015954637,-0.010122909661567111,0.020245819323134222,-0.023911010752322315,-0.016794946032943552,15.467452708181085,-0.2597994611900866,-1.4014993893514465,0.5520476424058064
-2.1238669211269556,13.507774882341321,-0.0015707963267948964,-0.020245819323134222,0.020071286397934793,-0.02076941809873252,-0.013726412296431805,15.445805978069004,-0.21202881770003976,-1.3971360662214607,0.5602506898901798
-2.654900430612446,6.3126582090361065,-0.0020943951023931952,-0.03385938748868999,0.020071286397934793,0.012217304763960308,-0.01731396874549593,15.421861043822336,-0.26704030451354055,-1.3906783479890819,0.5433209961458347
-2.3555264193044203,13.484124599664293,-0.0024434609527920616,-0.020071286397934793,0.020245819323134222,0.034557519189487726,-0.01235358625074741,15.397026531394065,-0.19021817182679313,-1.3861404919338967,0.5712462641777442
-2.7944631081646474,14.856902989645427,-0.0027925268031909274,-0.0322885911618951,0.02076941809873252,0.058643062867009474,-0.014982108064668131,15.377417737455946,-0.23040337361006816,-1.3793337078511188,0.5698500007761486
-2.134340108947629,13.069306534231908,-0.003141592653589793,-0.026703537555513242,0.02111848394913139,0.05061454830783556,-0.012533480740041706,15.346672122500486,-0.19235729192627965,-1.3747958517959333,0.5789257128865192
-2.355645862342386,9.461532501625372,-0.003665191429188092,-0.039793506945470715,0.02181661564992912,0.054628805587422516,-0.014546176363218295,15.319996776248468,-0.2228630938396083,-1.3678145347879562,0.5806710421385135
-2.46954858090814,18.915385121959588,-0.0041887902047863905,-0.0614355896702004,0.022165681500327987,0.04380776422505767,-0.011278512827154655,15.282988385618301,-0.17237668965684405,-1.3632766787327708,0.5986479334340551
-2.3390489719289205,10.578589281649544,-0.004886921905584123,-0.05201081170943102,0.022689280275926284,0.04345869837465881,-0.01466356902517938,15.26277168958262,-0.22382274855731818,-1.3562953617247937,0.5911430176504794
-2.2704886693698456,7.220560462573309,-0.005585053606381855,-0.06998770300497262,0.023212879051524585,0.040491638646268445,-0.011823376366425569,15.23686449717056,-0.18015957864218649,-1.3514084398192094,0.599869663910451
-2.093258714524796,4.724038767706381,-0.006457718232379019,-0.0614355896702004,0.02356194490192345,0.03700098014227979,-0.016137513024263615,15.224710840633934,-0.24571029908856626,-1.3442525898860325,0.5876523591464908
-1.6838877458069181,7.32749025429085,-0.007155849933176752,-0.06806784082777885,0.023736477827122883,0.006283185307179586,-0.012443633103754789,15.202351444472642,-0.18918224836914763,-1.3395402009056478,0.6080727113948244
-1.640771175807592,8.658649750646275,-0.008028514559173916,-0.07731808586334879,0.02356194490192345,-0.01710422666954443,-0.015488116369349627,15.185740476059252,-0.23521732406307488,-1.3322098180472717,0.6101671064972176
-1.4574485967844124,10.188442372421168,-0.008726646259971648,-0.0736528944341607,0.023387411976724018,-0.02303834612632515,-0.013212686471013455,15.159963365503364,-0.2003154996944934,-1.3273228961416876,0.6173229564303944
-1.3016349286897664,12.204528433688354,-0.009948376736367679,-0.08168140899333462,0.022863813201125717,-0.05288347633542819,-0.01621227855195608,15.153719246618232,-0.24569784414285795,-1.3201670462085109,0.6105161723476166
-1.2475454590127197,4.691409507701123,-0.01064650843716541,-0.07295476273336297,0.02234021442552742,-0.07714355293814937,-0.014702382741719382,15.136308540706876,-0.222555837587596,-1.3152801243029268,0.603011256564041
-1.9342708804228692,9.858506428915792,-0.011693705988362009,-0.08569566627292158,0.02129301687433082,-0.06824237375297829,-0.017531356052185174,15.12119403601968,-0.2651221987680399,-1.30812427436975,0.5988224663592545
-1.696923104993322,2.4797357922779404,-0.012391837689159739,-0.06492624817418906,0.020594885173533087,-0.06771877497737998,-0.015831087953054036,15.095064573500094,-0.23899126085017633,-1.3032373524641658,0.5873032932960919
-1.6896817327414964,6.38800769450902,-0.013264502315156905,-0.04310963252425994,0.019547687622336492,-0.08237954069413235,-0.018464131487773882,15.080150889192755,-0.27847353571077854,-1.2962560354561885,0.5787511799613198
-1.8807809565681022,11.897348056069042,-0.013613568165555772,-0.035255650890285456,0.019024088846738195,-0.057944931166211744,-0.014456068733600802,15.054199118206082,-0.21763969802402158,-1.2915436464758039,0.5857324969692971
-2.0077854282053913,6.311514168289291,-0.014137166941154071,-0.025830872929516076,0.018500490071139894,-0.03508111796508603,-0.017706274978977095,15.0376370708446,-0.26628836580687604,-1.2845623294678268,0.5672320068981571
-1.4529316532199676,5.808845254378325,-0.014311699866353503,-0.010297442586766544,0.017976891295541596,-0.015707963267948967,-0.01558785129908602,15.023791829679954,-0.234207602637701,-1.2801990063378408,0.5487315168270173
-1.0995179563649562,8.968969186102498,-0.014486232791552936,0.013439035240356337,0.017627825445142728,-0.019722220547535925,-0.01636625531967446,15.00694240206505,-0.24562938227463826,-1.2735667551802623,0.5523967082562053
-0.9300503993145746,10.575243815325742,-0.014311699866353503,0.0317649923862968,0.017627825445142728,0.012217304763960308,-0.014223377020990496,14.994276299727325,-0.21328362790452898,-1.2692034320502765,0.5443681936970314
-1.2733061344433116,8.92408875903602,-0.013962634015954637,0.050265482457436686,0.017627825445142728,0.02303834612632515,-0.01644802368710094,14.981884465023276,-0.24644461512759672,-1.262571180892698,0.5370378108386552
-1.7545826440788135,3.906857751256389,-0.013788101090755204,0.062482787221396996,0.01780235837034216,0.046949356878647465,-0.013914403643995245,14.960815214129887,-0.20818425746771207,-1.2583823906879117,0.5232497097479
-2.0644510758924577,8.30726984072132,-0.013089969389957472,0.0651007810993885,0.018500490071139894,0.06754424205218056,-0.014469396452312266,14.946422715708229,-0.21628080979243125,-1.2519246724555326,0.5342452840354642
-1.9414643605454853,14.395368171959921,-0.012566370614359171,0.06841690667817772,0.01884955592153876,0.06056292504420324,-0.011058671885935496,14.920506570504875,-0.16500771308673495,-1.247735882250746,0.5345943498858631
-1.678806788191222,13.845776827204112,-0.011693705988362009,0.09145525280450287,0.01937315469713706,0.03438298626428829,-0.012222640824627807,14.903701207023072,-0.182171658621785,-1.2412781640183672,0.5407030022678433
-1.6154386188737513,6.2273986968025925,-0.01117010721276371,0.08970992355250854,0.019722220547535925,0.052185344634630454,-0.011106140745448035,14.887948759103395,-0.1653544530089477,-1.2370893738135806,0.5262167694762904
-1.611064227575624,13.191971148672343,-0.010297442586766544,0.08901179185171082,0.020245819323134222,0.04014257279586959,-0.011393790421888097,14.866127926351998,-0.16938887597562086,-1.2306316555812018,0.5433209961458347
-1.2151026291335019,6.420241126669699,-0.009599310885968814,0.0921533845053006,0.020594885173533087,0.022689280275926284,-0.00961613502138028,14.854539361762491,-0.1428476592537885,-1.2264428653764152,0.538957673015849
-1.2691005670196318,-0.23349295896161104,-0.008726646259971648,0.07923794804054256,0.02076941809873252,0.002617993877991494,-0.012863537608115233,14.838956482024823,-0.19089200389265626,-1.2199851471440364,0.5255186377754926
-1.6262226931340693,14.5166173374958,-0.00820304748437335,0.07976154681614087,0.020594885173533087,-0.033510321638291124,-0.008421994689751158,14.823336562121334,-0.12484501357658237,-1.2154472910888512,0.5597270911145815
-1.6778624581737498,13.76477562869204,-0.007504915783575617,0.06754424205218056,0.020071286397934793,-0.03647738136668149,-0.00945761095261589,14.80018887056244,-0.13997860191547204,-1.2088150399312727,0.5710717312525446
-2.0745556825847404,16.292578468089864,-0.007155849933176752,0.03612831551628262,0.019722220547535925,-0.0582939970166106,-0.0071147228305787095,14.78517596100198,-0.10519420392150854,-1.2042771838760873,0.5773549165597242
-1.5108416610222677,5.790761835080331,-0.006981317007977318,0.02879793265790644,0.01884955592153876,-0.07976154681614087,-0.00997297719438754,14.765070211038406,-0.14725659058087692,-1.1972958668681102,0.5841617006425021
-1.2523870032059503,7.6882473589396865,-0.006806784082777886,0.015009831567151233,0.01815142422074103,-0.08831366015091309,-0.007777426714997255,14.750966145487325,-0.1147268713949355,-1.1925834778877253,0.5907939518000805
-1.8344563751256822,5.673742059192367,-0.006806784082777886,0.006806784082777886,0.01710422666954443,-0.059864793343405505,-0.00998014640503658,14.73528144675011,-0.1470651489162152,-1.1856021608797482,0.5923647481268755
-2.2061043749017597,9.771992472349408,-0.006806784082777886,-0.002617993877991494,0.0164060949687467,-0.05899212871740834,-0.00742729472588696,14.70380170214058,-0.1092114770465574,-1.180715238974164,0.6073745796940268
-1.969866214728429,5.998528442381123,-0.006981317007977318,-0.0153588974175501,0.015533430342749533,-0.06824237375297829,-0.010208423081181736,14.698248042014598,-0.15005114697304717,-1.1733848561157878,0.6068509809184285
-1.6356395368034458,8.513704451667145,-0.007330382858376184,-0.03508111796508603,0.015009831567151233,-0.061086523819801536,-0.006982461435756285,14.672254664277709,-0.10245011735155028,-1.1684979342102038,0.6263986685407649
-2.3116633090063594,8.740072115772803,-0.00767944870877505,-0.03420845333908886,0.014311699866353503,-0.04642575810304917,-0.010287093426570684,14.654261216859775,-0.1507550721222745,-1.160993018426628,0.6169738905799955
-1.6406157905924539,9.448810128867468,-0.00820304748437335,-0.033335788713091695,0.013962634015954637,-0.033335788713091695,-0.007460819359656918,14.638663897991377,-0.10921845352281183,-1.1559315635958445,0.628493063643158
-1.565201271817276,7.663795719051135,-0.008726646259971648,-0.02600540585471551,0.013613568165555772,-0.022689280275926284,-0.009841086017389141,14.616364333823606,-0.1438455423691395,-1.1484266478122689,0.6314601233715484
-1.2369116477887303,11.994802140462419,-0.009075712110370514,-0.04310963252425994,0.013264502315156905,-0.016231562043547264,-0.007606442918489567,14.598351327188398,-0.11104366766978312,-1.1433651929814854,0.6370451769779303
-1.1503807978543965,7.801599539381971,-0.009773843811168246,-0.0439822971502571,0.013264502315156905,-0.005061454830783556,-0.011318180939346872,14.591073672180391,-0.1651514640159665,-1.1356857442727104,0.6279694648675599
-1.4694559755616134,4.0847711160397795,-0.010297442586766544,-0.04380776422505767,0.013089969389957472,-0.00942477796076938,-0.009057432360150738,14.57414769400281,-0.1320079668144405,-1.1306242894419267,0.6304129258203518
-0.8778272699968909,10.37216905670807,-0.010821041362364843,-0.046251225177849735,0.012915436464758038,-0.013264502315156905,-0.010758331222205679,14.558000013997157,-0.15662582884282825,-1.123119373658351,0.6400122367063207
-1.597548410455687,10.402453816775846,-0.01117010721276371,-0.04537856055185257,0.012915436464758038,0.005235987755982988,-0.008466253986497332,14.542449229573723,-0.12312301049211617,-1.1180579188275674,0.6339035843243405
-1.3423334789696229,12.921479851796745,-0.011868238913561441,-0.029670597283903602,0.012915436464758038,0.017453292519943295,-0.010315342376619038,14.527289241984894,-0.14985927769612592,-1.1103784701187924,0.6380923745291269
-1.296257438497073,6.387300451708259,-0.012042771838760876,-0.02600540585471551,0.012915436464758038,0.013089969389957472,-0.00953489843044424,14.513087807596385,-0.13838501190791452,-1.105317015288009,0.6180210881311922
-1.1610072873445023,12.332668974950172,-0.012391837689159739,-0.016231562043547264,0.013089969389957472,0.028972465583105872,-0.011011944055352902,14.498927755848003,-0.15966783529105727,-1.0979866324296328,0.6283185307179586
-0.7966208013792158,7.821740526987531,-0.012740903539558606,-0.020245819323134222,0.013264502315156905,0.03647738136668149,-0.00866558182984113,14.486173116875365,-0.1255342607804026,-1.0929251775988493,0.6250024051391695
-1.0835246655713315,8.410687205283011,-0.013089969389957472,-0.02234021442552742,0.013788101090755204,0.055326937288220246,-0.011664383139265261,14.472932892921337,-0.16882549115824497,-1.085594794740473,0.6140068308516051
-1.2795389659450396,8.852823896751948,-0.013264502315156905,-0.014311699866353503,0.014137166941154071,0.0582939970166106,-0.009294849053170646,14.46134033653988,-0.13441984658951323,-1.0805333399096895,0.6134832320760069
-1.3570966533515043,9.604928710228455,-0.013613568165555772,-0.00890117918517108,0.014660765716752368,0.06091199089460211,-0.011664209234951168,14.453458580349963,-0.16859581115155672,-1.0732029570513133,0.6068509809184285
-1.1815691951290428,7.195234047347095,-0.013613568165555772,-0.007155849933176752,0.015184364492350668,0.07086036763096978,-0.008772701426711924,14.43446057033461,-0.12663246141285708,-1.068316035145729,0.6078981784696249
-1.4867829791776392,7.797981563499613,-0.013788101090755204,0.0041887902047863905,0.0158824961931484,0.06440264939859076,-0.011561065076488753,14.422662498179788,-0.16674876889875176,-1.0611601852125525,0.5988224663592545
-1.1373413219955733,12.069115308789678,-0.013962634015954637,0.002617993877991494,0.016057029118347832,0.039095375244672985,-0.008030381099338938,14.410091294886127,-0.11572101228599736,-1.0562732633069682,0.6078981784696249
-1.2063998244146616,11.899037124016939,-0.013962634015954637,0.011693705988362009,0.016580627893946133,0.05235987755982989,-0.011141069615175487,14.407662228259463,-0.16052340950410912,-1.0491174133737915,0.5995205980600522
-1.2634784755724966,5.9866678784618745,-0.013962634015954637,0.019198621771937627,0.016755160819145562,0.016057029118347832,-0.009571737861018363,14.389899526869728,-0.1377405526555403,-1.0444050243934069,0.582939970166106
-0.8939656827174441,10.156482585063703,-0.013788101090755204,0.021467549799530253,0.016755160819145562,0.0027925268031909274,-0.009827700213627638,14.377575096336221,-0.14130304706497104,-1.0372491744602301,0.5995205980600522
-1.095617858927564,14.899342692694077,-0.013788101090755204,0.03892084231947355,0.016580627893946133,-0.01117010721276371,-0.007276537891797697,14.357522853546683,-0.10447490299520909,-1.0325367854798455,0.5972516700324596
-1.0389036885426648,15.502896341324918,-0.013613568165555772,0.024783675378319478,0.0164060949687467,-0.016929693744344994,-0.009415937007813773,14.35374930492854,-0.13515799366813813,-1.0253809355466685,0.6000441968356506
-0.7082592828915725,15.099385793570473,-0.013264502315156905,0.026703537555513242,0.016231562043547264,-0.0054105206811824215,-0.006425257514428441,14.348867991693274,-0.09219644063458816,-1.0208430794914833,0.6012659273120465
-0.5965584309319714,15.747721315398838,-0.013089969389957472,0.0317649923862968,0.016057029118347832,0.0027925268031909274,-0.009749303816833685,14.334905453559392,-0.13975977648589566,-1.0136872295583066,0.5880014249968896
-0.8359889830796092,11.034518850276408,-0.012915436464758038,0.03630284844148206,0.016057029118347832,0.0012217304763960308,-0.005784671236933316,14.327875102420146,-0.08288297148170916,-1.0091493735031214,0.5939355444536704
-1.3360376077229374,9.617416819586664,-0.012566370614359171,0.033335788713091695,0.016057029118347832,0.023736477827122883,-0.010054533670977913,14.317924866221432,-0.14396490901123177,-1.0019935235699446,0.5789257128865192
-0.9777660359338687,8.581740197957156,-0.012566370614359171,0.027925268031909273,0.016057029118347832,0.013613568165555772,-0.005699313542429296,14.304287587789737,-0.08152550267434916,-0.9974556675147593,0.5848598323432997
-0.7402034602822258,8.586599295379965,-0.012217304763960308,0.040491638646268445,0.0164060949687467,0.04136430327226561,-0.00840179915394722,14.297182761931188,-0.12012488459402905,-0.9902998175815826,0.5838126347921033
-1.05090348178362,7.759403009390878,-0.012042771838760876,0.022863813201125717,0.016755160819145562,0.05742133239061344,-0.00616234407671851,14.277147766969817,-0.08798181066500986,-0.9857619615263974,0.5794493116621174
-1.0464450225132742,9.87909534985778,-0.011868238913561441,0.007155849933176752,0.017453292519943295,0.05515240436302082,-0.007295870482068325,14.273968250213075,-0.10414287145744137,-0.9786061115932205,0.5892231554732856
-1.0460387182440722,15.275322964224685,-0.011693705988362009,0.02356194490192345,0.01780235837034216,0.07609635538695278,-0.0034722085563732284,14.257503638673363,-0.04950522507571451,-0.9740682555380353,0.5934119456780721
-1.0195600975115133,12.416170729220307,-0.011519173063162575,0.01937315469713706,0.018500490071139894,0.06527531402458793,-0.005974964504266006,14.25237222813283,-0.08515843155812841,-0.9670869385300581,0.59096848472528
-0.7440363859252369,11.258127944927537,-0.011519173063162575,0.03368485456349056,0.01884955592153876,0.059341194567807204,-0.0034510582261182998,14.239862052121701,-0.04914278816755933,-0.962200016624474,0.6009168614616477
-0.8728818157124134,16.537583806889135,-0.011344640137963142,0.02949606435870417,0.019547687622336492,0.06370451769779303,-0.005543357828539691,14.24125176388229,-0.07894516308564206,-0.9550441666912971,0.6035348553396391
-0.8509479843149408,12.259215074198183,-0.01117010721276371,0.004014257279586958,0.020071286397934793,0.05096361415823442,-0.004207663763805401,14.2270144680911,-0.059862846524217826,-0.9505063106361119,0.5960299395560635
-0.8804232702740104,8.537029236308733,-0.011344640137963142,-0.00017453292519943296,0.020420352248333655,0.016929693744344994,-0.0064594826756191985,14.215114067307471,-0.09182356016340078,-0.9433504607029352,0.5967280712568612
-0.9020950735508687,13.084065405678716,-0.011344640137963142,-0.00767944870877505,0.020594885173533087,-0.011693705988362009,-0.0038983427543989972,14.205312926003526,-0.055377459244497,-0.938463538797351,0.6065019150680295
-0.9870424257939721,13.187300923824019,-0.011519173063162575,0.003839724354387525,0.020245819323134222,-0.01710422666954443,-0.006549782258548863,14.202079591247086,-0.09302185914671332,-0.9313076888641743,0.6038839211900381
-0.982071159127514,8.58206882914198,-0.011693705988362009,-0.008028514559173916,0.020071286397934793,-0.03246312408709453,-0.004539470157467486,14.18766869400457,-0.06440494103409403,-0.9264207669585901,0.605105651666434
-0.84741566191561,11.73070434990249,-0.011868238913561441,-0.01832595714594046,0.019722220547535925,-0.02652900463031381,-0.007183340886505557,14.185488435495575,-0.10190095178926845,-0.9192649170254134,0.6054547175168329
-0.33076245467896226,9.614648076227029,-0.012217304763960308,-0.02548180707911721,0.019722220547535925,-0.02076941809873252,-0.005153862142359103,14.17199108673305,-0.07304113505830108,-0.9143779951198293,0.6040584541152374
-0.9689560440402007,12.67405044603924,-0.012566370614359171,-0.023212879051524585,0.019547687622336492,0.01117010721276371,-0.006801848859722916,14.168565607640724,-0.09637392807817027,-0.9072221451866526,0.6065019150680295
-0.47104721361545243,9.883284393318412,-0.012915436464758038,-0.016580627893946133,0.019547687622336492,0.0012217304763960308,-0.006004363361921157,14.165773311514162,-0.08505747244214822,-0.9025097562062678,0.5935864786032714
-0.5660265262157077,4.36834166663842,-0.013264502315156905,-0.013788101090755204,0.01937315469713706,-0.0020943951023931952,-0.008757745494341579,14.15080009456998,-0.12393227424265792,-0.8953539062730911,0.5885250237724879
-0.24471230317618492,2.3699692248734756,-0.013439035240356337,-0.02775073510670984,0.019547687622336492,0.012391837689159739,-0.006958635152461214,14.14757275938538,-0.09844938618911199,-0.8906415172927064,0.5810201079889122
-0.7560513504531422,0.3182499280244969,-0.013788101090755204,-0.026878070480712675,0.019722220547535925,0.03298672286269283,-0.009413278981372326,14.147343982239253,-0.13317682936517272,-0.8836602002847291,0.5749114556069321
-0.8749012142105568,8.58184384052883,-0.014137166941154071,-0.019722220547535925,0.019896753472735357,0.047472955654245766,-0.005719870864908745,14.128299905254254,-0.0808129323174993,-0.8789478113043443,0.584510766492901
-0.5698436836909051,9.472085368152264,-0.014486232791552936,-0.018500490071139894,0.020420352248333655,0.039269908169872414,-0.008168851514906811,14.128939916126729,-0.11541977957512746,-0.8719664942963671,0.5771803836345248
-0.7078780984376273,13.769633232477988,-0.014486232791552936,0.006981317007977318,0.02076941809873252,0.07731808586334879,-0.0057268783326855635,14.119870413109673,-0.08086366396327832,-0.8674286382411819,0.5733406592801373
-0.43080143410331584,3.0752589929754763,-0.014660765716752368,0.0029670597283903604,0.021467549799530253,0.06667157742618339,-0.008997717021138772,14.122469457467169,-0.12707341307821182,-0.860621854158404,0.5599016240397809
-0.21380924549600658,14.07935795914357,-0.014660765716752368,0.0022689280275926286,0.02181661564992912,0.0661479786505851,-0.004548275255093109,14.112759124924922,-0.06418915573250501,-0.8560839981032187,0.5710717312525446
-0.7321173866142013,11.712470472795408,-0.014835298641951801,0.007330382858376184,0.022514747350726852,0.07592182246175334,-0.007356175692536058,14.108385026105724,-0.10378563105844886,-0.8492772140204409,0.5668829410477583
-0.3971471512713649,7.149984168585246,-0.014835298641951801,0.008552113334772215,0.02303834612632515,0.06998770300497262,-0.004716871748791077,14.101910324254845,-0.066517395725693,-0.844913890890455,0.5581562947877866
-0.4406062864713532,12.245399421717599,-0.014835298641951801,0.007330382858376184,0.02356194490192345,0.050789081233034994,-0.006517396545596775,14.097554392317827,-0.0918806532230998,-0.8381071068076771,0.5626941508429719
-0.5809611172410467,8.857481859763448,-0.014835298641951801,-0.0164060949687467,0.023911010752322315,0.04852015320544237,-0.004395049387458322,14.086108829567825,-0.06190954260795961,-0.8337437836776913,0.5532693728822025
-0.13272800792262732,2.1292452884094795,-0.015184364492350668,-0.00471238898038469,0.024434609527920616,0.05585053606381855,-0.007015241922877709,14.082743141548667,-0.09879547077525512,-0.8271115325201128,0.5476843192758206
-0.024145271861928986,2.1434640859590157,-0.0153588974175501,-0.024783675378319478,0.024609142453120045,0.023736477827122883,-0.005009614678030814,14.086264241453186,-0.07056734642859455,-0.8225736764649275,0.5448917924726298
-0.5703383192432327,4.838085331277815,-0.015707963267948967,-0.01937315469713706,0.024783675378319478,0.010471975511965976,-0.006449861986303305,14.083361380248549,-0.0908369968374768,-0.8161159582325485,0.544193660771832
-0.4021255598074249,7.28529995933727,-0.0158824961931484,-0.0029670597283903604,0.024783675378319478,0.0029670597283903604,-0.0029571135114198318,14.079374906231557,-0.04163443112534307,-0.8115781021773633,0.5501277802286126
0.015497714399192243,11.217015978934809,-0.016231562043547264,-0.02495820830351891,0.024783675378319478,0.003665191429188092,-0.004882684578947234,14.085118276885531,-0.06877373633997773,-0.8051203839449843,0.5452408583230286
0.2611008856946761,7.7497206010971675,-0.016580627893946133,-0.029670597283903602,0.024783675378319478,-0.004363323129985824,-0.0022179978245327283,14.083177605278475,-0.031236508513849782,-0.8007570608149984,0.5464625887994247
0.44087215367124466,16.007464471808465,-0.01710422666954443,-0.02076941809873252,0.024434609527920616,-0.02076941809873252,-0.0033204010892707524,14.08889808383527,-0.04678096446535056,-0.7941248096574199,0.5574581630869889
0.1321463109736123,8.02270583430916,-0.017453292519943295,-0.05480333851262195,0.02408554367752175,-0.0328121899374934,-0.0026640891202549914,14.088955318845123,-0.037534321379068696,-0.7897614865274342,0.5387831400906495
0.8765231414421714,4.137029705657794,-0.01815142422074103,-0.05550147021341968,0.02356194490192345,-0.03612831551628262,-0.004101567482202389,14.088420236795868,-0.0577849303550579,-0.7833037682950551,0.5412266010434417
0.4614022756111225,11.574554220591303,-0.018675022996339326,-0.05742133239061344,0.023387411976724018,-0.02495820830351891,-0.0014424317602835428,14.102641913520847,-0.02034211270796716,-0.7789404451650693,0.5398303376418461
0.5204327706322867,9.72345075801113,-0.019547687622336492,-0.05183627878423159,0.02303834612632515,-0.011693705988362009,-0.0038878880040018647,14.102760779771913,-0.05483023072454339,-0.7724827269326903,0.5359906132874587
0.7622050672850743,-0.7022582500722754,-0.020245819323134222,-0.06894050545377602,0.022863813201125717,-0.012391837689159739,-0.003076441538010461,14.118151294521388,-0.043433804108773164,-0.7682939367279039,0.512777734235934
0.49786431427035727,0.6333271728010761,-0.02111848394913139,-0.0661479786505851,0.022689280275926284,0.014311699866353503,-0.004350718172253952,14.119251393420685,-0.06142927120954385,-0.7620107514207244,0.5134758659367318
0.5516300375672102,11.204859826176232,-0.021642082724729686,-0.0656243798749868,0.022514747350726852,0.004363323129985824,-0.0005285804283206804,14.121982886313031,-0.007464604457981374,-0.7578219612159379,0.5314527572322734
0.17027309566772797,7.5146367105694925,-0.022689280275926284,-0.08325220532012953,0.022514747350726852,-0.006283185307179586,-0.003632909209049044,14.123532085442777,-0.05130973550683455,-0.7517133088339577,0.5075417464799511
0.8847084361245836,11.861571697065125,-0.02356194490192345,-0.06841690667817772,0.02234021442552742,-0.012740903539558606,-0.0003348782566704562,14.134022370590886,-0.004733176948136298,-0.7475245186291714,0.5148721293383273
0.7202288221705087,13.60689490555206,-0.024609142453120045,-0.07976154681614087,0.02199114857512855,-0.020943951023931952,-0.0014437351964888413,14.13753385845186,-0.020410869404278532,-0.7414158662471912,0.5169665244407204
0.2216688504344448,16.41277437364435,-0.025132741228718343,-0.06684611035138283,0.021642082724729686,-0.01815142422074103,0.0011874499336206408,14.148542427939574,0.016800693663421573,-0.7375761418928036,0.5068436147791533
0.0884050108573098,2.5342880877069405,-0.02600540585471551,-0.06632251157578453,0.021467549799530253,-0.00471238898038469,-0.0023983262448700115,14.143451567668908,-0.033920676124703175,-0.7314674895108236,0.4846779332788253
0.36318036363282047,4.971040073738544,-0.02652900463031381,-0.041713369122664476,0.02129301687433082,-0.0012217304763960308,-0.00024749132989676677,14.147562464565851,-0.0035013991206421665,-0.7276277651564359,0.4785692808968452
0.6558708489173194,8.681348584623075,-0.027052603405912107,-0.033335788713091695,0.02111848394913139,-0.0153588974175501,-0.0005502082601791047,14.158991729017611,-0.007790394991239626,-0.7218681786248546,0.48275807110163155
0.2994054105213041,16.2047457173146,-0.02757620218151041,-0.030543261909900768,0.02076941809873252,0.0010471975511965976,0.003118524043017931,14.159173001910649,0.04415586457722489,-0.7180284542704671,0.49183378321200205
0.27415998441293005,5.973477016018015,-0.028099800957108706,-0.04276056667386108,0.02076941809873252,-0.0005235987755982988,-0.0011813191950655018,14.168309076771886,-0.016737303259731613,-0.712268867738886,0.46216318592809846
0.6363323221688449,4.603889533188356,-0.028448866807507574,-0.017627825445142728,0.020594885173533087,-0.0019198621771937625,0.0021199061630026977,14.175150841307458,0.030050034644967374,-0.7086036763096978,0.4625122517784973
0.521368580267796,7.495248343260787,-0.02879793265790644,-0.02356194490192345,0.020420352248333655,0.00017453292519943296,0.0010515267310579458,14.17354252308605,0.014903864329921525,-0.7030186227033159,0.4680973053848792
1.0719537878839895,1.8458566728392765,-0.0291469985083053,-0.008726646259971648,0.020245819323134222,-0.00890117918517108,0.002634685013852481,14.186909192659966,0.03737812353038678,-0.6991788983489284,0.45832346157371096
0.5364739472996465,4.735903816649489,-0.029321531433504737,-0.008726646259971648,0.020245819323134222,0.003839724354387525,0.0007453478251370291,14.184667491129971,0.01057251302263559,-0.693768377667746,0.44924774946334045
0.5199811734293226,15.639395252917076,-0.02949606435870417,-0.014660765716752368,0.020071286397934793,0.017976891295541596,0.005016802528971475,14.195944297576842,0.07121884674017179,-0.6901031862385579,0.4658283773572866
0.77429018773913,5.074497785453573,-0.029670597283903602,-0.005585053606381855,0.020071286397934793,0.00471238898038469,0.0010437476517242224,14.20497509141542,0.014826414778476998,-0.6846926655573755,0.44244096538056255
0.8131448931502903,4.015857302717497,-0.029670597283903602,0.009948376736367679,0.020071286397934793,0.019024088846738195,0.0043075310715108926,14.214946283763675,0.061231701512119,-0.6810274741281874,0.44628068973495005
0.5136033928532518,4.0348390779629195,-0.029670597283903602,0.013788101090755204,0.019896753472735357,-0.0041887902047863905,0.0034026320875893356,14.21531010394793,0.04836965696796995,-0.675616953447005,0.45238934211693027
0.6683217213775833,6.616652080228186,-0.029670597283903602,0.03665191429188092,0.019896753472735357,-0.014486232791552936,0.005287500527460578,14.230609448436464,0.07524505619127868,-0.6721262949430162,0.44662975558534895
0.7613710795352936,3.3193379911536067,-0.02949606435870417,0.019024088846738195,0.019547687622336492,-0.012217304763960308,0.0028372414278825336,14.236733619285108,0.040393158809908986,-0.6667157742618339,0.4380776422505767
1.151539135403067,8.517217737633226,-0.02949606435870417,0.017976891295541596,0.01937315469713706,-0.007330382858376184,0.006069172787492054,14.249157306220745,0.08648165961677594,-0.6630505828326458,0.44802601898694444
0.7073851956679363,6.6118631795554625,-0.0291469985083053,0.0307177948351002,0.019024088846738195,-0.016755160819145562,0.004595479704440088,14.2563532163172,0.06551524305867011,-0.6576400621514634,0.4494222823885399
0.8144421523932605,5.75650033620731,-0.02879793265790644,0.03804817769347639,0.019024088846738195,-0.0024434609527920616,0.006019131442671974,14.26548279426451,0.08586685301809766,-0.6541494036474748,0.4429645641561608
0.8646952938417081,9.512397000601357,-0.028448866807507574,0.041189770347066175,0.01884955592153876,0.0024434609527920616,0.0060773950553004,14.269355804324393,0.08672158008955305,-0.6487388829662923,0.4550073359949217
1.1059523740182786,4.272017045390855,-0.028274333882308142,0.039793506945470715,0.018675022996339326,0.00017453292519943296,0.006334844738765769,14.277499542732293,0.09044695275075754,-0.6450736915371043,0.4408701690537677
0.8889977795164958,8.7921997339937,-0.027925268031909273,0.028972465583105872,0.018500490071139894,-0.004363323129985824,0.006385346760951148,14.282660800512206,0.09120098138568067,-0.6396631708559217,0.46617744320768545
0.8265504671981357,4.550171179220586,-0.02775073510670984,0.041887902047863905,0.01832595714594046,-0.0033161255787892262,0.007045603613830035,14.298810830036894,0.10074542028179226,-0.6359979794267336,0.45308747381772796
0.7044930498402501,12.734362507992046,-0.027401669256310976,0.03368485456349056,0.01832595714594046,0.013962634015954637,0.006108669105405461,14.302268194480767,0.08736891060759647,-0.6305874587455513,0.4642575810304917
0.6168714232599635,3.5151480327934386,-0.027227136331111543,0.027401669256310976,0.01815142422074103,-0.003665191429188092,0.006346036076042784,14.311425096137341,0.0908220391632627,-0.6269222673163632,0.4509930787153347
0.6317084050734006,6.0741404708656885,-0.027052603405912107,0.03159045946109736,0.01780235837034216,-0.01710422666954443,0.0056323324308645535,14.323262198659364,0.08067422727979451,-0.6213372137099813,0.4642575810304917
1.04636520432164,10.560165497483803,-0.026878070480712675,0.0301941960595019,0.01780235837034216,-0.011693705988362009,0.007973597949875413,14.32369133762025,0.11421377639910946,-0.6176720222807932,0.4715879638888678
1.0688937309119262,8.237849679549363,-0.026703537555513242,0.03804817769347639,0.017453292519943295,-0.0041887902047863905,0.006275876559950826,14.333597844171102,0.08995707176829472,-0.6120869686744114,0.47298422729046335
0.8517449537229752,4.833844722579335,-0.026354471705114377,0.03944444109507185,0.017278759594743863,0.003490658503988659,0.00671205310439085,14.35176058708834,0.09633122583349632,-0.6082472443200239,0.4637339822548934
0.9657699430369603,5.294666707767964,-0.026179938779914945,0.02356194490192345,0.01710422666954443,0.0054105206811824215,0.005184339365249144,14.348982434467954,0.07439066096269674,-0.602662190713642,0.46844637123527805
1.0703998061269904,8.781777574541566,-0.02600540585471551,0.016580627893946133,0.016929693744344994,-0.019024088846738195,0.007148525242672847,14.364902724657862,0.1026896189365968,-0.5988224663592545,0.47752208334564855
0.8547757760616959,6.480634460393601,-0.025830872929516076,0.028099800957108706,0.016580627893946133,-0.0301941960595019,0.004461679790351759,14.372841133630153,0.0641274403358993,-0.5932374127528727,0.4708898321880701
0.6925446493584805,2.5062084265293594,-0.025656340004316644,0.008552113334772215,0.016231562043547264,-0.02111848394913139,0.006023117248729868,14.381456103277939,0.08662224381226627,-0.5893976883984852,0.4686209041604775
1.1722865339655388,2.6705957185920184,-0.02548180707911721,0.03385938748868999,0.0158824961931484,-0.016580627893946133,0.004697223740036554,14.386527337606836,0.0675772347536508,-0.5836381018669038,0.47752208334564855
0.8926319458049861,10.251239299524658,-0.02548180707911721,0.014486232791552936,0.015707963267948967,-0.03682644721708035,0.006798206718339433,14.40449089321428,0.0979262153425652,-0.5799729104377158,0.48589966375522137
1.1530188148153586,7.024527504276952,-0.02548180707911721,0.022514747350726852,0.015184364492350668,-0.029845130209103034,0.004501689472322315,14.407766847413168,0.06485973046924479,-0.5742133239061344,0.4787438138220446
0.881261043074066,3.3013615471761733,-0.02548180707911721,0.0020943951023931952,0.014835298641951801,-0.014311699866353503,0.005276894952129182,14.423770264892934,0.0761134269779927,-0.5701990666265475,0.4738568919164605
0.6559628341324241,2.0046502366431738,-0.025656340004316644,-0.0029670597283903604,0.014486232791552936,-0.013788101090755204,0.003929004903570111,14.431006992272831,0.056699788996112166,-0.5644394800949663,0.47909287967244346
0.8286693474523787,3.157800196839236,-0.025656340004316644,-0.007330382858376184,0.014311699866353503,-0.002617993877991494,0.006038336661938514,14.436244844354162,0.087171965980786,-0.5605997557405786,0.4836307357276287
0.8621921743693829,9.917497243082854,-0.025656340004316644,0.007330382858376184,0.014137166941154071,0.008028514559173916,0.004091341618543193,14.448917205078319,0.05911578615227361,-0.5548401692089974,0.48555059790482247
0.9084865605428175,7.256090972579638,-0.025830872929516076,-0.008552113334772215,0.013962634015954637,0.004537856055185257,0.00559744677230497,14.460725597516044,0.08094398718586293,-0.5510004448546099,0.48555059790482247
1.099514690455932,9.852210832511654,-0.02600540585471551,-0.014311699866353503,0.013788101090755204,-0.003490658503988659,0.0040530232224592014,14.469478944213808,0.058645455301045514,-0.5450663253978292,0.48816859178281397
1.3122657556781259,7.133432009980311,-0.026179938779914945,-0.009075712110370514,0.013613568165555772,-0.0041887902047863905,0.00519129130391765,14.47269806425842,0.07513266653582405,-0.5412266010434417,0.48328166987722987
1.3170309888506613,0.012371097511089705,-0.02652900463031381,-0.020071286397934793,0.013439035240356337,-0.006457718232379019,0.0026224652587107204,14.492221777929691,0.03800543525942257,-0.5354670145118603,0.47909287967244346
0.7501972369630178,9.081670611342656,-0.026703537555513242,-0.014311699866353503,0.013264502315156905,-0.0328121899374934,0.006058521933105358,14.498092228492931,0.08783808447624683,-0.5314527572322734,0.4925319149127998
0.9794697990289407,12.6283120641015,-0.027052603405912107,-0.012391837689159739,0.012740903539558606,-0.030892327760299633,0.0037235196520720043,14.504207940242614,0.05400695289837072,-0.5256931707006921,0.4913101844364038
1.1730076989529767,9.056616157687953,-0.027227136331111543,-0.0054105206811824215,0.012391837689159739,-0.03682644721708035,0.005184442952834147,14.517453884218284,0.07526558582506848,-0.5218534463463046,0.4874704600820162
1.0707862086832445,-1.7761249954225002,-0.02757620218151041,-0.032637657012293965,0.011693705988362009,-0.05550147021341968,0.001728283847121057,14.521037191843773,0.025096499009567872,-0.5159193268895238,0.47211156266446613
0.6540215129869539,3.0751523019877127,-0.02775073510670984,-0.04485496177625427,0.011344640137963142,-0.03752457891787808,0.004111162358446759,14.539568053458408,0.05977486165454782,-0.5120796025351363,0.4771730174952497
1.0703744391476893,4.218528064439955,-0.028274333882308142,-0.028623399732707007,0.010821041362364843,-0.024260076602721184,0.0026930167178177444,14.549810048906007,0.03918297642556553,-0.506320016003555,0.4778711491960474
1.3231593863814985,9.382187868488801,-0.028623399732707007,-0.019547687622336492,0.01064650843716541,-0.04363323129985824,0.004722531292459218,14.559358414412058,0.06875753686139659,-0.5024802916491674,0.4757767540936543
1.1329278372388707,10.915691717976006,-0.028972465583105872,-0.02111848394913139,0.009948376736367679,-0.0328121899374934,0.0034644634031754267,14.571093364812498,0.05048122167387344,-0.4968952380427856,0.47822021504644635
0.8903305843357207,7.331987421139184,-0.0291469985083053,-0.041189770347066175,0.009599310885968814,-0.016929693744344994,0.004549804183715199,14.578871301292097,0.06633146734409831,-0.4930555136883981,0.4733332931408622
1.1942389424902595,10.66640991356119,-0.029670597283903602,-0.04136430327226561,0.009250245035569947,-0.02949606435870417,0.0026725581491878043,14.595576223867894,0.03900761905074577,-0.4874704600820162,0.4670501078336826
1.5007878740263771,1.6209973641173905,-0.030019663134302467,-0.030543261909900768,0.009075712110370514,-0.010297442586766544,0.004061764234845795,14.61165034355962,0.05934940515865327,-0.4836307357276287,0.461988653002899
1.248153556148057,10.940464901336306,-0.030543261909900768,-0.022689280275926284,0.009075712110370514,0.009250245035569947,0.00263497219229445,14.615026589524291,0.03851027777970839,-0.47822021504644635,0.4637339822548934
1.3904255249863346,8.37379779125975,-0.0307177948351002,-0.018500490071139894,0.00890117918517108,0.003141592653589793,0.004924909818235428,14.636437276403761,0.07208371643801154,-0.4743804906920588,0.4637339822548934
1.260453754167382,7.09444339207031,-0.031066860685499065,-0.017627825445142728,0.00890117918517108,0.014137166941154071,0.002878123443245491,14.645562628495345,0.042151853530278234,-0.46896997001087637,0.4564035993965172
1.3133917261859238,6.126481449234002,-0.031241393610698498,-0.011519173063162575,0.008726646259971648,0.027227136331111543,0.004098108824018793,14.654421581475237,0.06005575059633125,-0.4653047785816883,0.44732788728614664
1.4283645447679432,9.98237742756893,-0.031415926535897934,-0.008377580409572781,0.009075712110370514,0.0322885911618951,0.002955090299934958,14.66847166226843,0.0433467845002268,-0.45989425790050587,0.4529129408925285
0.9617311509780068,5.570171500929649,-0.03159045946109736,-0.009773843811168246,0.009250245035569947,0.04520402762665313,0.0041615365140165545,14.678300165519612,0.061084634732009764,-0.4562290664713178,0.44785148606174496
1.096394985513795,10.226045083465603,-0.03159045946109736,-0.0019198621771937625,0.009599310885968814,0.04904375198104066,0.0030031355342835376,14.692311387930577,0.04412313505618173,-0.45081854579013536,0.45710173109731495
1.4680105244523571,5.8692696125484805,-0.03159045946109736,0.015009831567151233,0.009948376736367679,0.05113814708343386,0.0037558106492010393,14.706173333445934,0.055233862126708666,-0.44732788728614664,0.44034657027816937
1.3400454205921808,7.227796552655013,-0.03159045946109736,0.01815142422074103,0.010297442586766544,0.04485496177625427,0.0022913700481934176,14.711988399646716,0.03371066856624305,-0.4419173666049642,0.44401176170735746
1.4667099958742604,3.735284209474034,-0.03159045946109736,0.022514747350726852,0.01064650843716541,0.04904375198104066,0.0015119083675143269,14.727068109059964,0.022265994468743746,-0.4384267081009756,0.43092179231739997
1.4878004460220708,-2.5187672553744966,-0.03159045946109736,0.012566370614359171,0.010995574287564275,0.04345869837465881,0.0011144572087698529,14.738096472374027,0.0164249846572084,-0.4331907203449926,0.4316199240181977
1.360850223622488,7.7954821649636425,-0.031415926535897934,0.02757620218151041,0.011519173063162575,0.054279739737023644,0.0037951280156090644,14.749584731882925,0.05597683097952976,-0.4295255289158045,0.4441862946325569
1.4906272176526316,7.6951874052675775,-0.031241393610698498,0.02530727415391778,0.011868238913561441,0.04852015320544237,0.0012499653000801185,14.764991737347115,0.018455736939483876,-0.42428954115982154,0.43755404347497845
1.4367737925379889,6.339076946759281,-0.031066860685499065,0.024783675378319478,0.012217304763960308,0.03246312408709453,0.0034668391997774678,14.78202107123917,0.05124709541437607,-0.4207988826558328,0.43877577395137446
1.1480072793726126,4.339060393425745,-0.030892327760299633,0.030019663134302467,0.012391837689159739,0.03246312408709453,0.001253868435439618,14.784254185935552,0.018537519380071463,-0.4155628948998498,0.43493604959698695
1.3187677135466336,5.9923610991442,-0.030543261909900768,0.03752457891787808,0.012740903539558606,0.06161012259539984,0.0022136709443153456,14.809736982486978,0.032783938001905204,-0.4120722363958612,0.42865286428980737
1.230172286077209,0.6171092109944557,-0.0301941960595019,0.041713369122664476,0.013264502315156905,0.05393067388662478,0.00026075131107187164,14.821461741068504,0.003864715668574143,-0.4068362486398782,0.4262094033370153
1.1937863284575805,12.487959946223,-0.029845130209103034,0.0471238898038469,0.013613568165555772,0.030892327760299633,0.0032309324847656176,14.835994817684687,0.04793426439444708,-0.40352012306108903,0.43493604959698695
1.435037810783485,1.1802654493668896,-0.02949606435870417,0.0466002910282486,0.013788101090755204,0.023387411976724018,-0.00023825304579741877,14.84675059119518,-0.0035372836154776077,-0.39828413530510604,0.4195771521794368
1.586145912976513,1.8146022715311254,-0.0291469985083053,0.0460766922526503,0.013962634015954637,0.04310963252425994,0.0010376237066476869,14.86052123269413,0.015419634658101613,-0.39479347680111737,0.4180063558526419
1.3963755605278045,-2.8971238472264442,-0.028623399732707007,0.044156830075456545,0.014311699866353503,0.054628805587422516,-0.0013866777941239628,14.876801151819198,-0.02062934302737859,-0.3897320219703338,0.41085050591946515
1.3327039700970906,1.889084905583932,-0.028448866807507574,0.033335788713091695,0.014835298641951801,0.07225663103256524,4.7032821359209955e-05,14.891098301198966,0.0007003703667591523,-0.38641589639154456,0.4082325120414737
1.4515673231290305,4.764623836464917,-0.027925268031909273,0.04468042885105484,0.015533430342749533,0.07086036763096978,-0.0002733679635493868,14.90546375500845,-0.004074676373966104,-0.38135444156076104,0.42132248143143114
1.4603708200427117,-1.0729507262735607,-0.02775073510670984,0.04206243497306335,0.0158824961931484,0.06963863715457375,0.00034425691892890436,14.923820326379843,0.005137628607166378,-0.3778637830567724,0.4110250388446646
1.605904651439994,9.81548229152666,-0.027401669256310976,0.0328121899374934,0.016580627893946133,0.06894050545377602,0.0003842874475832798,14.92640372547403,0.005736029871619569,-0.3728023282259888,0.42970006184100396
1.5669289454415056,7.071521753579169,-0.027227136331111543,0.022165681500327987,0.01710422666954443,0.11309733552923257,0.0011589001189032957,14.945863085396649,0.017320770260996446,-0.3694862026471996,0.42219514605742836
1.4835724588868953,11.653081379978264,-0.027052603405912107,0.025656340004316644,0.01832595714594046,0.11466813185602745,0.00017806835553795178,14.965045761706609,0.0026648011175027632,-0.364424747816416,0.4305727264670011
1.6019031908712202,4.7252436487345895,-0.026878070480712675,0.031066860685499065,0.019024088846738195,0.0895353906273091,-0.00010306547191521824,14.978644078278952,-0.0015437810260441763,-0.3609340893124273,0.4180063558526419
1.0919474039315824,4.677454202143256,-0.026703537555513242,0.0012217304763960308,0.019896753472735357,0.07661995416255106,-0.0013356446751746766,14.99022275908629,-0.020021623113693418,-0.3558726344816438,0.4237659423842232
1.6081609838432454,7.679324050404834,-0.02652900463031381,0.0322885911618951,0.020420352248333655,0.08272860654453122,0.0002569282868410522,15.014952060743573,0.0038577659948538416,-0.35255650890285456,0.42271874483302657
1.2513961470212354,5.449570721869856,-0.026354471705114377,0.012566370614359171,0.02129301687433082,0.08325220532012953,-0.0024698480263787618,15.023906851539916,-0.03710684213823027,-0.34749505407207104,0.42219514605742836
1.761062599176468,7.652042157217823,-0.026354471705114377,0.039793506945470715,0.02181661564992912,0.05619960191421741,-0.0011262152879727605,15.039786348824906,-0.01693804447507554,-0.34417892849328174,0.4188790204786391
1.5012106345571132,5.320426607144208,-0.026354471705114377,0.006806784082777886,0.02234021442552742,0.044156830075456545,-0.0032350260348895216,15.046114997493026,-0.04867474354106412,-0.3391174736624982,0.4150392961242516
1.9731936977060407,2.8086373860488716,-0.026354471705114377,0.019722220547535925,0.02234021442552742,0.01780235837034216,-0.001687376662623988,15.07277017971274,-0.0254334647807394,-0.33580134808370904,0.4110250388446646
1.7497070307907523,4.7681571773609175,-0.026179938779914945,0.02652900463031381,0.022514747350726852,0.026703537555513242,-0.0035881003342705547,15.087320806875733,-0.054135053150528446,-0.3307398932529254,0.4150392961242516
1.0583375427382804,4.843311134501134,-0.026354471705114377,0.009948376736367679,0.022514747350726852,0.029670597283903602,-0.0029491606354201867,15.099894870349774,-0.04453214465752225,-0.32759830059933565,0.4050909193878839
1.4569621992126751,12.772886016448807,-0.026354471705114377,0.006457718232379019,0.022514747350726852,-0.0029670597283903604,-0.0036091723086470336,15.108644060495825,-0.054529936535803666,-0.3225368457685521,0.4157374278250493
1.9737052909710053,2.514393422268166,-0.026354471705114377,0.015009831567151233,0.022514747350726852,-0.007330382858376184,-0.0029474803722894767,15.130396884543526,-0.04459667698884975,-0.3192207201897629,0.4054399852382828
1.669204719512615,11.312962100064599,-0.026354471705114377,-0.006283185307179586,0.022165681500327987,-0.007155849933176752,-0.004074297652545985,15.143855368628696,-0.06170091578898298,-0.3143337982841788,0.4150392961242516
1.6881963826648956,1.3226448545086191,-0.026354471705114377,0.005934119456780721,0.022165681500327987,0.01064650843716541,-0.003258754276328472,15.16555753434178,-0.04942100040983141,-0.31119220563058897,0.4009021291830975
1.6123660258477304,5.042777313954695,-0.02652900463031381,0.003839724354387525,0.02199114857512855,0.005061454830783556,-0.005028201915314254,15.181915527717281,-0.07633838008539263,-0.3063052837250049,0.3975860036043083
2.8607610486975243,10.331941817233528,-0.02652900463031381,0.015533430342749533,0.02199114857512855,0.0,-0.0021537193600593796,15.204898551148261,-0.03274713500996836,-0.30316369107141505,0.4103269071438669
2.2772438076187216,12.430883797778796,-0.02652900463031381,0.01117010721276371,0.02181661564992912,0.0,-0.00394123582187516,15.221736794107288,-0.05999276495374708,-0.2982767691658309,0.4042182547618867
1.6880887861286742,4.533173962297068,-0.02652900463031381,-0.016929693744344994,0.021642082724729686,-0.007155849933176752,-0.003170231247161414,15.245987790291604,-0.04833346880975212,-0.29513517651224114,0.3937462792499207
1.581898173457328,2.119065190862085,-0.026703537555513242,0.005585053606381855,0.021467549799530253,-0.011344640137963142,-0.00516461805110452,15.252465095492195,-0.07877385694297022,-0.290248254606657,0.39147735122232813
2.225062417074244,8.143194995227544,-0.026703537555513242,0.008726646259971648,0.021467549799530253,0.006806784082777886,-0.0035975555904521343,15.282827085902362,-0.05498105721673176,-0.2871066619530672,0.3946189438759179
2.0778482608752715,4.9785480945884695,-0.026703537555513242,0.00034906585039886593,0.02129301687433082,-0.006457718232379019,-0.005242663592425311,15.300324678212053,-0.08021519006287368,-0.2823942729726825,0.3933972133995219
1.8880332833823574,6.897835276902828,-0.026878070480712675,-0.007504915783575617,0.02111848394913139,-0.020071286397934793,-0.004062621009282065,15.32213705973974,-0.06224837839390975,-0.2790781473938933,0.38781215979314
1.896776202487151,4.518745769058117,-0.027052603405912107,-0.013613568165555772,0.020594885173533087,-0.02530727415391778,-0.0044707082412709055,15.334539898555258,-0.06855671065414154,-0.27436575841350863,0.39810960237990656
2.067151548063556,4.385532535326824,-0.027052603405912107,0.014486232791552936,0.020420352248333655,0.002617993877991494,-0.0037656774488621877,15.358299989417143,-0.0578346772948055,-0.2712241657599188,0.3872885610175417
2.2055034222488983,12.867007706447994,-0.027052603405912107,0.013788101090755204,0.020245819323134222,-0.025830872929516076,-0.0041908973319311335,15.370991078824204,-0.06441862264323582,-0.26651177677953414,0.4009021291830975
2.393865035623084,8.830048545906257,-0.027052603405912107,0.010995574287564275,0.020245819323134222,-0.00942477796076938,-0.0027107384096112116,15.403627246689133,-0.04175530629907747,-0.2633701841259443,0.391826417072727
2.426831627295191,6.046472087977082,-0.027052603405912107,0.013089969389957472,0.019896753472735357,-0.01937315469713706,-0.004408791576373287,15.42175293695533,-0.06799173497042421,-0.25865779514555964,0.3928736146239236
2.434394675513553,9.24293143774589,-0.027052603405912107,0.006457718232379019,0.019722220547535925,-0.012566370614359171,-0.0029509676919880867,15.445270037961905,-0.045578625178885376,-0.2556907354171693,0.38798669271833947
2.3660852923156988,7.366310196678359,-0.027052603405912107,0.006806784082777886,0.019722220547535925,0.016929693744344994,-0.004666082241238802,15.46400294922822,-0.07215683321458975,-0.2509783464367846,0.3869394951671429
2.2331583898179517,8.587647872721666,-0.027052603405912107,-0.00471238898038469,0.019547687622336492,0.007504915783575617,-0.002606047673930784,15.48584672358836,-0.04035694619408869,-0.24801128670839426,0.3869394951671429
2.2126335199917424,9.081219713125174,-0.027052603405912107,0.006457718232379019,0.019722220547535925,0.02111848394913139,-0.004338801468860633,15.504687367898383,-0.0672721824639813,-0.24329889772800953,0.3843215012891514
2.2384986819342627,-3.92667028515726,-0.027052603405912107,0.005759586531581287,0.019896753472735357,-0.0024434609527920616,-0.004352371057795415,15.53372670001493,-0.06760896941797313,-0.24015730507441974,0.36582101121801147
2.3316917163217847,5.779665240792736,-0.027052603405912107,0.005061454830783556,0.019896753472735357,0.019547687622336492,-0.00450398195462893,15.548431437461865,-0.07003032815941179,-0.2357939819444339,0.37838738183237064
2.2313917470195848,6.136393484966244,-0.027052603405912107,-0.005061454830783556,0.019722220547535925,0.009948376736367679,-0.0031417365297533185,15.58348242488666,-0.048959357079723376,-0.23265238929084414,0.37664205258037636
2.211028568669694,2.216941853783385,-0.027227136331111543,-0.0029670597283903604,0.019896753472735357,0.016929693744344994,-0.0055090719242182175,15.595499225815207,-0.08591759612692115,-0.2281145332356589,0.3694862026471996
2.270667254296163,-0.9452886779708879,-0.027227136331111543,0.0041887902047863905,0.019722220547535925,-0.00820304748437335,-0.0033777613782650473,15.628001827702596,-0.05278786175024517,-0.22514747350726852,0.3672172746196069
2.363367089995418,5.642198608283988,-0.027227136331111543,0.0010471975511965976,0.019547687622336492,-0.026354471705114377,-0.004368026287415964,15.646198690323024,-0.06834344183441683,-0.22060961745208327,0.3724532623755899
2.149133971889586,4.5216194530681095,-0.027227136331111543,-0.010297442586766544,0.019198621771937627,-0.006108652381980154,-0.004418590939178791,15.66684687363568,-0.0692258381624407,-0.2176425577236929,0.3621558197888234
2.200767955017353,12.093339340416916,-0.02757620218151041,-0.016929693744344994,0.019024088846738195,-0.00034906585039886593,-0.0034201355544422156,15.688769329868675,-0.05365792700879947,-0.21310470166850765,0.38659042931674403
2.2197532907716053,5.581758664015415,-0.02775073510670984,-0.0,0.01884955592153876,-0.0027925268031909274,-0.0039373944967802665,15.710771483886004,-0.06185982485366562,-0.21031217486531673,0.36529741244241315
2.191770157305703,2.401027274621314,-0.027925268031909273,-0.01117010721276371,0.018675022996339326,-0.017278759594743863,-0.005410212007610924,15.731781866236236,-0.08511310558682499,-0.2059488517353309,0.35657076618244155
1.8065991248993263,4.645939653434164,-0.028099800957108706,-0.009948376736367679,0.01832595714594046,-0.023736477827122883,-0.0035006032256127543,15.75649146111717,-0.05515745013720763,-0.20298179200694055,0.3574434308084387
1.8240380221213341,8.365682079914961,-0.028274333882308142,-0.018675022996339326,0.01815142422074103,-0.014660765716752368,-0.005120370621090483,15.768066294995746,-0.08073904902025504,-0.19861846887695472,0.3597123588360313
1.7906024211677243,4.687315619257835,-0.028448866807507574,-0.020420352248333655,0.017976891295541596,0.0153588974175501,-0.004426426266587193,15.787728041019458,-0.0698836705071638,-0.19582594207376378,0.3480186528476693
1.9539110196005158,2.221868038980628,-0.02879793265790644,-0.02129301687433082,0.017976891295541596,-0.0022689280275926286,-0.006377721672624142,15.810974458181754,-0.10083936169585685,-0.1916371518689774,0.33981560536329597
1.7345630414176487,4.53253563481266,-0.02879793265790644,-0.015707963267948967,0.017976891295541596,-0.003839724354387525,-0.004906042344880209,15.828840808730975,-0.077657586332327,-0.1890191579909859,0.3274237676741362
1.290476148433098,1.6034537124732287,-0.0291469985083053,-0.025132741228718343,0.01780235837034216,-0.0027925268031909274,-0.006198537562187237,15.840936729345884,-0.09819189891235974,-0.18500490071139894,0.32393310917014756
1.6543137790785258,10.538220182883991,-0.029321531433504737,-0.0029670597283903604,0.017453292519943295,-0.020943951023931952,-0.004567985970653053,15.858638838152574,-0.07244254360104681,-0.1825614397586069,0.32131511529215606
1.4373111419405906,0.5709380274755249,-0.02949606435870417,-0.003839724354387525,0.01710422666954443,-0.017976891295541596,-0.00811550011465963,15.868074065135016,-0.1287801841193655,-0.17889624832941878,0.2916445180082525
1.1757297313484067,1.6245020164604864,-0.029670597283903602,-0.008028514559173916,0.016755160819145562,-0.04258603374866164,-0.007115372998733626,15.889024056922478,-0.11305824074824937,-0.1764527873766267,0.2801253449450899
1.199983217627918,2.1374323583494417,-0.029670597283903602,0.0029670597283903604,0.016057029118347832,-0.05637413483941684,-0.007222507242884763,15.889501634049465,-0.11476403618512131,-0.1731366617978375,0.2802998778702893
1.1090661010562821,3.367046791391185,-0.029845130209103034,0.002617993877991494,0.015533430342749533,-0.08360127117052839,-0.00802859498207127,15.905472801204848,-0.127701342936431,-0.1708677337702449,0.25446900494077324
1.1210215545569968,-0.006106803346261984,-0.029845130209103034,0.019896753472735357,0.014486232791552936,-0.062482787221396996,-0.00840950025780858,15.907600735497923,-0.1337781260838935,-0.16790067404185452,0.24940755010998972
0.7834798325267193,1.1313713765274953,-0.029845130209103034,0.006806784082777886,0.013962634015954637,-0.06335545184739416,-0.007809439210778661,15.92129899027187,-0.12433894433196077,-0.16580627893946132,0.23003439541285262
0.7200354932886553,5.300472593923226,-0.029845130209103034,0.020071286397934793,0.013264502315156905,-0.059166661642607775,-0.009081989170458899,15.927235578272107,-0.1446549582279316,-0.16318828506146982,0.21799162357409177
0.24097160710358448,0.8392809994984182,-0.029845130209103034,-0.0019198621771937625,0.012391837689159739,-0.08115781021773633,-0.008245342657059503,15.931292925804614,-0.13136194606695387,-0.16144295580947549,0.20298179200694055
0.24590300185007358,4.243698263272525,-0.029670597283903602,0.017453292519943295,0.011344640137963142,-0.08080874436733745,-0.009276759735491599,15.926918778086536,-0.14775443735246202,-0.15917402778188286,0.1942551457469689
0.010241448661961814,3.5013338238580687,-0.029670597283903602,0.012740903539558606,0.01064650843716541,-0.05235987755982989,-0.008885650062515052,15.932129053603989,-0.14157104944431395,-0.15760323145508795,0.17715091907742445
-0.2394387198773006,7.188870068376721,-0.02949606435870417,0.013962634015954637,0.009948376736367679,-0.06963863715457375,-0.009122247405771269,15.92717970221588,-0.14529570402208355,-0.15550883635269477,0.1759291886010284
0.11086731652585348,9.67856169038286,-0.029321531433504737,0.024609142453120045,0.00942477796076938,-0.0656243798749868,-0.007764193992886169,15.930455693172062,-0.12368963385556274,-0.15428710587629874,0.16458454846306528
-0.273597330765775,8.657207936870467,-0.0291469985083053,0.0029670597283903604,0.008552113334772215,-0.07382742735936015,-0.009508739550195893,15.93111711977145,-0.15148940915835601,-0.1525417766243044,0.143116998663535
-0.39718225385748607,-1.527731601340156,-0.0291469985083053,-0.0033161255787892262,0.008028514559173916,-0.0825540736193318,-0.010036989606565875,15.919851462694858,-0.15979274960751663,-0.1514945790731078,0.11972958668681101
-0.4063124242431086,0.32760801252889377,-0.0291469985083053,0.010297442586766544,0.007155849933176752,-0.07766715171374766,-0.009027568108243674,15.922909734037155,-0.14374905716495065,-0.1499237827463129,0.12566370614359174
-0.7316466752705653,1.714895705809393,-0.028972465583105872,0.0015707963267948964,0.006457718232379019,-0.0788888821901437,-0.009999158307224818,15.913495838437651,-0.15912686748129876,-0.14905111812031577,0.10140362954087055
-0.4594269125032793,-5.588165558340164,-0.02879793265790644,0.019198621771937627,0.005585053606381855,-0.0614355896702004,-0.00997985519371287,15.909788288476584,-0.1587826547689593,-0.14782938764391973,0.0958185759344887
-0.8248791159117952,-2.199716324708139,-0.028623399732707007,0.007504915783575617,0.005235987755982988,-0.060039326268604934,-0.008814871116780799,15.90587189512599,-0.14021184235235948,-0.14713125594312199,0.09040805525330627
-0.3717490072240475,-1.1542204336317097,-0.028448866807507574,0.023911010752322315,0.004537856055185257,-0.046949356878647465,-0.009959883549053073,15.895276154276642,-0.15832033459900724,-0.1460840583919254,0.07522369076095561
-0.518811465133424,2.3536161158549027,-0.028448866807507574,0.004537856055185257,0.004014257279586958,-0.06667157742618339,-0.008074658849598331,15.899828569880297,-0.12838848179562456,-0.14538592669112765,0.08709192967451705
-0.25000744774582956,2.9478651528599524,-0.028448866807507574,0.004363323129985824,0.0033161255787892262,-0.0460766922526503,-0.00904332307693994,15.889818767781266,-0.14370068213408302,-0.1445132620651305,0.06911503837897545
-0.45129360506717847,-2.1424799687302634,-0.028448866807507574,0.0020943951023931952,0.0029670597283903604,-0.04084070449666731,-0.008944682144187876,15.888591484658225,-0.14212219084208605,-0.1439896632895322,0.05707226654021458
-0.5748686833034503,-1.1813461397922427,-0.028448866807507574,-0.0024434609527920616,0.0024434609527920616,-0.04886921905584123,-0.008572875595479765,15.885610039421756,-0.13618869500216083,-0.143116998663535,0.057944931166211744
-0.6753044833790225,3.707759080204052,-0.028274333882308142,-0.010995574287564275,0.0020943951023931952,-0.050265482457436686,-0.007148485019118805,15.871698956307721,-0.11346053486651979,-0.14276793281313616,0.06213372137099813
-0.7159203544942487,9.146156852786989,-0.028448866807507574,-0.026703537555513242,0.0013962634015954637,-0.04729842272904633,-0.007223284244540556,15.87047102898442,-0.11463891713778807,-0.14206980111233844,0.06265732014659643
-0.49302847837597324,-3.4221875075265182,-0.028623399732707007,-0.029321531433504737,0.0010471975511965976,-0.04258603374866164,-0.008463916627030972,15.861910367163166,-0.13425709287313037,-0.14154620233674012,0.04084070449666731
-0.14238741900241905,-0.9913543151577946,-0.028972465583105872,-0.011519173063162575,0.00034906585039886593,-0.050789081233034994,-0.007647356000968454,15.86831840467771,-0.12135304564496183,-0.14102260356114182,0.0471238898038469
-0.7753362320783036,1.23,-0.028972465583105872,-0.0322885911618951,0.0,-0.05375614096142535,-0.0068420613885322445,15.856154378043028,-0.10849047459650445,-0.14067353771074298,0.04328416544945937
-0.7512578748451308,4.187345517500628,-0.029321531433504737,-0.019547687622336492,-0.0005235987755982988,-0.03735004599267865,-0.0067419140151744475,15.854084094792716,-0.10688849124329083,-0.14014993893514466,0.0466002910282486
-0.5355355629595346,3.1079051601156036,-0.029321531433504737,-0.017278759594743863,-0.0008726646259971648,-0.03752457891787808,-0.005934277573220349,15.841655105929158,-0.09400988216010997,-0.13980087308474579,0.04782202150464463
-0.4757174176246511,-1.948437032231123,-0.029670597283903602,-0.017627825445142728,-0.0013962634015954637,-0.022689280275926284,-0.0064577566611267005,15.84156979075862,-0.10230242493601671,-0.1392772743091475,0.04293509959906051
-0.7549189812732406,-1.8337968333611896,-0.029670597283903602,-0.025656340004316644,-0.0015707963267948964,-0.021467549799530253,-0.005557205362419065,15.839358041055968,-0.08802347157410678,-0.13892820845874862,0.04520402762665313
-0.560234441663584,7.570496108994627,-0.029845130209103034,-0.012566370614359171,-0.0017453292519943296,-0.013962634015954637,-0.005546632208783998,15.827419817366412,-0.08778977683072943,-0.13840460968315035,0.05009094953223726
-0.5020393574177875,2.3897293090739655,-0.030019663134302467,0.002617993877991494,-0.0019198621771937625,-0.013962634015954637,-0.005270488718714024,15.825394261964458,-0.08340833423531224,-0.13805554383275148,0.04345869837465881
-0.7659680175088132,-2.8237719417411644,-0.030019663134302467,-0.011693705988362009,-0.0020943951023931952,-0.010821041362364843,-0.005883951631999219,15.816347785122726,-0.09306369934761927,-0.13753194505715316,0.04310963252425994
-0.7522213751172161,5.523193817923696,-0.030019663134302467,-0.003665191429188092,-0.0020943951023931952,0.002617993877991494,-0.004981186315132572,15.813580523675974,-0.07877104239359459,-0.13718287920675432,0.04485496177625427
-0.7230616103959999,0.8036295571658693,-0.030019663134302467,0.007155849933176752,-0.0019198621771937625,0.032637657012293965,-0.006046231759571078,15.804713317973842,-0.09556012407810968,-0.13683381335635544,0.03804817769347639
-0.704110550416806,2.9072212424833532,-0.030019663134302467,0.020245819323134222,-0.0017453292519943296,0.02408554367752175,-0.00585876540476811,15.793116321108588,-0.09252922223060332,-0.13648474750595657,0.04136430327226561
-1.279523300513505,-2.9289694044164354,-0.029845130209103034,0.012915436464758038,-0.0013962634015954637,0.026179938779914945,-0.007098944728931899,15.785133736003585,-0.1120596743533826,-0.13596114873035828,0.0322885911618951
-0.4801767474020614,-4.194230299073105,-0.029670597283903602,0.038397243543875255,-0.0012217304763960308,0.012915436464758038,-0.0069110794241527855,15.773260807568088,-0.10901199380514259,-0.1356120828799594,0.030368728984701335
-0.513078838467014,-6.745964589063458,-0.029321531433504737,0.03874630939427412,-0.0010471975511965976,0.013962634015954637,-0.006806940320523067,15.77189212334151,-0.10735998658526351,-0.1350884841043611,0.03298672286269283
-0.9128843704616177,8.711315433151078,-0.028972465583105872,0.045727626402251434,-0.0010471975511965976,0.012391837689159739,-0.0051866119543362765,15.757679836032164,-0.08172970348019608,-0.1349139511791617,0.05305800926062762
-0.656303599733573,-3.866824870035054,-0.028448866807507574,0.04345869837465881,-0.0010471975511965976,-0.018675022996339326,-0.007056061781275233,15.750461331959908,-0.1111380726957635,-0.13439035240356337,0.031415926535897934
-0.9310447443301935,2.9904191343596214,-0.028274333882308142,0.031066860685499065,-0.0012217304763960308,-0.04729842272904633,-0.00569318895863271,15.746980873961336,-0.08965150625237273,-0.13386675362796507,0.04834562028024293
-0.8657724916063207,1.372402289882314,-0.027925268031909273,0.026179938779914945,-0.0019198621771937625,-0.05881759579220891,-0.006305030594616536,15.737049720804562,-0.0992238947915759,-0.13334315485236678,0.04258603374866164
-0.4709517589674501,-1.0714264613161193,-0.02775073510670984,0.027925268031909273,-0.0024434609527920616,-0.045727626402251434,-0.006742500830198616,15.7271181418253,-0.10604171406476756,-0.1329940890019679,0.03752457891787808
-0.3776101368563371,-1.2895103850064995,-0.027227136331111543,0.047472955654245766,-0.003141592653589793,-0.05759586531581288,-0.006006771390255023,15.723635698427815,-0.09444942101955255,-0.1324704902263696,0.04904375198104066
-0.6322403668181951,-3.6371472873158734,-0.027052603405912107,0.029321531433504737,-0.003490658503988659,-0.03665191429188092,-0.006530137335399272,15.723869736862348,-0.10268048835399061,-0.13194689145077132,0.03874630939427412
-0.6629102398224687,-0.04596299077105896,-0.026703537555513242,0.027227136331111543,-0.004014257279586958,-0.0307177948351002,-0.0052501550890337,15.709998995163017,-0.08248068901066447,-0.13142329267517303,0.04904375198104066
-0.5835147374944608,1.6623649536560263,-0.026354471705114377,0.033161255787892266,-0.0041887902047863905,-0.0010471975511965976,-0.005599223328184121,15.70972904180513,-0.08796320058586678,-0.13107422682477415,0.0460766922526503
-0.8274955870833631,3.993674831334924,-0.025830872929516076,0.039968039870670144,-0.004363323129985824,-0.010297442586766544,-0.004947351772186611,15.696944830441335,-0.07765894142674565,-0.13055062804917586,0.056025068989017976
-0.6612829697289011,3.599834667323191,-0.02548180707911721,0.041713369122664476,-0.0041887902047863905,0.023212879051524585,-0.006014196114057967,15.687818353660226,-0.09435075375641319,-0.130201562198777,0.04520402762665313
-1.0721120202339016,5.906899847617233,-0.025132741228718343,0.01832595714594046,-0.003839724354387525,0.031415926535897934,-0.0048169852641752435,15.684408626456399,-0.07555214958609618,-0.12950343049797924,0.0582939970166106
-0.8973952358818851,-1.5907916085453122,-0.02495820830351891,0.031066860685499065,-0.003490658503988659,0.05899212871740834,-0.005883851374426406,15.67501753116718,-0.0922305377787705,-0.1291543646475804,0.05445427266222309
-0.9180724906734463,4.750227350264555,-0.024609142453120045,0.025656340004316644,-0.0027925268031909274,0.06230825429619757,-0.0058606122931931185,15.664047298803276,-0.09180195919672168,-0.12863076587198208,0.05899212871740834
-0.700742821683129,-2.470435447883089,-0.024434609527920616,0.02234021442552742,-0.0022689280275926286,0.06475171524898962,-0.007102729063588726,15.655372126602158,-0.1111977365405164,-0.12810716709638378,0.046251225177849735
-0.6805229131195923,3.4686674201830234,-0.024260076602721184,0.021467549799530253,-0.0013962634015954637,0.06928957130417489,-0.006360183094039101,15.652780188157687,-0.09955589034031977,-0.1275835683207855,0.05567600313861911
-1.1216843285046787,-1.7394313663699388,-0.02408554367752175,0.012915436464758038,-0.0008726646259971648,0.04537856055185257,-0.006420550894202289,15.631638024762516,-0.10036510663430642,-0.1270599695451872,0.054628805587422516
-1.1795192910493968,2.813931841436351,-0.023911010752322315,0.014835298641951801,-0.0005235987755982988,0.027227136331111543,-0.0064844682593579875,15.630315635914211,-0.1013557062414956,-0.12636183784438945,0.06126105674500097
-1.6000999234545459,-4.273674666166713,-0.023736477827122883,0.01117010721276371,-0.00034906585039886593,0.016929693744344994,-0.007177549121699847,15.61067239827468,-0.11204829210650587,-0.12583823906879116,0.05009094953223726
-1.353212256891353,0.2244924640002346,-0.02356194490192345,0.024260076602721184,-0.00034906585039886593,-0.01832595714594046,-0.006689809987450063,15.597948745505274,-0.10434886996711636,-0.12514010736799341,0.06213372137099813
-0.6648878452548801,-3.579219347121354,-0.023387411976724018,0.039793506945470715,-0.0005235987755982988,-0.03246312408709453,-0.00712334180775753,15.587533949956875,-0.1110372103552417,-0.12479104151759457,0.05480333851262195
-0.9146681150837227,-0.003423595097343958,-0.02303834612632515,0.020245819323134222,-0.0010471975511965976,-0.047647488579445195,-0.006723544652638034,15.58544556676535,-0.10479101826692983,-0.1239183768915974,0.06440264939859076
-1.325944099646145,0.5522261050225998,-0.02303834612632515,-0.0019198621771937625,-0.0015707963267948964,-0.029321531433504737,-0.006140146854706741,15.563545656004992,-0.09556365687214831,-0.12339477811599911,0.06649704450098395
-1.2128779548617015,4.707750070865327,-0.02303834612632515,0.002617993877991494,-0.0019198621771937625,-0.039269908169872414,-0.005563729907843227,15.56079767284307,-0.0865769687367716,-0.12269664641520137,0.0747000919853573
-1.3447658176318593,4.0705999501000845,-0.022863813201125717,0.01710422666954443,-0.0020943951023931952,-0.028623399732707007,-0.005150031923891217,15.53777463376337,-0.08002074285018092,-0.12199851471440364,0.07557275661135447
-1.4316057877745636,3.062244607176591,-0.022863813201125717,0.005061454830783556,-0.0024434609527920616,-0.012915436464758038,-0.006568254165934473,15.529458023245613,-0.10200289422846215,-0.1213003830136059,0.06213372137099813
-1.4125845908247052,-0.8678362910725365,-0.022863813201125717,0.002617993877991494,-0.0022689280275926286,0.017278759594743863,-0.006616760368071517,15.508120246158589,-0.10261501297944535,-0.1207767842380076,0.059166661642607775
-1.3887666201327005,-1.2698072166878844,-0.022689280275926284,0.004014257279586958,-0.0020943951023931952,0.040317105721069016,-0.006035384771653047,15.505658945001242,-0.09358375416373296,-0.12007865253720987,0.06265732014659643
-1.5581397417406904,-1.3594561300411785,-0.022863813201125717,-0.00017453292519943296,-0.0017453292519943296,0.06213372137099813,-0.006080681454460761,15.484554117944208,-0.0941578015435166,-0.11955505376161159,0.06318091892219473
-1.6455138476693945,-13.227845250984636,-0.022863813201125717,0.003839724354387525,-0.0010471975511965976,0.06370451769779303,-0.00886492997753474,15.46795869282162,-0.1371259628313429,-0.11885692206081386,0.03874630939427412
-1.695562743345441,1.2357104171051074,-0.022689280275926284,0.024783675378319478,-0.0006981317007977319,0.06998770300497262,-0.00579395290257609,15.450417403682035,-0.08951999248975817,-0.11815879036001611,0.07278022980816354
-1.4082767156713425,2.9287729889156253,-0.022514747350726852,0.026179938779914945,0.00017453292519943296,0.07138396640656808,-0.006572147235607672,15.440211276603224,-0.10147680289615083,-0.11746065865921838,0.06911503837897545
-1.142517205260413,-6.649867307342887,-0.02234021442552742,0.016231562043547264,0.0008726646259971648,0.0736528944341607,-0.007430419368159153,15.420739651011862,-0.11458467136511842,-0.11676252695842065,0.05759586531581288
-0.816613488118944,2.1692454569370336,-0.022165681500327987,0.026179938779914945,0.0017453292519943296,0.07906341511534314,-0.0061977576751925155,15.416750396261882,-0.0955505065331544,-0.11606439525762292,0.07417649320975901
-1.3291691042703413,-3.411591450375041,-0.02199114857512855,0.01832595714594046,0.0022689280275926286,0.05777039824101231,-0.007054105984417085,15.397051620828579,-0.10861423554985127,-0.1153662635568252,0.06824237375297829
-1.3028886416917764,10.851261663195656,-0.021642082724729686,0.017976891295541596,0.0029670597283903604,0.059864793343405505,-0.004702378850196161,15.391263159232288,-0.07237608382740261,-0.11449359893082803,0.0958185759344887
-1.2142117489883852,0.7607327464359502,-0.021467549799530253,0.04136430327226561,0.0033161255787892262,0.03368485456349056,-0.005477866848115968,15.380857318433051,-0.08425513115054689,-0.1137954672300303,0.08499753457212385
-1.2915531193326901,7.891541632913137,-0.02076941809873252,0.05131268000863329,0.003665191429188092,0.034732052114687155,-0.005781906316794513,15.369561750095757,-0.08886635645193428,-0.11292280260403312,0.08674286382411818
-1.0964614126574832,-2.5807731706350117,-0.020594885173533087,0.04886921905584123,0.004014257279586958,0.05707226654021458,-0.007280978702653897,15.350965185032996,-0.11177202569484546,-0.11222467090323539,0.07295476273336297
-1.381904353632069,0.27033771222767916,-0.019896753472735357,0.05044001538263613,0.00471238898038469,0.0466002910282486,-0.005816245861397865,15.336508822848355,-0.08920191183349704,-0.1111774733520388,0.0853466004225227
-1.341021755638516,3.049678493941702,-0.01937315469713706,0.05689773361501515,0.005061454830783556,0.05009094953223726,-0.005942478037059174,15.32523636286812,-0.09107095249916276,-0.11047934165124106,0.08482300164692443
-1.5341916283375276,4.727040566768202,-0.018675022996339326,0.055326937288220246,0.005585053606381855,0.05166174585903215,-0.005119431269687749,15.311954297991893,-0.07838918245732837,-0.10943214410004447,0.09965830028887622
-1.7832792908009396,-2.0811339991649285,-0.01832595714594046,0.05742133239061344,0.006108652381980154,0.06091199089460211,-0.0066165399118630185,15.293117424387884,-0.10118899845715618,-0.10873401239924674,0.08220500776893293
-2.096045737253624,-0.8037043191614122,-0.017627825445142728,0.054628805587422516,0.006981317007977318,0.08220500776893293,-0.006438820783508022,15.280937696110014,-0.09839257896635685,-0.10768681484805014,0.08674286382411818
-2.258722095910376,1.1328196598783227,-0.017278759594743863,0.0317649923862968,0.00767944870877505,0.09808750396208132,-0.005580569303347715,15.248351254737988,-0.08509536430868042,-0.10681415022205297,0.09651670763528643
-2.3089996822899503,4.547357943327479,-0.016755160819145562,0.05113814708343386,0.008726646259971648,0.1033234917180643,-0.0055716043004398535,15.235509701269667,-0.08488710974993978,-0.10559241974565693,0.10402162341886204
-2.4830998878560586,1.7579522433079855,-0.016231562043547264,0.045553093477052,0.00942477796076938,0.07225663103256524,-0.005834968748014974,15.204417505179945,-0.08871830783672618,-0.1048942880448592,0.10349802464326374
-2.394173685670174,3.746172057195488,-0.0158824961931484,0.029845130209103034,0.010297442586766544,0.07120943348136864,-0.005892780538884329,15.182664258900466,-0.08946914407690215,-0.10367255756846318,0.10873401239924674
-2.5405770835352373,0.22939120959426995,-0.015707963267948967,0.02652900463031381,0.010821041362364843,0.0788888821901437,-0.006981889435139785,15.152585364060117,-0.10579539473558539,-0.102799892942466,0.10157816246606999
-2.425494609159482,3.0127261175676447,-0.0153588974175501,0.039968039870670144,0.011693705988362009,0.05881759579220891,-0.005894948038220175,15.128020385391864,-0.08917992710849458,-0.10140362954087055,0.12025318546240932
-2.5854199513701976,5.041751073098958,-0.015184364492350668,0.03804817769347639,0.011868238913561441,0.017976891295541596,-0.005663203678489572,15.095938295509601,-0.08549228725334493,-0.10053096491487337,0.11955505376161159
-3.062512749756321,-2.248576375179723,-0.015009831567151233,0.01117010721276371,0.012042771838760876,0.006981317007977318,-0.007859232932564617,15.07735117062845,-0.11849885466043032,-0.09913470151327791,0.1059414855960558
-2.815364333208331,2.1978620304957377,-0.014835298641951801,0.0164060949687467,0.011868238913561441,-0.004886921905584123,-0.005814483083832822,15.042322860998942,-0.08746431748982574,-0.09808750396208132,0.12426744274199626
-2.7873665996339096,3.461422151438074,-0.014660765716752368,0.027227136331111543,0.011868238913561441,-0.006457718232379019,-0.006199020505259946,15.020043884934061,-0.0931107527178411,-0.09651670763528643,0.12810716709638378
-3.0349596728307957,-2.7853454757992138,-0.014486232791552936,0.009250245035569947,0.011868238913561441,0.012740903539558606,-0.007345323678541227,14.980293814352747,-0.11003708584542654,-0.09564404300928926,0.11292280260403312
-3.1667151260570585,4.088447017070892,-0.014486232791552936,-0.0027925268031909274,0.012042771838760876,0.012391837689159739,-0.0057279176843550335,14.955641653177654,-0.08566562117712136,-0.09407324668249435,0.13753194505715316
-3.365966807804935,9.552305565658362,-0.014486232791552936,-0.009250245035569947,0.012217304763960308,0.01710422666954443,-0.005040561620813528,14.913079277642744,-0.07517093168528555,-0.09302604913129776,0.14067353771074298
-3.229275176428897,4.351193866624204,-0.014486232791552936,0.007853981633974483,0.012391837689159739,0.030368728984701335,-0.006742797757511877,14.892738775049539,-0.10042024749984295,-0.09145525280450287,0.1324704902263696
-3.118519202926067,-6.015090901751464,-0.014486232791552936,0.0013962634015954637,0.012740903539558606,0.047647488579445195,-0.008053765345073436,14.853082717337239,-0.11962582930307189,-0.09040805525330627,0.11205013797803595
-3.233430127676272,-0.7864201856021446,-0.014311699866353503,0.007504915783575617,0.013264502315156905,0.054628805587422516,-0.0070728172140049304,14.829264779033858,-0.1048864281782371,-0.08883725892651137,0.1296779634231787
-3.2769474784210977,1.1011890574311496,-0.014137166941154071,0.005934119456780721,0.013613568165555772,0.05445427266222309,-0.007032630510530695,14.787693006361986,-0.10399809553141122,-0.08779006137531478,0.13159782560037245
-3.2741626170614304,5.18276423546063,-0.013962634015954637,0.021642082724729686,0.014311699866353503,0.052708943410228755,-0.007383277623376003,14.765584194504656,-0.10902038838835014,-0.08621926504851989,0.1349139511791617
-3.0954783987457004,2.282680717707134,-0.013962634015954637,0.029670597283903602,0.014486232791552936,0.045029494701453704,-0.007332072258444116,14.723630367686294,-0.10795665632693285,-0.08517206749732328,0.13212142437597074
-3.0385388715505117,1.078655686227509,-0.013613568165555772,0.035255650890285456,0.015009831567151233,0.03577924966588375,-0.007171096776909006,14.70086318148392,-0.10542311969965394,-0.08342673824532895,0.14224433403753786
-3.3609124189541726,4.901353521715644,-0.013439035240356337,0.013788101090755204,0.015184364492350668,0.04520402762665313,-0.006931677659491462,14.659664555403404,-0.10161769681383026,-0.0825540736193318,0.13997540600994524
-3.4522125256092506,6.3111815229083,-0.013439035240356337,0.002617993877991494,0.015707963267948967,0.04363323129985824,-0.006817273028661155,14.627412855592294,-0.0997206119898199,-0.08080874436733745,0.14433872913993104
-3.2230550833506957,1.7384282395299202,-0.013439035240356337,0.024434609527920616,0.0158824961931484,0.014660765716752368,-0.007362038963820032,14.596064254261298,-0.10745873517276254,-0.07976154681614087,0.13753194505715316
-3.245675377998785,6.805385168633481,-0.013089969389957472,0.010821041362364843,0.016057029118347832,0.006806784082777886,-0.007743907631563668,14.564545248087228,-0.11278874768176714,-0.07819075048934597,0.13910274138394807
-3.1925839739880817,6.987332609233676,-0.013089969389957472,0.01710422666954443,0.016057029118347832,0.005061454830783556,-0.006911540382560863,14.53206823707494,-0.10044057579612785,-0.07714355293814937,0.14154620233674012
-3.6518397482323546,0.16854747033571454,-0.012915436464758038,0.015707963267948967,0.016057029118347832,0.0024434609527920616,-0.009342936757263954,14.502737183864163,-0.13550209901951957,-0.07557275661135447,0.12042771838760874
-3.577366321020436,6.868001874346744,-0.012915436464758038,-0.002617993877991494,0.016231562043547264,0.026179938779914945,-0.007868269163540664,14.459981990435864,-0.11377737838331382,-0.07452555906015788,0.1303760951239764
-3.106709775769541,4.847864487240135,-0.012915436464758038,0.0008726646259971648,0.016580627893946133,0.0307177948351002,-0.008744840772647693,14.429161145517885,-0.12618393323950855,-0.07312929565856241,0.12409290981679684
-3.4931359593126365,1.8466381653701087,-0.012915436464758038,-0.00034906585039886593,0.016580627893946133,0.006457718232379019,-0.007941137376260593,14.386967895253767,-0.11425129011960272,-0.07208209810736581,0.12182398178920421
-3.5102528897736622,0.1902439945403401,-0.012915436464758038,-0.0041887902047863905,0.016755160819145562,0.017453292519943295,-0.008929236444324447,14.36611759040862,-0.12828187012837838,-0.07051130178057091,0.12007865253720987
-3.6136067143077604,0.5223217135080241,-0.012740903539558606,-0.005934119456780721,0.016755160819145562,0.014311699866353503,-0.008631668421141532,14.324706096328097,-0.12364918412539022,-0.06963863715457375,0.11693705988362008
-3.5964702793732792,1.834487474325913,-0.012915436464758038,0.0024434609527920616,0.016929693744344994,0.009599310885968814,-0.009494465757622155,14.293912825834811,-0.13571714396038587,-0.06824237375297829,0.1111774733520388
-3.4983756921873983,1.6707862212460354,-0.012740903539558606,-0.00017453292519943296,0.01710422666954443,0.007504915783575617,-0.009185941115632097,14.252661171759058,-0.13092778891391016,-0.06736970912698112,0.10646508437165411
-3.278150301141311,2.721515593331367,-0.012740903539558606,-0.003141592653589793,0.01710422666954443,0.012915436464758038,-0.008465512896923075,14.220575798809842,-0.1203873436895645,-0.0661479786505851,0.11030480872604163
-3.1741098509016403,2.4105408756735818,-0.012740903539558606,0.02356194490192345,0.017278759594743863,0.030543261909900768,-0.008845359541228861,14.179519309019405,-0.12542621755900368,-0.06527531402458793,0.102799892942466
-3.68782723134859,-1.6677876114433148,-0.012566370614359171,0.010471975511965976,0.017453292519943295,0.009250245035569947,-0.009467199298622263,14.158883605305483,-0.13404897780247182,-0.06405358354819189,0.09337511498169664
-4.002881793441713,2.0975018408973196,-0.012391837689159739,0.006981317007977318,0.017627825445142728,0.025656340004316644,-0.007772205973315579,14.10646106726492,-0.10964052867015572,-0.06318091892219473,0.10297442586766545
-3.792739712317833,2.4223372908342107,-0.012391837689159739,0.01815142422074103,0.017976891295541596,0.032637657012293965,-0.009144978660199893,14.076252549833464,-0.1287306178115768,-0.0619591884457987,0.09791297103688189
-3.8263870060120517,4.931609894165283,-0.012217304763960308,0.049567350756638956,0.01815142422074103,-0.005061454830783556,-0.007913664052673066,14.033909112287173,-0.11106196052842941,-0.06126105674500097,0.09808750396208132
-3.8691146174582074,2.488036397597349,-0.011693705988362009,0.026354471705114377,0.017976891295541596,0.008377580409572781,-0.009158128266593837,13.994220457261914,-0.12816444906552008,-0.06021385919380437,0.0916297857297023
-3.7973436444863733,2.939828037211836,-0.011519173063162575,0.02530727415391778,0.01815142422074103,-0.012740903539558606,-0.008084509286754405,13.952394206546302,-0.11280071807095367,-0.059341194567807204,0.09128071987930345
-4.119557409512174,-3.715895565849302,-0.011344640137963142,0.01832595714594046,0.01815142422074103,0.012042771838760876,-0.009276719519049157,13.922431191660934,-0.12915819422106714,-0.0582939970166106,0.08447393579652555
-4.0510672925248254,-5.2321459335464615,-0.010995574287564275,0.0486946861306418,0.01815142422074103,0.014660765716752368,-0.009499245196650146,13.871396103080755,-0.13177175633063504,-0.05759586531581288,0.07435102613495843
-4.446469044230424,4.116807672117836,-0.010471975511965976,0.03612831551628262,0.01815142422074103,-0.012566370614359171,-0.00708671191804748,13.838683192877097,-0.09807240289913918,-0.056548667764616284,0.09721483933608416
-4.201213327373217,-0.4656952183961052,-0.010122909661567111,0.039095375244672985,0.01815142422074103,0.011344640137963142,-0.0072916744683409074,13.78802286309386,-0.10053955613238956,-0.05585053606381855,0.08901179185171082
-4.015500181450134,6.522039377151374,-0.009773843811168246,0.027401669256310976,0.01832595714594046,0.023736477827122883,-0.00707036563801391,13.747064021840158,-0.09719838874042103,-0.05480333851262195,0.09407324668249435
-3.8726531696746496,10.500324020889808,-0.009599310885968814,0.041015237421866746,0.018500490071139894,0.009773843811168246,-0.007220827844462811,13.706312269443565,-0.09897264144229177,-0.054105206811824215,0.09337511498169664
-3.9428692351614836,3.832434502977407,-0.009250245035569947,0.027925268031909273,0.018675022996339326,0.014660765716752368,-0.0076724712079848335,13.675888548579783,-0.1049299201040468,-0.05305800926062762,0.08988445647770797
-3.8964412060107794,4.090343705805488,-0.00890117918517108,0.04293509959906051,0.018675022996339326,0.009773843811168246,-0.007128255878521041,13.62454924827261,-0.0971209182471687,-0.05235987755982989,0.09093165402890457
-3.971098208973519,-0.510869296604302,-0.008552113334772215,0.03159045946109736,0.01884955592153876,0.016755160819145562,-0.008306488788218203,13.594640841367008,-0.11292632896171204,-0.05131268000863329,0.07923794804054256
-3.450333524522059,1.0613129348014303,-0.008377580409572781,0.033161255787892266,0.019024088846738195,0.02199114857512855,-0.007532985276130552,13.553524162706484,-0.1021004292237853,-0.050789081233034994,0.08307767239493008
-3.4172938046793906,3.595398023174251,-0.008028514559173916,0.027227136331111543,0.019198621771937627,0.014137166941154071,-0.0072329683854121035,13.522436450058091,-0.09780906099708678,-0.04974188368183839,0.09093165402890457
-3.6915865487552515,-4.4874130869659234,-0.007853981633974483,0.02303834612632515,0.01937315469713706,-0.00017453292519943296,-0.008142389216297608,13.4724173504494,-0.10970009007969461,-0.04904375198104066,0.07557275661135447
-4.074005820962705,4.134241432157565,-0.007853981633974483,-0.00034906585039886593,0.01937315469713706,0.00471238898038469,-0.006520359562486319,13.44055348399665,-0.08763848342397565,-0.04782202150464463,0.09773843811168247
-3.8246841221562953,0.02112729554122986,-0.007853981633974483,0.0027925268031909274,0.01937315469713706,-0.005585053606381855,-0.008125691520386988,13.400927175944078,-0.10889419697683893,-0.0471238898038469,0.079412480965742
-3.4826473043217594,3.253986833954428,-0.00767944870877505,0.012566370614359171,0.019198621771937627,-0.0066322511575784525,-0.0076287261572083424,13.369770253548124,-0.10199629469864029,-0.046251225177849735,0.0841248699461267
-3.456713123723017,-3.8538413444833926,-0.007853981633974483,-0.014311699866353503,0.019024088846738195,-0.027052603405912107,-0.008488261650303489,13.329982192007758,-0.11315109418690966,-0.045553093477052,0.07504915783575616
-3.6046465409726767,-4.814686449278176,-0.008028514559173916,-0.009948376736367679,0.018675022996339326,-0.0322885911618951,-0.008906533364309764,13.29929454348212,-0.11845374275702594,-0.04450589592585541,0.07243116395776468
-3.6608841928176967,3.2898779379320646,-0.008377580409572781,-0.04258603374866164,0.01832595714594046,-0.04363323129985824,-0.007370223459884762,13.248230904220415,-0.09764419023577219,-0.0439822971502571,0.08377580409572781
-3.4606112626892767,7.5799848876209035,-0.00890117918517108,-0.04293509959906051,0.01780235837034216,-0.05044001538263613,-0.006229844834044472,13.226892565593209,-0.08240255436391031,-0.04293509959906051,0.09564404300928926
-3.4659047305855197,-2.3655253789387283,-0.009250245035569947,-0.04241150082346221,0.017278759594743863,-0.05061454830783556,-0.007834274418504653,13.187408349212173,-0.10331588958563202,-0.04223696789826278,0.0757472895365539
-3.596345686822131,1.4047653791115593,-0.009599310885968814,-0.04345869837465881,0.016755160819145562,-0.06213372137099813,-0.007302800732718927,13.156443641424081,-0.09608059429211512,-0.04136430327226561,0.08237954069413235
-3.736955765327622,-0.9383103407666568,-0.009948376736367679,-0.041887902047863905,0.016231562043547264,-0.04799655442984406,-0.008774004165154059,13.106765927852415,-0.11500176992395522,-0.04084070449666731,0.059166661642607775
-3.713820429436753,-1.3408943142558871,-0.010471975511965976,-0.032114058236695664,0.015707963267948967,-0.03717551306747922,-0.007468937941331855,13.075406994341341,-0.09766121941662669,-0.039968039870670144,0.07417649320975901
-3.736133818211623,3.857236484978899,-0.010821041362364843,-0.044331363000655974,0.0153588974175501,-0.04345869837465881,-0.006605273342375566,13.034826051892313,-0.08609984121495085,-0.03944444109507185,0.06946410422937431
-3.4614481964671513,-1.9115062519749404,-0.01117010721276371,-0.0317649923862968,0.014835298641951801,-0.03682644721708035,-0.008352180620685096,13.005060335724218,-0.10862313872961167,-0.038571776469074684,0.054628805587422516
-3.6444574800547693,-3.97518813835472,-0.011519173063162575,-0.04363323129985824,0.014660765716752368,-0.019896753472735357,-0.008845759290640878,12.965295208885584,-0.11469087198854727,-0.03822271061867582,0.04991641660703782
-3.7314828289413904,-4.25672094305884,-0.012042771838760876,-0.045029494701453704,0.014486232791552936,-0.020245819323134222,-0.009478397923075053,12.93528162077292,-0.12260941821520512,-0.03769911184307752,0.038571776469074684
-3.6665593654125734,8.374530904307374,-0.012217304763960308,-0.018500490071139894,0.014486232791552936,-0.009599310885968814,-0.006875161307275807,12.893416387277606,-0.08864571416604139,-0.03735004599267865,0.059166661642607775
-3.5676100456554467,2.301689555571267,-0.012391837689159739,-0.010471975511965976,0.014137166941154071,-0.017976891295541596,-0.009831510591580361,12.864373377082455,-0.12648029827329843,-0.03682644721708035,0.03246312408709453
-3.7128516718205606,-1.6308700735952304,-0.012566370614359171,-0.0153588974175501,0.014137166941154071,-0.024260076602721184,-0.009582831085636762,12.814252217318959,-0.12280057346255323,-0.03647738136668149,0.02356194490192345
-3.708319558530337,-4.665872537889972,-0.012740903539558606,-0.016580627893946133,0.013962634015954637,-0.011344640137963142,-0.00922307170689446,12.793865189826658,-0.11800208202415702,-0.03612831551628262,0.027227136331111543
-3.827717731831005,-0.06575518670302849,-0.012740903539558606,0.004363323129985824,0.013788101090755204,-0.025656340004316644,-0.008966275152815804,12.743246781127278,-0.11426251900664942,-0.03577924966588375,0.02356194490192345
-3.8918728232188826,5.335642958960614,-0.012740903539558606,0.003839724354387525,0.013264502315156905,-0.03630284844148206,-0.00784923737843626,12.712518985947778,-0.09978562848873258,-0.03543018381548489,0.03665191429188092
-3.77355911035971,-3.1855733677547646,-0.012740903539558606,0.016755160819145562,0.013089969389957472,-0.02949606435870417,-0.008160397858932697,12.672402073498382,-0.10341413827961349,-0.035255650890285456,0.027052603405912107
-4.044980555398523,9.713377573992831,-0.012566370614359171,0.012740903539558606,0.012740903539558606,-0.0322885911618951,-0.007065014311175695,12.631822261035959,-0.08924548993455853,-0.03490658503988659,0.03804817769347639
-3.889648238479265,1.6504783953815363,-0.012391837689159739,0.011693705988362009,0.012391837689159739,-0.023736477827122883,-0.008166151579239755,12.592304412255112,-0.10283295241307236,-0.034732052114687155,0.018675022996339326
-3.9951712771649883,2.9150461841496353,-0.012217304763960308,0.02408554367752175,0.012217304763960308,-0.02600540585471551,-0.009098767694375457,12.55255394548119,-0.11421592422485473,-0.034732052114687155,0.008028514559173916
-3.7045579962402004,-6.914319018269437,-0.012042771838760876,0.039793506945470715,0.011693705988362009,-0.038397243543875255,-0.009413442641557697,12.512438826268411,-0.11778860441433175,-0.034557519189487726,0.002617993877991494
-3.5995925983675274,-4.204801000423997,-0.011693705988362009,0.01937315469713706,0.011344640137963142,-0.04485496177625427,-0.008893013657400847,12.48244440006847,-0.11100947496336364,-0.03438298626428829,0.0029670597283903604
-3.8048272665104883,7.920415179779719,-0.011344640137963142,0.03508111796508603,0.010995574287564275,-0.020245819323134222,-0.007459921311733561,12.431550157007099,-0.09274010630266481,-0.03438298626428829,0.016580627893946133
-3.978668681633719,6.021683798641177,-0.010821041362364843,0.059864793343405505,0.010821041362364843,-0.00890117918517108,-0.006930169993763942,12.400874828462523,-0.08594154648259417,-0.03420845333908886,0.015009831567151233
-4.009739643909928,-1.9998530503275516,-0.01064650843716541,0.026703537555513242,0.01064650843716541,-0.010297442586766544,-0.007905304223152118,12.351675305881862,-0.09764578505358819,-0.03420845333908886,0.006806784082777886
-3.5499692251414876,9.779720040310817,-0.010297442586766544,0.034557519189487726,0.010471975511965976,-0.011693705988362009,-0.005717346373903222,12.33063575919969,-0.07049928380881675,-0.034033920413889425,0.02234021442552742
-3.8970508218830595,3.9209665461832675,-0.010122909661567111,0.027227136331111543,0.010297442586766544,0.004537856055185257,-0.006692692513687267,12.281101059816288,-0.08219486035424184,-0.034033920413889425,0.013613568165555772
-4.073472881492424,-3.773995227802794,-0.009599310885968814,0.029321531433504737,0.010471975511965976,0.00890117918517108,-0.008597992109734288,12.251655300103,-0.10534223143886075,-0.03385938748868999,-0.003839724354387525
-4.093762867949368,3.6859582040214587,-0.00942477796076938,0.04241150082346221,0.01064650843716541,0.014486232791552936,-0.007134350466350448,12.200811325563185,-0.08704634083137097,-0.03385938748868999,0.013962634015954637
-3.636941869327745,5.208952024196909,-0.009075712110370514,0.023212879051524585,0.010821041362364843,0.015009831567151233,-0.00576785282504099,12.170309205705596,-0.07019733078003125,-0.03368485456349056,0.02530727415391778
-3.4704815741266737,4.093183795300862,-0.00890117918517108,0.028274333882308142,0.010821041362364843,0.015533430342749533,-0.00692950621799446,12.120562257526526,-0.08399085589264177,-0.033510321638291124,0.018500490071139894
-3.910226937130655,-2.088611595040574,-0.008726646259971648,0.020420352248333655,0.010995574287564275,0.00942477796076938,-0.008030647672304388,12.090976491796015,-0.09710045960705943,-0.033335788713091695,0.010995574287564275
-3.7471257335426458,0.9085051744392317,-0.008552113334772215,0.0153588974175501,0.01117010721276371,0.015533430342749533,-0.0066842379393947954,12.050222775161986,-0.08054775585418694,-0.033161255787892266,0.02199114857512855
-3.9407788495558878,-1.5903177505586932,-0.008552113334772215,0.0006981317007977319,0.011344640137963142,0.02234021442552742,-0.006301329143118355,12.020054159446683,-0.0757433200864351,-0.0328121899374934,0.025132741228718343
-3.6707688226744923,-3.668799146431491,-0.008377580409572781,0.0020943951023931952,0.011519173063162575,0.0024434609527920616,-0.00747396796012758,11.970298012937047,-0.0894672897148857,-0.032637657012293965,0.02076941809873252
-3.9274610436513164,2.3023953004543705,-0.008377580409572781,-0.00017453292519943296,0.011519173063162575,0.006457718232379019,-0.005587591492824176,11.939386601991812,-0.0667131092955756,-0.032114058236695664,0.04153883619746504
-3.6203242292422244,2.004687710690306,-0.008377580409572781,0.015184364492350668,0.011519173063162575,0.0010471975511965976,-0.005888934584633761,11.899145256353727,-0.07007409807567033,-0.031939525311496235,0.03735004599267865
-3.677073569332873,0.4498255912945694,-0.008377580409572781,0.0054105206811824215,0.011344640137963142,-0.003490658503988659,-0.005666159587944416,11.868808694847164,-0.06725128389432039,-0.031415926535897934,0.038571776469074684
-3.7294741759831145,6.208613101631332,-0.008377580409572781,-0.00767944870877505,0.011344640137963142,-0.0008726646259971648,-0.005151948608024807,11.818594351972381,-0.06088932944126073,-0.031241393610698498,0.045727626402251434
-3.6913791468775066,-4.289679526033698,-0.008377580409572781,-0.0029670597283903604,0.011519173063162575,0.0024434609527920616,-0.005911701657436478,11.798558994593764,-0.06975037331597739,-0.030543261909900768,0.039793506945470715
-3.358729893771511,2.778180790117352,-0.008377580409572781,0.01884955592153876,0.011519173063162575,0.0029670597283903604,-0.004714683720425647,11.74770337808866,-0.055387116255757506,-0.0301941960595019,0.04799655442984406
-3.8085085719779306,-1.0455172946806337,-0.008377580409572781,-0.003490658503988659,0.011519173063162575,0.006108652381980154,-0.006180325014663945,11.71823500126855,-0.07242342301349428,-0.029670597283903602,0.04258603374866164
-3.8891429695398387,2.8551187738703123,-0.008377580409572781,0.004537856055185257,0.011519173063162575,0.017976891295541596,-0.004084791943013865,11.67718056596952,-0.047699118388233055,-0.029321531433504737,0.057944931166211744
-3.8106988006760893,-4.330853341769706,-0.008377580409572781,-0.0033161255787892262,0.011693705988362009,0.008552113334772215,-0.006584932381566041,11.647813907033992,-0.07670117559586458,-0.028623399732707007,0.04590215932745086
-3.5141187552089623,-4.417507430491807,-0.008377580409572781,-0.0024434609527920616,0.011693705988362009,0.01117010721276371,-0.005536759461026645,11.597315516363004,-0.06421220256586178,-0.028099800957108706,0.05131268000863329
-3.820031801353092,-7.733104371868441,-0.008377580409572781,-0.0029670597283903604,0.012042771838760876,0.015533430342749533,-0.005458029621405377,11.567006205132408,-0.0631336894192117,-0.027401669256310976,0.05480333851262195
-3.733399199645496,2.8603225013217357,-0.008377580409572781,0.003141592653589793,0.012042771838760876,0.015184364492350668,-0.005228561334835259,11.526634901343803,-0.060268266768614964,-0.026878070480712675,0.05742133239061344
-3.65352580622721,-6.329977486838645,-0.00820304748437335,0.008552113334772215,0.012217304763960308,0.0012217304763960308,-0.006010411021524181,11.496591805957825,-0.06910007418349365,-0.026179938779914945,0.05480333851262195
-3.5336670375215187,-2.215200499238544,-0.00820304748437335,0.01832595714594046,0.012217304763960308,0.013089969389957472,-0.005102754485458056,11.445885056205496,-0.058406048239043114,-0.02548180707911721,0.06667157742618339
-3.709214430423618,-0.03596309207297216,-0.008028514559173916,0.02548180707911721,0.012391837689159739,0.01815142422074103,-0.004304571016550948,11.415260902833875,-0.04913810472782698,-0.024609142453120045,0.07312929565856241
-3.9804676766639906,-0.7108018848190123,-0.007853981633974483,0.014835298641951801,0.012566370614359171,0.013439035240356337,-0.004051001419176671,11.375157576041932,-0.04608103155683071,-0.02408554367752175,0.07243116395776468
-3.8197717651047207,-9.363334484415208,-0.00767944870877505,0.014137166941154071,0.012740903539558606,0.013613568165555772,-0.006079238018301055,11.335336219808706,-0.06891105581817257,-0.02303834612632515,0.06649704450098395
-3.965472574598217,-4.797489811864441,-0.007504915783575617,0.015009831567151233,0.012915436464758038,0.013439035240356337,-0.004935962439400872,11.29485019047408,-0.055751409070245346,-0.022514747350726852,0.07051130178057091
-3.5636840333560285,-6.510706720126238,-0.007330382858376184,0.028623399732707007,0.013089969389957472,0.022689280275926284,-0.006056270791521443,11.264636916407076,-0.06822252563402624,-0.021467549799530253,0.06911503837897545
-3.560755029459244,3.3847533757239803,-0.007155849933176752,0.019024088846738195,0.013264502315156905,0.02548180707911721,-0.0040283239498251,11.214048495225152,-0.045174064480525244,-0.020943951023931952,0.08395033702092726
-3.8168515159983545,3.9375050986407265,-0.006981317007977318,0.02111848394913139,0.013613568165555772,0.03577924966588375,-0.0033546997793945845,11.183525144315352,-0.03751751007541291,-0.019896753472735357,0.08883725892651137
-4.215557935369223,4.821735791049255,-0.006981317007977318,-0.010471975511965976,0.013788101090755204,0.03246312408709453,-0.003259148690528211,11.133663753542933,-0.03628639412186499,-0.019198621771937627,0.08918632477691024
-3.955076367900102,6.639635571114044,-0.006981317007977318,0.01710422666954443,0.014137166941154071,0.020071286397934793,-0.003466630120844666,11.10316457406181,-0.038490718936979564,-0.01815142422074103,0.09232791743050003
-3.655698365011144,7.073491129640697,-0.006806784082777886,0.005934119456780721,0.014137166941154071,0.020420352248333655,-0.002435432126035815,11.062851713652474,-0.026942877738050444,-0.017453292519943295,0.09965830028887622
-3.996408873828694,2.470627734362471,-0.006806784082777886,0.011519173063162575,0.014311699866353503,-0.006806784082777886,-0.004442851322866983,11.032918149102988,-0.04901793751476087,-0.0164060949687467,0.09058258817850572
-4.104785258134646,0.4008879697622961,-0.006806784082777886,-0.008726646259971648,0.014486232791552936,0.025656340004316644,-0.004325484051502565,10.982867632115296,-0.047506515062174307,-0.015707963267948967,0.08813912722571364
-4.138599584036785,7.308782427577877,-0.006981317007977318,0.0027925268031909274,0.014835298641951801,0.031415926535897934,-0.002879293186556596,10.942315160655497,-0.03150622055292575,-0.014486232791552936,0.10437068926926091
-3.9270519727814963,-1.6339106241777093,-0.006981317007977318,0.0013962634015954637,0.014835298641951801,0.004537856055185257,-0.0036410887154912585,10.902295276217924,-0.03969639972870997,-0.013788101090755204,0.09023352232810683
-3.6634930356620354,0.17134691565997937,-0.006981317007977318,0.011868238913561441,0.014835298641951801,-0.0017453292519943296,-0.003991243373763748,10.871976460472222,-0.04339293442464405,-0.012566370614359171,0.09546951008408983
-3.8767785921290274,-1.4064009785237463,-0.007155849933176752,-0.007504915783575617,0.014835298641951801,0.006806784082777886,-0.002917918635697356,10.821861613566321,-0.03157740129450143,-0.011868238913561441,0.09983283321407564
-3.896108454081276,2.656980171718799,-0.007330382858376184,-0.013962634015954637,0.014835298641951801,-0.00034906585039886593,-0.003254112862329093,10.79179506335407,-0.0351178430805803,-0.01064650843716541,0.09983283321407564
-3.6927494433044026,1.194638592524242,-0.007504915783575617,-0.02111848394913139,0.015009831567151233,-0.007330382858376184,-0.004016859768756629,10.741859057326627,-0.04314877356010191,-0.009948376736367679,0.09442231253289324
-3.7154684470915877,3.170236612818411,-0.00767944870877505,0.003490658503988659,0.015184364492350668,0.020071286397934793,-0.0024667590950992356,10.721321200460697,-0.026446970225131965,-0.008726646259971648,0.10559241974565693
-3.9182273444930846,1.0582194352172305,-0.007853981633974483,-0.011868238913561441,0.015184364492350668,0.013788101090755204,-0.002454736206659521,10.671383821875118,-0.02619548485837694,-0.007853981633974483,0.10262536001726658
-3.757303957180856,1.1639328474455528,-0.008028514559173916,-0.015184364492350668,0.015184364492350668,0.0,-0.0027657236176723884,10.641370836626475,-0.02943116568919664,-0.0066322511575784525,0.10175269539126941
-3.7947388900442514,-1.2649710877852856,-0.008028514559173916,-0.022165681500327987,0.015184364492350668,0.010821041362364843,-0.0027385485303859543,10.591285949494722,-0.029004823080577415,-0.005759586531581287,0.10192722831646885
-3.6687486126707207,5.7863921123746715,-0.00820304748437335,-0.006806784082777886,0.015184364492350668,-0.0020943951023931952,-0.0020906777161577416,10.56100204012843,-0.022079683795210813,-0.004537856055185257,0.11362093430483085
-3.5590888036315733,-0.26381069036849847,-0.008377580409572781,-0.009250245035569947,0.015009831567151233,-0.013962634015954637,-0.002038013091245887,10.520952927578323,-0.021441869485044018,-0.003665191429188092,0.1075122819228507
-3.869783891300569,-2.9674443781372206,-0.008377580409572781,-0.006981317007977318,0.015009831567151233,0.007155849933176752,-0.002497308476154864,10.49080740239691,-0.026198836711185062,-0.0022689280275926286,0.10576695267085638
-3.7705189348180577,2.7038926167013377,-0.008552113334772215,-0.034033920413889425,0.014835298641951801,0.0013962634015954637,-0.0014771402241131988,10.441103770229558,-0.015422985580507404,-0.0013962634015954637,0.11030480872604163
-3.7677409910728517,-2.0256293851749207,-0.00890117918517108,-0.020943951023931952,0.015009831567151233,0.0017453292519943296,-0.0019210569369331372,10.41092276466193,-0.02,-0.0,0.11030480872604163
-3.7033766809634714,-4.203094042657429,-0.009075712110370514,-0.017278759594743863,0.014835298641951801,-0.01064650843716541,-0.0028010747020786337,10.370822103238806,-0.029049523407555466,-6.282312642553589,0.09791297103688189
-3.4851168951404707,-2.6742717188777796,-0.00942477796076938,-0.02234021442552742,0.014835298641951801,-0.009250245035569947,-0.0013016901841488354,10.34095054058029,-0.013460721416046316,-6.280916379151994,0.11274826967883368
-3.639936655094231,-6.278352400430019,-0.00942477796076938,-0.010471975511965976,0.014660765716752368,-0.0054105206811824215,-0.0011997471157969579,10.30087399939858,-0.01235844980052285,-6.280043714525997,0.10803588069844901
-3.6994292282002945,-3.7281144654901297,-0.009773843811168246,-0.0158824961931484,0.014486232791552936,-0.017278759594743863,-0.002590192812912384,10.27096053781785,-0.026603827662691936,-6.278647451124401,0.10629055144645466
-3.281391764635719,0.3860859310048623,-0.009948376736367679,-0.014660765716752368,0.014486232791552936,0.0010471975511965976,-0.0014965018911503236,10.221053326394593,-0.015295837050933195,-6.277774786498404,0.10803588069844901
-3.763423044366636,-2.3582468116865574,-0.010122909661567111,-0.015184364492350668,0.014486232791552936,-0.023736477827122883,-0.0009243995690823567,10.201269129723253,-0.009430051473648247,-6.276378523096809,0.10838494654884787
-3.5888878994895874,0.39609815261169073,-0.010122909661567111,-0.011868238913561441,0.014311699866353503,-0.010995574287564275,0.00020213958729674707,10.151414632806663,0.0020520027923022583,-6.275505858470812,0.11676252695842065
-3.766361368786038,-9.437094154198643,-0.010297442586766544,-0.004537856055185257,0.014311699866353503,0.012217304763960308,-0.002158611364207741,10.121226542510529,-0.02184782856846413,-6.274109595069216,0.10053096491487337
-3.5397448385302446,-0.6988859545294862,-0.010471975511965976,-0.007504915783575617,0.014486232791552936,0.019547687622336492,-0.001019928955267569,10.081519304365733,-0.010282437017064244,-6.273236930443219,0.10524335389525807
-3.447597785692936,5.626157357209175,-0.01064650843716541,-0.019198621771937627,0.014486232791552936,0.0066322511575784525,0.0015897488487707314,10.052174776052784,0.015980446740342852,-6.271840667041624,0.1254891732183923
-3.672871759624726,3.3995667974825117,-0.01064650843716541,-0.017976891295541596,0.014486232791552936,-0.012391837689159739,0.0007688745485105581,10.012190145962569,0.007698119695039746,-6.270968002415627,0.11903145498601328
-3.551594546557985,3.4585683863512093,-0.010821041362364843,0.010122909661567111,0.014311699866353503,0.0005235987755982988,0.0004135293238701697,9.981911622815252,0.004127813399608892,-6.269571739014031,0.11588986233242349
-3.748044672298329,1.5685574941272715,-0.010821041362364843,-0.017976891295541596,0.014311699866353503,0.005585053606381855,-0.0005629314672479627,9.932351606425687,-0.005591233853633339,-6.268524541462835,0.10943214410004447
-3.6538573598801234,3.6861528139417516,-0.010995574287564275,-0.006283185307179586,0.014311699866353503,-0.013613568165555772,0.0012700481736511175,9.912720075796575,0.012589638797303912,-6.267302810986439,0.12042771838760874
-3.4302992175694933,-2.247604022369253,-0.010995574287564275,0.01937315469713706,0.014311699866353503,-0.0033161255787892262,-0.0007038699884855702,9.862238872700939,-0.006941735108158115,-6.266255613435242,0.10768681484805014
-3.6736062859083494,2.6400190040826863,-0.010821041362364843,0.006108652381980154,0.014311699866353503,-0.003665191429188092,0.00015780472808833818,9.832695267772861,0.0015516458159862522,-6.265033882958845,0.11309733552923257
-3.523595417104404,-2.8702077620023774,-0.010821041362364843,-0.0,0.014311699866353503,0.016057029118347832,-0.0006399833360541758,9.792702457918207,-0.00626716724363712,-6.264161218332848,0.10419615634406147
-3.3601997207588785,-0.07414411946161782,-0.010821041362364843,0.0029670597283903604,0.014486232791552936,0.021467549799530253,-0.0009754108017308292,9.7728936815451,-0.009532589084331357,-6.262764954931252,0.10419615634406147
-3.367262044891871,3.7364691183106524,-0.01064650843716541,0.0158824961931484,0.014660765716752368,0.003490658503988659,0.00030853436599766686,9.72310081569226,0.002999910840891635,-6.261892290305256,0.1111774733520388
-3.2255992525755106,-1.5693518883506044,-0.01064650843716541,0.005061454830783556,0.014660765716752368,0.0015707963267948964,-1.2754271599705877e-05,9.703541595243806,-0.00012376160499149357,-6.26049602690366,0.11030480872604163
-3.6389334746038333,-0.7276230083140569,-0.01064650843716541,-0.0017453292519943296,0.014660765716752368,-0.0020943951023931952,0.0002430548886114726,9.66378674642077,0.0023488306574692475,-6.259623362277663,0.11065387457644049
-3.315785788375733,5.515744874388301,-0.010471975511965976,0.022514747350726852,0.014835298641951801,0.017453292519943295,0.0011709463848561534,9.63396633333225,0.01128086320563032,-6.2584016318012665,0.11955505376161159
-3.2767746824737145,6.3476741983909655,-0.010471975511965976,0.008552113334772215,0.015009831567151233,-0.0006981317007977319,0.001448452878011393,9.594453822945097,0.01389712397158854,-6.25752896717527,0.11815879036001611
-3.4422215140240033,5.605025562567245,-0.010297442586766544,-0.0013962634015954637,0.015009831567151233,0.022863813201125717,0.00013733198234166342,9.564572368865454,0.0013135216919242976,-6.256132703773674,0.1101302758008422
-3.474538118775334,3.215715310996117,-0.010297442586766544,0.01832595714594046,0.015184364492350668,0.010122909661567111,0.001477890805064226,9.524940046992233,0.01407683156292925,-6.255260039147678,0.1165879940332212
-3.6737000656481364,1.4709552040319958,-0.009948376736367679,0.023387411976724018,0.0153588974175501,0.023911010752322315,0.00034915958367827887,9.494853157927576,0.0033152191104305075,-6.254038308671281,0.10890854532444617
-2.9965310212201492,-1.8092404068773622,-0.009948376736367679,0.015184364492350668,0.0153588974175501,0.005061454830783556,-0.0003986648981439086,9.454971918813412,-0.003769365616660343,-6.253165644045285,0.10070549784007282
-3.3512080992657953,-1.2206068782949424,-0.009773843811168246,-0.00820304748437335,0.0153588974175501,-0.0020943951023931952,-0.00046549612700743536,9.425575471688846,-0.004387569193796658,-6.251943913568888,0.10437068926926091
-3.5122151054504682,4.952822352397752,-0.009773843811168246,-0.0027925268031909274,0.0153588974175501,-0.0017453292519943296,0.0008876946784339982,9.396227095229284,0.008340982980695813,-6.251071248942891,0.11100294042683936
-3.7662316488842342,1.7642418197991994,-0.009599310885968814,0.016580627893946133,0.0153588974175501,0.0006981317007977319,0.0006643440664720647,9.36628281674148,0.006222435329631733,-6.2496749855412945,0.1111774733520388
-3.200017262831474,3.6259610146368986,-0.00942477796076938,0.011344640137963142,0.0153588974175501,-0.004014257279586958,0.001047835590459314,9.316747304785192,0.00976242298618485,-6.248802320915298,0.10646508437165411
-3.099765937428742,0.7676904117766529,-0.00942477796076938,0.01780235837034216,0.015184364492350668,-0.02303834612632515,0.0020522131205978717,9.297383508282755,0.01908023920891196,-6.2475805904389015,0.11274826967883368
-3.189522700352345,-2.630643033743786,-0.00942477796076938,0.0033161255787892262,0.015009831567151233,-0.012042771838760876,0.0013422690838349946,9.257613495615333,0.012426215847973227,-6.246707925812905,0.10524335389525807
-3.2423229091551993,-0.05088320784629473,-0.00942477796076938,0.006981317007977318,0.014835298641951801,-0.00471238898038469,0.00020253539626881163,9.237542620195052,0.0018709293807134485,-6.245486195336509,0.09983283321407564
-3.318150795448163,0.4457385115649804,-0.00942477796076938,0.00890117918517108,0.014835298641951801,0.0,0.0017112608314026787,9.188351354855923,0.0157236811272144,-6.244613530710512,0.10314895879286488
-2.946948585052797,1.0048172980542187,-0.009250245035569947,0.01780235837034216,0.014835298641951801,0.006108652381980154,0.0014927707492606186,9.168678775105741,0.013686745651198793,-6.243217267308916,0.10873401239924674
-2.762547981237946,3.864264124355347,-0.009250245035569947,0.016929693744344994,0.014835298641951801,-0.0027925268031909274,0.004084822958462776,9.129947120498793,0.037294425036435076,-6.24234460268292,0.11955505376161159
-2.8099612510468406,5.494442442037622,-0.009250245035569947,0.0066322511575784525,0.014835298641951801,-0.0015707963267948964,0.0029617363411853738,9.110189416422484,0.026982057964224565,-6.241122872206524,0.11501719770642631
-3.1198587719879676,-1.460696179899093,-0.009075712110370514,0.0024434609527920616,0.014835298641951801,0.009250245035569947,0.0022876602871680697,9.07023639074432,0.02074965578335591,-6.240250207580527,0.11274826967883368
-3.0357964971482043,0.9209031843919724,-0.009075712110370514,0.025830872929516076,0.015009831567151233,0.012915436464758038,0.003198962257143601,9.050800270633031,0.028953267225831827,-6.23885394417893,0.11676252695842065
-2.9507272351283063,4.941095431450433,-0.00890117918517108,0.03682644721708035,0.015184364492350668,0.021467549799530253,0.004579609466004654,9.011592589568295,0.04126986324254485,-6.237806746627735,0.12636183784438945
-3.1078389274555605,3.3585661961280966,-0.008552113334772215,0.021642082724729686,0.0153588974175501,0.010297442586766544,0.0022381347584651086,8.9813748497028,0.02010156079449774,-6.2364104832261384,0.1165879940332212
-3.08412414922659,1.5410677015337033,-0.008552113334772215,-0.0012217304763960308,0.015533430342749533,0.029670597283903602,0.003818408819163031,8.942644944334145,0.034146840278693275,-6.2355378186001404,0.12374384396639797
-2.9649902119203797,7.517949378594622,-0.008726646259971648,-0.0033161255787892262,0.015707963267948967,0.0158824961931484,0.0046012889359846295,8.923707410880212,0.04106084595621512,-6.2339670222733465,0.13177235852557187
-3.009473447377101,1.6029609406368888,-0.008726646259971648,0.013439035240356337,0.0158824961931484,0.034732052114687155,0.0049204711614690535,8.884038186627475,0.04371400648239453,-6.23291982472215,0.13055062804917586
-2.940043448393806,1.4421494708002442,-0.008552113334772215,0.023736477827122883,0.016231562043547264,0.02652900463031381,0.0046006682876415985,8.864464753590253,0.04078274961707956,-6.231349028395355,0.13351768777756623
-2.9347230958288053,6.025018243112928,-0.008552113334772215,0.009075712110370514,0.0164060949687467,0.015184364492350668,0.007202513283566699,8.82631672757718,0.06357276278354484,-6.230301830844159,0.1488765851951163
-3.136851019027715,-6.22148796526204,-0.008377580409572781,-0.00767944870877505,0.016580627893946133,0.0164060949687467,0.003326370807495322,8.805597944607662,0.029290791977256137,-6.228556501592164,0.12479104151759457
-3.0200165568639488,-8.531223636931875,-0.008377580409572781,-0.01117010721276371,0.016755160819145562,0.031066860685499065,0.003682390288318239,8.76624362393873,0.03228087629549743,-6.227509304040967,0.1303760951239764
-3.073717185743096,1.572802476097059,-0.008552113334772215,-0.00942477796076938,0.01710422666954443,0.025830872929516076,0.006710174236273942,8.738558623713542,0.05863813103038317,-6.225763974788973,0.15027284859671178
-2.7841885847952543,5.621766821306024,-0.008552113334772215,0.00820304748437335,0.017278759594743863,0.016755160819145562,0.009146380629245532,8.71026358494748,0.07966960776234468,-6.224542244312577,0.16074482410867777
-2.9695147023044344,6.618331920437576,-0.008552113334772215,-0.0015707963267948964,0.017453292519943295,0.02600540585471551,0.00975892592238803,8.681752573481717,0.08472726997155325,-6.222622382135383,0.16982053621904827
-3.13849132314939,10.64048269767543,-0.008552113334772215,0.0033161255787892262,0.017627825445142728,0.03700098014227979,0.011170669124906031,8.643076729418032,0.09655296648250067,-6.221400651658986,0.17505652397503124
-3.2122269447182905,-3.903007013570483,-0.008726646259971648,-0.0153588974175501,0.017976891295541596,0.031241393610698498,0.006931939238072916,8.62220557227791,0.05976956247292511,-6.219306256556594,0.15917402778188286
-2.845910150009319,0.8738556830263863,-0.008726646259971648,-0.008028514559173916,0.01815142422074103,0.0158824961931484,0.010512831516537877,8.584976385839415,0.09025573535233827,-6.217909993154998,0.17453292519943295
-2.802992043466644,8.13109396065313,-0.00890117918517108,0.003490658503988659,0.01832595714594046,0.025830872929516076,0.010923435164780415,8.56637052706876,0.09357791502992249,-6.215815598052605,0.18779742751458986
-3.003382963366495,-1.8606672778921034,-0.00890117918517108,-0.018675022996339326,0.018500490071139894,0.015009831567151233,0.00989386125913519,8.526855982564097,0.08436628291544536,-6.2144193346510095,0.17627825445142728
-3.1903646065321754,0.900190523955442,-0.009075712110370514,-0.015009831567151233,0.018675022996339326,0.016231562043547264,0.011324314360907951,8.50921693652807,0.09636516688236614,-6.212150406623417,0.18797196043978928
-3.173599410339568,1.3021247956905977,-0.009075712110370514,-0.008726646259971648,0.019024088846738195,0.03822271061867582,0.013671131118038424,8.471550244654381,0.11582289001696254,-6.210579610296623,0.19844393595175527
-3.017142964231815,1.475913039170419,-0.00890117918517108,0.01780235837034216,0.01937315469713706,0.02775073510670984,0.012888979696728652,8.442348049412082,0.10881927856481001,-6.20831068226903,0.19984019935335076
-2.8114615610192883,5.2548493648696954,-0.00890117918517108,0.010471975511965976,0.019722220547535925,0.03508111796508603,0.015290412044628315,8.405007011831179,0.12852603692613154,-6.206739885942235,0.2085668456133224
-2.813475568699152,0.13671278537721623,-0.00890117918517108,-0.0027925268031909274,0.020071286397934793,0.04799655442984406,0.012890819668821607,8.38555596710444,0.1081026777848664,-6.204121892064244,0.20420352248333656
-3.174374045219547,8.410896808980704,-0.00890117918517108,-0.0006981317007977319,0.020594885173533087,0.053407075111026485,0.018913422790628506,8.350679590502438,0.15795876900866218,-6.202551095737448,0.23195425759004643
-3.370500867745313,-0.15002468630293594,-0.008726646259971648,0.012915436464758038,0.02111848394913139,0.03787364476827695,0.015165732610263789,8.330140797507942,0.12634237431472967,-6.199758568934258,0.2145009650701031
-2.8689712541992822,8.2676481140254,-0.008726646259971648,0.013439035240356337,0.021467549799530253,0.027401669256310976,0.02001917016974497,8.284785050773586,0.16587668165292843,-6.198013239682263,0.24329889772800953
-2.733138669455738,8.806546914186328,-0.008552113334772215,0.02076941809873252,0.02181661564992912,0.03490658503988659,0.019886442696774434,8.266958737987764,0.1644220764903136,-6.195220712879072,0.24766222085799536
-2.915241018236885,0.09370880376437998,-0.008552113334772215,-0.0022689280275926286,0.02199114857512855,0.04206243497306335,0.01969728705882269,8.228576254668878,0.16210159334307386,-6.1933008507018785,0.24137903555081577
-3.1833854444692258,3.461368104583234,-0.008552113334772215,0.018500490071139894,0.022514747350726852,0.03804817769347639,0.018207971214229866,8.209778454225289,0.1494999313830711,-6.190333790973488,0.2424262331020124
-3.2386832692190732,1.5929823080244143,-0.008377580409572781,0.020245819323134222,0.022863813201125717,0.03944444109507185,0.02169299403086261,8.173927180765778,0.17734477306903812,-6.188413928796294,0.25464353786597266
-3.1027346341569366,11.1379549332766,-0.008377580409572781,0.0013962634015954637,0.02303834612632515,0.019024088846738195,0.022635101461283665,8.147688854163443,0.1844552667161525,-6.185272336142704,0.2673844414055313
-3.0798852862589174,5.594763315697389,-0.008377580409572781,-0.0022689280275926286,0.023212879051524585,0.013439035240356337,0.024804070739297458,8.111337446234808,0.20123545899660797,-6.183177941040311,0.2726204291615143
-3.018453213843569,-0.7200360230591243,-0.008552113334772215,0.010297442586766544,0.023387411976724018,0.019547687622336492,0.0231777933804904,8.082990514673375,0.18737943929014317,-6.179861815461522,0.26965336943312396
-3.11078705613746,1.9052096786535777,-0.008726646259971648,0.012042771838760876,0.023387411976724018,0.02199114857512855,0.02540772186225537,8.046750615239525,0.20449360719571794,-6.177767420359128,0.27995081201989047
-2.8896631550781104,3.984023786082057,-0.008726646259971648,0.0033161255787892262,0.02356194490192345,0.017453292519943295,0.026111818089654626,8.02094220406192,0.20948899765910875,-6.17427676185514,0.2907718533822553
-3.0425895624345243,4.393234541030638,-0.008726646259971648,0.007330382858376184,0.02356194490192345,0.012391837689159739,0.02823851426635609,7.98497365590837,0.22554374624294457,-6.172007833827547,0.29408797896104455
-3.022338316979105,2.5607902856614455,-0.008726646259971648,-0.003490658503988659,0.023736477827122883,0.0054105206811824215,0.02882789297656765,7.959470252709635,0.22951834032580096,-6.168342642398359,0.3000220984178253
-3.075797246232278,0.4446735453341924,-0.00890117918517108,0.003665191429188092,0.023736477827122883,0.017627825445142728,0.029604833613823114,7.9225436155433435,0.23461413176098417,-6.165899181445568,0.30089476304382246
-3.25952219224339,-7.605323420520026,-0.009075712110370514,-0.0054105206811824215,0.023911010752322315,0.005934119456780721,0.026495382696190943,7.893758955880575,0.2091971192344643,-6.16223399001638,0.28989918875625814
-3.23458253858564,0.2335863899175844,-0.009075712110370514,-0.0,0.023911010752322315,0.013264502315156905,0.032344675454641314,7.8618461645998226,0.2543775769333371,-6.159790529063588,0.30997047515419296
-3.1490107358942336,5.248784806882555,-0.009075712110370514,0.009250245035569947,0.02408554367752175,0.010122909661567111,0.034137667718195555,7.837993336377983,0.26767480115922526,-6.1559508047091995,0.3279473664497345
-3.1057159340406186,6.021215758346402,-0.009075712110370514,0.00820304748437335,0.02408554367752175,0.016755160819145562,0.034871521687223773,7.801686020940426,0.2721669926638721,-6.153332810831208,0.32899456400093113
-2.9351383944895186,1.9601140084798723,-0.009075712110370514,0.016231562043547264,0.024260076602721184,0.013613568165555772,0.03402620419864258,7.775563778877039,0.26467507418071035,-6.149318553551621,0.3323106895797203
-3.1807510212790033,4.830212281767904,-0.009075712110370514,0.016580627893946133,0.024434609527920616,0.01937315469713706,0.03863262935532589,7.743406429896223,0.2992970636700577,-6.14670055967363,0.34592425774527613
-3.01634884574998,12.88112143148638,-0.009075712110370514,0.01117010721276371,0.024609142453120045,0.016231562043547264,0.03894494355305017,7.719095840785021,0.3007718282533602,-6.142511769468843,0.35395277230445005
-3.5382471354628304,5.111387300077624,-0.009075712110370514,0.006108652381980154,0.024783675378319478,0.011868238913561441,0.040052389716074235,7.673317920603387,0.3074991667906019,-6.139893775590853,0.3501130479500625
-3.1246027898128377,4.844308992928677,-0.009075712110370514,0.022689280275926284,0.024783675378319478,0.00942477796076938,0.038974392553084825,7.647674948226954,0.2982144971096328,-6.135530452460866,0.35779249665883756
-3.068300419364826,6.007264388757627,-0.009075712110370514,0.022689280275926284,0.024783675378319478,0.013264502315156905,0.04231290234507769,7.614926305245661,0.3224020636737449,-6.1327379256576755,0.3707079331235956
-3.112959497964673,-0.5132631551592219,-0.009075712110370514,-0.0022689280275926286,0.02495820830351891,0.011693705988362009,0.039997649028749964,7.588434640734312,0.3036815071448373,-6.128374602527689,0.36023595761162963
-3.3640115938679775,-0.6412108815951487,-0.009075712110370514,0.0041887902047863905,0.02495820830351891,-0.0022689280275926286,0.041948609599423634,7.554332730911745,0.3170797632593525,-6.125407542799299,0.3639011490408177
-3.7454121546843755,2.5409537409383636,-0.009075712110370514,-0.0054105206811824215,0.02495820830351891,0.003141592653589793,0.04367067144191583,7.522866554947,0.32873764173471215,-6.120869686744114,0.3820525732615587
-3.3833172553164066,7.387521398061896,-0.009250245035569947,0.010995574287564275,0.02495820830351891,0.0033161255787892262,0.0470177422954976,7.4906697209733375,0.35245413655076296,-6.117902627015724,0.3906046865963309
-3.1934206377748655,5.059538750019455,-0.009250245035569947,0.002617993877991494,0.02495820830351891,0.006108652381980154,0.04576685344975456,7.4661569871113045,0.3419412899711981,-6.1131902380353385,0.3921754829231258
-3.4615996746111004,9.830107487509684,-0.009250245035569947,-0.020594885173533087,0.02495820830351891,0.002617993877991494,0.049319742303675924,7.425112112164214,0.3665018283481681,-6.110048645381749,0.4009021291830975
-3.4310516474328256,6.623353913481948,-0.009599310885968814,-0.013962634015954637,0.02495820830351891,0.015009831567151233,0.04927495129116675,7.402530681879047,0.3650548402012439,-6.105161723476165,0.4141666314982544
-3.4665661664897343,3.6914508861456845,-0.009773843811168246,-0.0153588974175501,0.025132741228718343,0.022689280275926284,0.05030786752752634,7.358075101916494,0.3704816686371421,-6.102020130822575,0.40858157789187255
-3.4323942638233595,3.5519425052703872,-0.009948376736367679,-0.009773843811168246,0.025132741228718343,0.007330382858376184,0.04768503958392242,7.332176606717843,0.34990038044915694,-6.097133208916992,0.4026474584350918
-3.282162512202496,5.981520640524612,-0.010122909661567111,-0.0022689280275926286,0.02530727415391778,0.02408554367752175,0.05376969428910971,7.2954638861728185,0.392653346317437,-6.093642550413002,0.4241150082346221
-3.3299871261051144,0.735377999242929,-0.010297442586766544,-0.017278759594743863,0.02530727415391778,0.013613568165555772,0.04987508007688394,7.268076251912381,0.36279675680065876,-6.0887556285074185,0.4150392961242516
-3.5950529958169986,-3.1627813396166564,-0.01064650843716541,-0.006108652381980154,0.02548180707911721,0.01117010721276371,0.052080532306987476,7.225985167152866,0.3766737765834797,-6.08526497000343,0.415213829049451
-3.496782002832407,-5.4496551296095905,-0.010821041362364843,-0.010297442586766544,0.02548180707911721,-0.005759586531581287,0.052076845646217874,7.20457963368399,0.3755313229701895,-6.080203515172646,0.4202752838802346
-3.073433401298174,4.504953246883959,-0.010995574287564275,-0.006981317007977318,0.02548180707911721,-0.009948376736367679,0.05690900620853364,7.1672416207625576,0.4083214945225191,-6.076538323743458,0.4401720373529699
-3.3441128550242327,9.402458831000661,-0.01117010721276371,-0.0012217304763960308,0.02530727415391778,-0.01117010721276371,0.05853248577263244,7.138486838430672,0.41831120709075853,-6.071302335987475,0.44889868361294155
-3.2662370269435224,2.216123535250568,-0.011344640137963142,0.003839724354387525,0.025132741228718343,-0.02129301687433082,0.05925127659592447,7.105110984095796,0.42148024380820864,-6.067811677483487,0.4469788214357478
-3.350437391894593,3.8822261464599146,-0.011693705988362009,-0.004886921905584123,0.02495820830351891,-0.010995574287564275,0.05808874602158088,7.072770747283573,0.41131111707650475,-6.062401156802304,0.4431390970813603
-3.3508298568882524,2.8100266643265974,-0.011693705988362009,0.0010471975511965976,0.024783675378319478,-0.017453292519943295,0.061833236345431794,7.034390343957746,0.43551430328551277,-6.058735965373115,0.45256387504212964
-3.4587777001644135,-8.638797353642618,-0.011693705988362009,-0.007155849933176752,0.024434609527920616,-0.02548180707911721,0.0572260845661694,7.017287890735138,0.40201084445320484,-6.053325444691933,0.4370304446993801
-3.285295149435604,-1.9327109189276634,-0.011868238913561441,0.019024088846738195,0.024260076602721184,-0.0024434609527920616,0.06286129148021627,6.971570385307623,0.43882007570544973,-6.049660253262745,0.44924774946334045
-3.294469772703794,4.059473248526029,-0.011868238913561441,0.009075712110370514,0.02408554367752175,-0.0164060949687467,0.0640230298096822,6.954359440116258,0.4458484982587423,-6.044075199656364,0.4654793115068877
-3.592116321436328,7.365512066045778,-0.011868238913561441,0.0005235987755982988,0.023911010752322315,-0.016231562043547264,0.06983244736638183,6.909848075408141,0.4833175015606842,-6.040410008227176,0.47734755042044913
-3.282053445874837,6.677795505927821,-0.011868238913561441,0.007853981633974483,0.023736477827122883,-0.006108652381980154,0.06696504918186773,6.885701322477249,0.4617918079031629,-6.034824954620793,0.4717624968140673
-3.318854521081395,17.608497271902426,-0.011868238913561441,0.020943951023931952,0.02356194490192345,-0.014137166941154071,0.07247875712151187,6.851279202810291,0.497443558415145,-6.031159763191606,0.4888667234836117
-3.5727733589521797,-1.1922455541523225,-0.011868238913561441,0.014311699866353503,0.023387411976724018,-0.006981317007977318,0.06690708967646906,6.82239487752997,0.4571489408937907,-6.025574709585223,0.46233771885329794
-3.327508682007432,7.809307630134487,-0.011693705988362009,0.012915436464758038,0.023212879051524585,-0.006457718232379019,0.07424384093333858,6.781645471643227,0.5044225656903005,-6.021734985230835,0.4862487296056202
-3.2672716773428987,12.110635711088785,-0.011693705988362009,0.010471975511965976,0.023212879051524585,-0.006806784082777886,0.07255407725683873,6.760871026506022,0.491391304888412,-6.015800865774056,0.4927064478379992
-3.509454668046579,-0.11265989092752657,-0.011693705988362009,0.008377580409572781,0.02303834612632515,-0.004886921905584123,0.07258998790272077,6.717217908544965,0.4884610185072174,-6.011961141419667,0.48205993940083386
-3.7061152946553615,4.254993210553289,-0.011693705988362009,0.016929693744344994,0.022863813201125717,-0.003490658503988659,0.07254409767027988,6.69903431422553,0.48682970350736926,-6.0062015548880865,0.4916592502868027
-3.4986253195595185,11.020956225153217,-0.011693705988362009,0.014486232791552936,0.022863813201125717,-0.009250245035569947,0.07741278362819345,6.654410442009712,0.5161679344736329,-6.002361830533699,0.5002113636215748
-3.5800388682250848,8.888296770405711,-0.011519173063162575,0.0013962634015954637,0.022689280275926284,-0.007330382858376184,0.07587283354752349,6.634465912385309,0.5043438827352176,-5.996427711076918,0.49986229777117597
-3.4291850628687217,4.660972155483784,-0.011693705988362009,0.007155849933176752,0.022514747350726852,-0.012740903539558606,0.07877919390518125,6.597029758122501,0.5207864942070465,-5.992413453797331,0.5012585611727715
